[[0,
  1111,
  2949,
  4866,
  5819,
  5490,
  6121,
  4343,
  2192,
  4493,
  3689,
  3992,
  1816,
  4148,
  4342,
  1675,
  1509,
  4983,
  1603,
  1399,
  1231,
  1709,
  2429,
  2505,
  3663,
  1242,
  5333,
  5110,
  5105,
  1338,
  2565,
  4108,
  4338,
  2574,
  1995,
  2277,
  2288,
  5692,
  840,
  9099,
  3524,
  4216,
  4766,
  1455,
  3435,
  2294,
  2065,
  5553,
  1136,
  4436,
  857,
  1945,
  2807,
  960,
  5054,
  4575,
  2115,
  2402,
  925,
  4017,
  2699,
  4082,
  4729,
  1412,
  2299,
  4139,
  3511,
  1262,
  4840,
  4830,
  2300,
  3922,
  1795,
  2658,
  5047,
  3570,
  3692,
  1726,
  1143,
  2718,
  5356,
  4525,
  1560,
  1724,
  2065,
  4960,
  1313,
  4122,
  5303,
  1818,
  4240,
  4438,
  5636],
 [],
 [],
 [],
 [],
 [],
 [],
 [],
 [],
 [],
 [],
 [],
 [],
 [],
 [],
 [],
 [],
 [],
 [],
 [],
 [],
 [],
 [],
 [],
 [],
 [],
 [],
 [],
 [],
 [],
 [],
 [],
 [],
 [],
 [],
 [],
 [],
 [],
 [],
 [],
 [],
 [],
 [],
 [],
 [],
 [],
 [],
 [],
 [],
 [],
 [],
 [],
 [],
 [],
 [],
 [],
 [],
 [],
 [],
 [],
 [],
 [],
 [],
 [],
 [],
 [],
 [],
 [],
 [],
 [],
 [],
 [],
 [],
 [],
 [],
 [],
 [],
 [],
 [],
 [],
 [],
 [],
 [],
 [],
 [],
 [],
 [],
 [],
 [],
 [2097,
  2798,
  2666,
  4583,
  5087,
  5207,
  4478,
  4060,
  2198,
  4210,
  3406,
  3998,
  1533,
  4154,
  4059,
  143,
  1226,
  4989,
  1320,
  2539,
  2241,
  2033,
  2146,
  2222,
  3380,
  2736,
  4601,
  5116,
  6375,
  1662,
  2282,
  4114,
  5608,
  1377,
  177,
  459,
  2294,
  4961,
  2527,
  10369,
  3241,
  4222,
  4772,
  3142,
  3152,
  1657,
  1782,
  4821,
  2406,
  4442,
  2351,
  1662,
  2524,
  1284,
  4771,
  4292,
  1177,
  2119,
  2419,
  3734,
  1355,
  3799,
  4446,
  1736,
  2016,
  3856,
  3517,
  979,
  4846,
  4836,
  482,
  3639,
  1512,
  2664,
  4764,
  3287,
  3698,
  1443,
  764,
  2435,
  5073,
  4242,
  3054,
  3218,
  1782,
  4966,
  1191,
  4128,
  4347,
  0,
  4246,
  4444,
  5353],
 [5297,
  5587,
  6035,
  7279,
  2807,
  3739,
  3110,
  8159,
  3743,
  8100,
  4998,
  1873,
  5384,
  1422,
  5651,
  5509,
  4429,
  822,
  5198,
  4287,
  4376,
  3994,
  4747,
  5888,
  4972,
  4724,
  2321,
  1601,
  5179,
  4377,
  4327,
  1834,
  4270,
  5552,
  5829,
  6111,
  3661,
  2681,
  5316,
  9031,
  5458,
  1052,
  526,
  5757,
  6563,
  5272,
  5043,
  2541,
  7037,
  196,
  5140,
  4871,
  5785,
  4743,
  4664,
  4185,
  5710,
  5380,
  4682,
  7103,
  6162,
  5310,
  7736,
  4291,
  4061,
  7225,
  2357,
  4675,
  600,
  1307,
  6134,
  7529,
  4155,
  3637,
  7974,
  6656,
  1573,
  4264,
  4977,
  5696,
  4966,
  5834,
  4406,
  4242,
  5043,
  491,
  5274,
  646,
  2067,
  5652,
  0,
  198,
  5246],
 [5099,
  5389,
  5837,
  7081,
  2609,
  3541,
  2912,
  7961,
  3545,
  7902,
  4800,
  2097,
  5186,
  1224,
  5453,
  5311,
  4231,
  624,
  5000,
  4089,
  4178,
  3796,
  4549,
  5690,
  4774,
  4526,
  2123,
  1403,
  4981,
  4179,
  4129,
  1636,
  4072,
  5354,
  5631,
  5913,
  3463,
  2483,
  5118,
  8833,
  5260,
  1276,
  328,
  5559,
  6365,
  5074,
  4845,
  2343,
  6839,
  1142,
  4942,
  4673,
  5587,
  4545,
  4466,
  3987,
  5512,
  5182,
  4484,
  6905,
  5964,
  5112,
  7538,
  4093,
  3863,
  7027,
  2159,
  4477,
  402,
  1109,
  5936,
  7331,
  3957,
  3439,
  7776,
  6458,
  1797,
  4066,
  4779,
  5498,
  4768,
  5636,
  4208,
  4044,
  4845,
  293,
  5076,
  870,
  1869,
  5454,
  1271,
  0,
  5048],
 [7778,
  7183,
  3468,
  5899,
  3737,
  2359,
  4102,
  5383,
  5627,
  5533,
  2326,
  4744,
  4467,
  3932,
  2746,
  5334,
  4482,
  4579,
  4272,
  5120,
  4822,
  4440,
  3517,
  3321,
  2372,
  6973,
  3251,
  4706,
  6111,
  4823,
  5216,
  3526,
  5202,
  4635,
  5654,
  5936,
  5545,
  3673,
  7305,
  9963,
  2891,
  4380,
  4607,
  6689,
  3954,
  4355,
  4126,
  3471,
  7969,
  4437,
  7301,
  3954,
  4868,
  5192,
  833,
  1284,
  5018,
  4463,
  5128,
  4536,
  5470,
  1885,
  6356,
  4737,
  4023,
  4658,
  4241,
  4629,
  4681,
  4426,
  5959,
  4962,
  4446,
  5521,
  6594,
  4089,
  4303,
  4521,
  4802,
  4779,
  454,
  3162,
  7291,
  7455,
  4126,
  4556,
  5099,
  4286,
  3283,
  5477,
  4404,
  4439,
  0]]
