[[0,
  6426,
  2559,
  5149,
  594,
  4745,
  4998,
  5429,
  6719,
  3287,
  7942,
  957,
  4489,
  7114,
  7081,
  5248,
  5145,
  6039,
  4273,
  2276,
  8602,
  691,
  3783,
  4823,
  5184,
  4119,
  4914,
  6461,
  6382,
  4637,
  4683,
  431,
  7993,
  3962,
  5306,
  4324,
  8522,
  4405,
  4480,
  4809,
  1934,
  8247,
  491,
  6016,
  1502,
  5437,
  231,
  1870,
  6546,
  934,
  5795,
  4918,
  4642,
  4093,
  6903,
  4341],
 [7026,
  0,
  7361,
  4708,
  8281,
  3640,
  4260,
  4324,
  293,
  6906,
  2303,
  6280,
  5255,
  2059,
  2773,
  4143,
  2056,
  640,
  3190,
  7320,
  4619,
  6538,
  4742,
  4382,
  5966,
  4679,
  1825,
  35,
  3847,
  5285,
  1901,
  8466,
  3121,
  4675,
  3072,
  5195,
  2556,
  4569,
  5246,
  5597,
  7621,
  4264,
  6880,
  3194,
  6825,
  1641,
  8679,
  7846,
  2647,
  8189,
  959,
  3813,
  4201,
  4257,
  5342,
  2411],
 [2559,
  5288,
  0,
  2590,
  3153,
  3930,
  2448,
  4614,
  5581,
  728,
  5392,
  1813,
  1930,
  4564,
  6207,
  4433,
  3743,
  4637,
  2871,
  469,
  5013,
  2071,
  1224,
  2264,
  2625,
  1560,
  3512,
  5323,
  3832,
  2078,
  3281,
  2990,
  7178,
  1403,
  4491,
  2012,
  5972,
  4565,
  1921,
  2250,
  770,
  4658,
  2413,
  3466,
  1365,
  4035,
  2790,
  995,
  3996,
  3493,
  4393,
  4103,
  2083,
  4253,
  3314,
  2939],
 [4428,
  3620,
  2379,
  0,
  6288,
  3211,
  2474,
  3895,
  3913,
  2100,
  4069,
  3682,
  1724,
  3372,
  4539,
  3714,
  2075,
  2969,
  1203,
  2338,
  5784,
  3940,
  1732,
  1411,
  2419,
  1726,
  1844,
  3655,
  3858,
  1225,
  1613,
  6473,
  4887,
  1722,
  2492,
  1159,
  4359,
  1587,
  1715,
  2070,
  2639,
  5429,
  4282,
  3260,
  3234,
  2367,
  6686,
  2864,
  3960,
  6196,
  2725,
  3384,
  1230,
  3257,
  4085,
  1271],
 [1127,
  7652,
  3049,
  5639,
  0,
  5971,
  6224,
  6655,
  7945,
  3777,
  9168,
  1447,
  4979,
  8340,
  9638,
  6474,
  6371,
  7265,
  5499,
  2766,
  9828,
  1181,
  4273,
  5313,
  5674,
  4609,
  6140,
  7687,
  7608,
  5127,
  5909,
  203,
  9219,
  4452,
  6532,
  4814,
  9748,
  5631,
  4970,
  5299,
  2424,
  9473,
  981,
  7242,
  1992,
  6663,
  416,
  2360,
  7772,
  340,
  7021,
  6144,
  5132,
  5319,
  8129,
  5567],
 [4675,
  5190,
  4424,
  3719,
  5930,
  0,
  3672,
  684,
  4887,
  3969,
  4025,
  3929,
  3688,
  4370,
  3000,
  503,
  3073,
  4798,
  2201,
  4383,
  7863,
  4187,
  4465,
  3393,
  4383,
  4801,
  2842,
  5225,
  5056,
  3189,
  2611,
  6115,
  3328,
  4644,
  917,
  3123,
  5357,
  3666,
  3679,
  4034,
  4684,
  7508,
  4529,
  5505,
  5279,
  3365,
  6328,
  4909,
  4958,
  5838,
  4462,
  173,
  3212,
  3354,
  6164,
  2269],
 [6062,
  4910,
  4013,
  3603,
  6656,
  4765,
  0,
  5449,
  5203,
  3138,
  4169,
  5316,
  2035,
  3341,
  4639,
  5268,
  3828,
  5550,
  2757,
  3972,
  2781,
  5574,
  2899,
  3277,
  2677,
  2838,
  3597,
  4945,
  2609,
  2698,
  3366,
  6493,
  4987,
  2681,
  4046,
  2608,
  4749,
  2955,
  2026,
  1736,
  4273,
  2426,
  5916,
  2243,
  4868,
  4409,
  6293,
  4498,
  2773,
  6996,
  5186,
  4938,
  3096,
  6319,
  1082,
  3024],
 [5289,
  4580,
  5038,
  4333,
  6544,
  943,
  4286,
  0,
  4277,
  4583,
  3415,
  4543,
  4302,
  4984,
  3640,
  385,
  3687,
  4188,
  2815,
  4997,
  7570,
  4801,
  5079,
  4007,
  4997,
  5415,
  3456,
  4615,
  5670,
  3803,
  3225,
  6729,
  3968,
  5258,
  1531,
  3737,
  5971,
  3373,
  4293,
  4648,
  5298,
  7215,
  5143,
  6119,
  5893,
  3979,
  6942,
  5523,
  5572,
  6452,
  3852,
  667,
  3826,
  3968,
  5871,
  2883],
 [6733,
  930,
  7068,
  4415,
  7988,
  3347,
  4554,
  4031,
  0,
  6613,
  2010,
  5987,
  5549,
  2353,
  2480,
  3850,
  1763,
  347,
  2897,
  7027,
  4913,
  6245,
  4449,
  4089,
  6260,
  4386,
  1532,
  965,
  4141,
  3885,
  1608,
  8173,
  2828,
  4382,
  2779,
  5489,
  3340,
  4276,
  5540,
  5891,
  7328,
  4558,
  6587,
  3488,
  6532,
  1348,
  8386,
  7553,
  2941,
  7896,
  666,
  3520,
  3908,
  3964,
  6774,
  2118],
 [2924,
  4963,
  875,
  1582,
  3518,
  3499,
  2123,
  4183,
  5256,
  0,
  5412,
  2178,
  1605,
  4239,
  6419,
  4002,
  3418,
  4312,
  2546,
  834,
  4688,
  2436,
  899,
  1939,
  2300,
  1235,
  3187,
  4998,
  3507,
  1753,
  2956,
  3355,
  6747,
  1078,
  4060,
  1687,
  5647,
  4523,
  1596,
  1925,
  1135,
  4333,
  2778,
  3141,
  1730,
  3710,
  3155,
  1360,
  3671,
  3858,
  4068,
  3672,
  1758,
  4211,
  2989,
  2614],
 [5279,
  2287,
  5614,
  2961,
  6534,
  1893,
  3415,
  2577,
  1848,
  5159,
  0,
  4533,
  4404,
  3081,
  1004,
  2396,
  2491,
  1730,
  1443,
  5573,
  7019,
  4791,
  2995,
  2635,
  3625,
  2932,
  2260,
  2322,
  4869,
  2431,
  2336,
  6719,
  1352,
  2928,
  1325,
  2365,
  4068,
  2822,
  4395,
  5921,
  5874,
  6664,
  5133,
  4216,
  5078,
  2076,
  6932,
  6099,
  3669,
  6442,
  1394,
  2066,
  2454,
  2510,
  5320,
  2846],
 [1114,
  6840,
  1602,
  4192,
  1708,
  5532,
  4050,
  6216,
  6570,
  2330,
  7339,
  0,
  3532,
  6166,
  7809,
  6035,
  5295,
  6189,
  4473,
  1319,
  6615,
  626,
  2826,
  3866,
  4227,
  3162,
  5064,
  6875,
  5434,
  3680,
  4833,
  1545,
  8780,
  3005,
  6093,
  3614,
  7574,
  4243,
  3523,
  3852,
  977,
  6260,
  968,
  5068,
  545,
  5587,
  1345,
  913,
  5598,
  2048,
  5945,
  5705,
  3685,
  3931,
  4916,
  4541],
 [4870,
  4168,
  2821,
  1568,
  5464,
  5445,
  797,
  6129,
  3898,
  1946,
  3741,
  4124,
  0,
  2913,
  4211,
  5948,
  2623,
  3517,
  1751,
  2780,
  2953,
  4382,
  1578,
  1242,
  1003,
  731,
  2392,
  4203,
  2181,
  663,
  2161,
  5301,
  4559,
  727,
  3040,
  573,
  4321,
  2449,
  299,
  654,
  3081,
  2598,
  4724,
  1815,
  3676,
  2915,
  5101,
  3306,
  2345,
  5804,
  3273,
  5618,
  1061,
  4284,
  1886,
  1819],
 [7996,
  1569,
  5947,
  4676,
  9160,
  3828,
  2650,
  4512,
  1862,
  5072,
  3189,
  7250,
  3645,
  0,
  3659,
  4331,
  1934,
  2089,
  3142,
  5906,
  3009,
  7508,
  4704,
  4350,
  4356,
  4248,
  1703,
  1604,
  2237,
  3675,
  1779,
  9345,
  4007,
  4244,
  3260,
  3585,
  1408,
  4273,
  3636,
  4386,
  6207,
  2654,
  7850,
  1584,
  6802,
  1068,
  9558,
  6432,
  1037,
  9068,
  1845,
  4001,
  4169,
  5143,
  3732,
  2289],
 [6193,
  2617,
  6528,
  3981,
  7448,
  2807,
  4329,
  3491,
  2314,
  6073,
  1470,
  5447,
  5318,
  3624,
  0,
  3310,
  3034,
  2273,
  2300,
  6487,
  6184,
  5705,
  4015,
  3655,
  6029,
  3952,
  2803,
  2652,
  5412,
  3451,
  2879,
  7633,
  871,
  3948,
  2126,
  3385,
  4611,
  3736,
  5309,
  6835,
  6788,
  5829,
  6047,
  4759,
  5992,
  2619,
  7846,
  7013,
  4212,
  7356,
  1937,
  2980,
  3474,
  3424,
  6234,
  3389],
 [5286,
  4577,
  5035,
  4493,
  6541,
  940,
  4870,
  181,
  4274,
  4580,
  3412,
  4540,
  4462,
  4981,
  3637,
  0,
  3684,
  4185,
  2812,
  4994,
  8474,
  4798,
  5076,
  4167,
  5157,
  5412,
  3453,
  4612,
  6254,
  3963,
  3222,
  6726,
  3965,
  5255,
  1528,
  3897,
  5968,
  4277,
  4453,
  4808,
  5295,
  8119,
  5140,
  6116,
  5890,
  3976,
  6939,
  5520,
  5569,
  6449,
  3849,
  664,
  3986,
  3965,
  5868,
  2880],
 [6717,
  1545,
  7052,
  5524,
  7972,
  3331,
  3498,
  4015,
  1275,
  5920,
  1994,
  5971,
  4493,
  1297,
  2464,
  3834,
  0,
  894,
  1947,
  7011,
  3857,
  6229,
  5552,
  5198,
  5204,
  5096,
  508,
  1580,
  3085,
  4523,
  584,
  8157,
  2812,
  5092,
  2763,
  4433,
  2284,
  4260,
  4484,
  5234,
  7312,
  3502,
  6571,
  2432,
  6516,
  292,
  8370,
  7537,
  1885,
  7880,
  650,
  3504,
  5017,
  3948,
  4580,
  1094],
 [6386,
  1212,
  6721,
  3967,
  7641,
  3000,
  4207,
  3684,
  1036,
  6266,
  1663,
  5640,
  5202,
  2006,
  2133,
  3503,
  1416,
  0,
  2493,
  6680,
  4566,
  5898,
  4208,
  3848,
  5913,
  4145,
  1185,
  1247,
  3794,
  5232,
  1261,
  7826,
  2481,
  4141,
  2432,
  5142,
  2993,
  3929,
  5193,
  7028,
  6981,
  4211,
  6240,
  3141,
  6185,
  1001,
  8039,
  7206,
  2594,
  7549,
  319,
  3173,
  3667,
  3617,
  5289,
  1771],
 [4912,
  2557,
  3909,
  2632,
  6167,
  1637,
  2422,
  2321,
  2287,
  3034,
  1495,
  4166,
  2601,
  2309,
  1965,
  2140,
  1012,
  1906,
  0,
  3868,
  4869,
  4424,
  2666,
  2306,
  3296,
  2603,
  781,
  2592,
  4097,
  2102,
  550,
  6352,
  2313,
  2599,
  1069,
  2036,
  3296,
  1509,
  2592,
  2947,
  4169,
  4514,
  4766,
  3444,
  4764,
  1304,
  6565,
  4394,
  2897,
  6075,
  1662,
  1810,
  2125,
  3449,
  4007,
  208],
 [2090,
  5713,
  425,
  3015,
  2684,
  4355,
  2873,
  5039,
  5443,
  1153,
  5817,
  1344,
  2355,
  4989,
  6287,
  4858,
  4168,
  5062,
  3296,
  0,
  5438,
  1602,
  1649,
  2689,
  3050,
  1985,
  3937,
  5748,
  4257,
  2503,
  3706,
  2521,
  6635,
  1828,
  4916,
  2437,
  6397,
  4990,
  2346,
  2675,
  301,
  5083,
  1944,
  3891,
  896,
  4460,
  2321,
  526,
  4421,
  3024,
  4818,
  4528,
  2508,
  4678,
  3739,
  3364],
 [7554,
  4439,
  5376,
  4966,
  8148,
  8129,
  2916,
  8684,
  4732,
  4501,
  6059,
  6679,
  3398,
  2870,
  6529,
  8503,
  4804,
  4959,
  4360,
  5335,
  0,
  7066,
  4262,
  4640,
  4040,
  4201,
  4573,
  4474,
  1002,
  4061,
  4649,
  9657,
  6877,
  4044,
  5692,
  3971,
  4278,
  4646,
  3389,
  3099,
  5636,
  585,
  7408,
  1772,
  6231,
  3938,
  7785,
  5861,
  2250,
  9380,
  4715,
  8173,
  4459,
  8013,
  2327,
  5159],
 [488,
  6789,
  2227,
  4817,
  1082,
  5108,
  5361,
  5792,
  6519,
  2955,
  8305,
  625,
  4157,
  7477,
  8065,
  5611,
  5244,
  6138,
  4372,
  1944,
  8965,
  0,
  3451,
  4491,
  4852,
  3787,
  5013,
  6824,
  8771,
  4305,
  4782,
  919,
  8356,
  3630,
  5669,
  4239,
  7528,
  4768,
  4148,
  4477,
  1602,
  8610,
  342,
  5693,
  1170,
  5536,
  719,
  1538,
  6223,
  1422,
  5894,
  5281,
  4310,
  4456,
  7266,
  4440],
 [3292,
  4498,
  1208,
  1800,
  3886,
  3867,
  1708,
  4551,
  4228,
  368,
  4652,
  2546,
  1190,
  3824,
  5122,
  4370,
  2953,
  3847,
  2081,
  1202,
  4673,
  2804,
  0,
  1474,
  1885,
  820,
  2722,
  4533,
  3092,
  1288,
  2491,
  6457,
  5470,
  663,
  4428,
  1222,
  5232,
  4502,
  1181,
  1910,
  1503,
  4318,
  3146,
  2726,
  2098,
  3245,
  3523,
  1728,
  3256,
  6180,
  3603,
  4040,
  1293,
  4190,
  2974,
  2149],
 [4213,
  3946,
  2129,
  326,
  6587,
  4182,
  2027,
  4866,
  3676,
  1885,
  4395,
  3467,
  1509,
  4143,
  4865,
  4685,
  2401,
  3295,
  1529,
  2123,
  4183,
  3725,
  1517,
  0,
  2204,
  1511,
  2170,
  3981,
  3411,
  1010,
  1939,
  6772,
  5213,
  1507,
  2818,
  944,
  4685,
  1913,
  1500,
  1855,
  2424,
  3828,
  4067,
  3045,
  3019,
  2693,
  6985,
  2649,
  3575,
  6495,
  3051,
  4355,
  1015,
  3042,
  4411,
  1597],
 [4896,
  5546,
  2812,
  2632,
  5490,
  5471,
  1861,
  6155,
  4962,
  1972,
  4805,
  4150,
  1064,
  3977,
  5275,
  5974,
  3687,
  4581,
  2815,
  2806,
  3530,
  4408,
  1733,
  2306,
  0,
  1632,
  3456,
  5581,
  3336,
  1727,
  3225,
  5327,
  5623,
  1475,
  4104,
  1637,
  5385,
  3513,
  1055,
  767,
  3107,
  3175,
  4750,
  2879,
  3702,
  3979,
  5127,
  3332,
  3409,
  7784,
  4337,
  5644,
  2125,
  5492,
  1831,
  2883],
 [4961,
  4573,
  2877,
  1659,
  5555,
  5536,
  888,
  6220,
  3989,
  2037,
  3832,
  4215,
  370,
  3004,
  4302,
  6039,
  2714,
  3608,
  1842,
  2871,
  3044,
  4473,
  1669,
  1333,
  1065,
  0,
  2483,
  4608,
  2272,
  754,
  2252,
  5392,
  4650,
  818,
  3131,
  664,
  4412,
  2540,
  361,
  716,
  3172,
  2689,
  4815,
  1906,
  3767,
  3006,
  5192,
  3397,
  2436,
  7849,
  3364,
  5709,
  1152,
  4375,
  1977,
  1910],
 [6948,
  1776,
  7283,
  5755,
  8203,
  3562,
  3729,
  4246,
  1506,
  6151,
  2225,
  6202,
  4724,
  1528,
  2695,
  4065,
  231,
  1125,
  2178,
  7242,
  4088,
  6460,
  5783,
  5429,
  5435,
  5327,
  0,
  1811,
  3316,
  4754,
  815,
  8388,
  3043,
  5323,
  2994,
  4664,
  2515,
  4491,
  4715,
  5465,
  7543,
  3733,
  6802,
  2663,
  6747,
  523,
  8601,
  7768,
  2116,
  8111,
  881,
  3735,
  5248,
  4179,
  4811,
  1325],
 [6991,
  561,
  7326,
  4572,
  8246,
  3605,
  4225,
  4289,
  258,
  6871,
  2268,
  6245,
  5220,
  2024,
  2738,
  4108,
  2021,
  605,
  3098,
  7285,
  4584,
  6503,
  4813,
  4453,
  5931,
  5823,
  1790,
  0,
  3812,
  5250,
  1866,
  8431,
  3086,
  5819,
  3037,
  5160,
  2521,
  4534,
  5211,
  5961,
  7586,
  4229,
  6845,
  3159,
  6790,
  1606,
  8644,
  7811,
  2612,
  8154,
  924,
  3778,
  4272,
  4222,
  5307,
  2376],
 [7015,
  3437,
  5098,
  3862,
  8270,
  6110,
  1836,
  6794,
  3730,
  4258,
  5057,
  6269,
  2831,
  1868,
  5527,
  6199,
  3802,
  3957,
  3158,
  5092,
  772,
  6527,
  3890,
  3536,
  3542,
  3434,
  3571,
  3472,
  0,
  2861,
  3647,
  8455,
  5875,
  3430,
  4490,
  2771,
  3276,
  3459,
  2822,
  2908,
  5393,
  417,
  6869,
  770,
  5988,
  2936,
  8668,
  5618,
  1248,
  8178,
  3713,
  5869,
  3355,
  7011,
  2136,
  4157],
 [4462,
  4702,
  2378,
  1788,
  5056,
  5037,
  1017,
  5721,
  4995,
  1538,
  3961,
  3716,
  499,
  3133,
  4431,
  5540,
  3317,
  4211,
  1971,
  2372,
  3173,
  3974,
  1170,
  1462,
  1194,
  922,
  3086,
  4737,
  2401,
  0,
  2855,
  4893,
  4779,
  918,
  3260,
  793,
  4541,
  2498,
  490,
  845,
  2673,
  2818,
  4316,
  2035,
  3268,
  4201,
  4693,
  2898,
  2565,
  7350,
  3967,
  5210,
  1281,
  5058,
  2106,
  2513],
 [7179,
  2007,
  7514,
  3377,
  8434,
  2382,
  3960,
  3066,
  1737,
  3779,
  2456,
  6433,
  4955,
  1759,
  2926,
  2885,
  462,
  1356,
  1696,
  7473,
  4319,
  6691,
  3411,
  3051,
  5666,
  3348,
  231,
  2042,
  3547,
  4985,
  0,
  8619,
  3274,
  3344,
  1814,
  4895,
  2746,
  4722,
  4946,
  5696,
  7774,
  3964,
  7033,
  2894,
  6978,
  754,
  8832,
  7999,
  2347,
  8342,
  1112,
  2555,
  2870,
  4410,
  5042,
  843],
 [924,
  7225,
  2846,
  5436,
  596,
  5544,
  5294,
  6228,
  6955,
  3574,
  8031,
  1244,
  4776,
  7410,
  8501,
  6047,
  5680,
  6574,
  4808,
  2563,
  9401,
  978,
  4070,
  5110,
  5471,
  4406,
  5449,
  7260,
  6678,
  4924,
  5218,
  0,
  8792,
  4249,
  6105,
  4858,
  7964,
  5204,
  4767,
  5096,
  2221,
  9046,
  778,
  6312,
  1789,
  5972,
  213,
  2157,
  6842,
  936,
  6330,
  5717,
  4929,
  4892,
  7702,
  4876],
 [5358,
  2100,
  5658,
  3146,
  6613,
  1972,
  3494,
  2656,
  1661,
  5238,
  635,
  4612,
  6299,
  2894,
  817,
  2475,
  2304,
  1543,
  1465,
  5652,
  5454,
  4870,
  3180,
  2820,
  3810,
  3117,
  2073,
  2135,
  4682,
  2616,
  2149,
  6798,
  0,
  3113,
  1404,
  2550,
  3881,
  2901,
  3106,
  6000,
  5589,
  5099,
  5212,
  4029,
  5157,
  1889,
  7011,
  5525,
  3482,
  6521,
  1207,
  2145,
  2639,
  2589,
  5399,
  2659],
 [3544,
  4316,
  1460,
  1618,
  4138,
  4119,
  2123,
  4803,
  4046,
  620,
  5067,
  2798,
  1605,
  4239,
  5537,
  4622,
  2771,
  3665,
  1899,
  1454,
  4482,
  3056,
  252,
  1292,
  2300,
  667,
  2540,
  4351,
  3507,
  1106,
  2309,
  3975,
  5885,
  0,
  4680,
  1040,
  5647,
  2606,
  1596,
  1719,
  1755,
  4127,
  3398,
  3141,
  2350,
  3063,
  3775,
  1980,
  3671,
  4478,
  3421,
  4292,
  1111,
  4442,
  2783,
  1967],
 [4473,
  3074,
  4749,
  2990,
  5728,
  719,
  2475,
  1403,
  2771,
  3392,
  1909,
  3727,
  2959,
  3478,
  2379,
  1222,
  2181,
  2682,
  1309,
  4743,
  6064,
  3985,
  3024,
  2664,
  3654,
  2961,
  1950,
  3109,
  3859,
  2460,
  1719,
  5913,
  2727,
  2957,
  0,
  2394,
  4465,
  1867,
  2950,
  3305,
  5044,
  5709,
  4327,
  4613,
  5639,
  2473,
  6126,
  5269,
  4066,
  5636,
  2346,
  892,
  2483,
  2485,
  4365,
  1377],
 [4316,
  3586,
  2232,
  995,
  4910,
  4891,
  1482,
  5575,
  3316,
  1392,
  4035,
  3570,
  964,
  3598,
  4505,
  5394,
  2041,
  2935,
  1169,
  2226,
  3638,
  3828,
  1024,
  669,
  1659,
  966,
  1810,
  3621,
  2866,
  465,
  1579,
  4747,
  4853,
  962,
  2458,
  0,
  4325,
  1876,
  955,
  1310,
  2527,
  3283,
  4170,
  2500,
  3122,
  2333,
  4547,
  2752,
  3030,
  5250,
  2691,
  5064,
  488,
  3711,
  2600,
  1237],
 [7187,
  161,
  7522,
  6285,
  8442,
  3801,
  4259,
  4485,
  454,
  7067,
  2464,
  6441,
  5254,
  2058,
  2934,
  4304,
  2217,
  801,
  3294,
  7481,
  4618,
  6699,
  6313,
  5959,
  5965,
  5857,
  1986,
  196,
  3846,
  5284,
  2062,
  8627,
  3394,
  5853,
  3233,
  5194,
  0,
  4730,
  5245,
  5995,
  7782,
  4263,
  7041,
  3193,
  8377,
  1802,
  8840,
  8007,
  2646,
  8350,
  1120,
  3974,
  5778,
  4418,
  5341,
  2572],
 [5368,
  3955,
  3376,
  2139,
  6623,
  3546,
  593,
  4230,
  3685,
  2536,
  3537,
  4622,
  3398,
  2709,
  4007,
  4049,
  2410,
  3304,
  1538,
  3370,
  4197,
  4880,
  2168,
  1813,
  4040,
  2110,
  2179,
  3990,
  1977,
  1609,
  1948,
  6808,
  4355,
  2106,
  2827,
  1543,
  4117,
  0,
  3389,
  3099,
  3671,
  3842,
  5222,
  1611,
  4266,
  2702,
  7021,
  3896,
  2141,
  6531,
  3060,
  3719,
  1632,
  4855,
  2498,
  1606],
 [4879,
  4677,
  2795,
  1577,
  5473,
  5454,
  806,
  6138,
  4407,
  1955,
  3750,
  4133,
  9,
  2922,
  4220,
  5957,
  3132,
  4026,
  2260,
  2789,
  2962,
  4391,
  1587,
  1251,
  1012,
  740,
  2901,
  4712,
  2190,
  672,
  2670,
  5310,
  4568,
  736,
  3549,
  582,
  4330,
  2458,
  0,
  663,
  3090,
  2607,
  4733,
  1824,
  3685,
  3424,
  5110,
  3315,
  2354,
  5813,
  3782,
  5627,
  1070,
  4293,
  2099,
  2328],
 [5169,
  4781,
  3085,
  1867,
  5763,
  5744,
  1096,
  6428,
  4697,
  2245,
  4040,
  4423,
  299,
  3212,
  4510,
  6247,
  3422,
  4316,
  2550,
  3079,
  3252,
  4681,
  1877,
  1541,
  941,
  1030,
  3191,
  4816,
  2480,
  962,
  2960,
  5600,
  4858,
  1026,
  3839,
  872,
  4620,
  2748,
  290,
  0,
  3380,
  2897,
  5023,
  2114,
  3975,
  3714,
  5400,
  3605,
  2644,
  6103,
  4072,
  5917,
  1360,
  4583,
  1994,
  2618],
 [2008,
  6422,
  625,
  3215,
  2602,
  4555,
  3073,
  5239,
  6152,
  1353,
  7042,
  1262,
  2555,
  5189,
  7512,
  5058,
  4877,
  5771,
  4005,
  342,
  5638,
  1520,
  1849,
  2889,
  3250,
  2185,
  4646,
  6457,
  4457,
  2703,
  4415,
  2439,
  7803,
  2028,
  5116,
  2637,
  6597,
  5190,
  2546,
  2875,
  0,
  5283,
  1862,
  4091,
  814,
  5169,
  2239,
  444,
  4621,
  2942,
  5527,
  4728,
  2708,
  4878,
  3939,
  4073],
 [7215,
  3854,
  5002,
  4279,
  8687,
  6113,
  2253,
  6797,
  4147,
  4162,
  5474,
  6686,
  3059,
  2285,
  5944,
  6616,
  4219,
  4374,
  3575,
  4996,
  355,
  6727,
  3923,
  3953,
  3701,
  3862,
  3988,
  3889,
  417,
  3278,
  4064,
  8872,
  6292,
  3705,
  4907,
  3188,
  3693,
  3876,
  3050,
  2760,
  5297,
  0,
  7069,
  1187,
  5892,
  3353,
  9085,
  5522,
  1665,
  8595,
  4130,
  6286,
  3772,
  7428,
  1988,
  4574],
 [146,
  6572,
  2705,
  5295,
  740,
  4891,
  5144,
  5575,
  6302,
  3433,
  7378,
  1103,
  4635,
  7260,
  7848,
  5394,
  5027,
  5921,
  4155,
  2422,
  8748,
  837,
  3929,
  4969,
  5330,
  4265,
  4796,
  6607,
  8554,
  4783,
  4565,
  577,
  8139,
  4108,
  5452,
  4470,
  7311,
  4551,
  4626,
  4955,
  2080,
  8393,
  0,
  6162,
  1648,
  5319,
  377,
  2016,
  6692,
  1080,
  5677,
  5064,
  4788,
  4239,
  7049,
  4223],
 [6245,
  3289,
  4328,
  3092,
  7500,
  4021,
  1066,
  4705,
  3582,
  3488,
  3888,
  5499,
  2061,
  1720,
  4358,
  4524,
  3230,
  3809,
  2388,
  4322,
  1760,
  5757,
  3120,
  2766,
  2772,
  2664,
  2999,
  3324,
  988,
  2091,
  2768,
  7685,
  4706,
  2660,
  3720,
  2001,
  3128,
  2689,
  2052,
  2802,
  4623,
  1405,
  6099,
  0,
  5218,
  2788,
  7898,
  4848,
  1152,
  7408,
  3565,
  4194,
  2585,
  5842,
  2148,
  2426],
 [1194,
  7151,
  1354,
  3944,
  1788,
  5284,
  3802,
  5968,
  6881,
  2082,
  7771,
  448,
  3284,
  5918,
  8000,
  5787,
  5606,
  6500,
  4734,
  1071,
  6367,
  706,
  2578,
  3618,
  3979,
  2914,
  5375,
  7186,
  5186,
  3432,
  5144,
  1625,
  8532,
  2757,
  5845,
  3366,
  7326,
  4323,
  3275,
  3604,
  729,
  6012,
  1048,
  4820,
  0,
  5898,
  1425,
  665,
  5350,
  2128,
  6256,
  5457,
  3437,
  4011,
  4668,
  4802],
 [7064,
  1253,
  7399,
  5232,
  8319,
  3139,
  3206,
  3823,
  1546,
  5628,
  2341,
  6318,
  4201,
  1005,
  2811,
  3642,
  1245,
  1241,
  2453,
  6462,
  3565,
  6576,
  5260,
  4906,
  4912,
  4804,
  1014,
  1288,
  2793,
  4231,
  1090,
  8504,
  3159,
  4800,
  2571,
  4141,
  1992,
  4607,
  4192,
  4942,
  7659,
  3210,
  6918,
  2140,
  6863,
  0,
  8717,
  7884,
  1593,
  8227,
  997,
  3312,
  4725,
  4295,
  4288,
  1600],
 [711,
  8380,
  2633,
  5223,
  688,
  5331,
  5584,
  6015,
  8110,
  3361,
  7818,
  1031,
  4563,
  7700,
  8047,
  5834,
  7278,
  7729,
  6406,
  2350,
  9188,
  765,
  3857,
  4897,
  5258,
  4193,
  7047,
  8415,
  8994,
  4711,
  6816,
  525,
  8579,
  4036,
  5892,
  4645,
  7751,
  4991,
  4554,
  4883,
  2008,
  8833,
  565,
  6602,
  1576,
  5759,
  0,
  1944,
  7132,
  1028,
  8051,
  5504,
  4716,
  4679,
  7489,
  4663],
 [1564,
  6815,
  1018,
  3608,
  2158,
  4948,
  3466,
  5632,
  6545,
  1746,
  7194,
  818,
  2948,
  5582,
  7664,
  5451,
  5270,
  6164,
  4398,
  735,
  6031,
  1076,
  2242,
  3282,
  3643,
  2578,
  5039,
  6850,
  4850,
  3096,
  4808,
  1995,
  8196,
  2421,
  5509,
  3030,
  7554,
  4498,
  2939,
  3268,
  393,
  5676,
  1418,
  4484,
  370,
  5562,
  1795,
  0,
  5014,
  2498,
  5920,
  5121,
  3101,
  4186,
  4332,
  4466],
 [6792,
  2665,
  4875,
  3639,
  8047,
  4924,
  1613,
  5608,
  2958,
  4035,
  4285,
  6046,
  2608,
  1096,
  4755,
  5427,
  3030,
  3185,
  3038,
  4869,
  2307,
  6304,
  3667,
  3313,
  3319,
  3211,
  2799,
  2700,
  1535,
  2638,
  2875,
  8232,
  5103,
  3207,
  4267,
  2548,
  2504,
  3236,
  2599,
  3349,
  5170,
  1952,
  6646,
  547,
  5765,
  2164,
  8445,
  5395,
  0,
  7955,
  2941,
  5097,
  3132,
  6239,
  2695,
  2973],
 [1610,
  9569,
  3532,
  5051,
  501,
  5631,
  5884,
  6315,
  7042,
  5792,
  7877,
  1930,
  6994,
  8000,
  8347,
  6134,
  7578,
  6925,
  6706,
  3249,
  9488,
  1664,
  6288,
  7328,
  7689,
  6624,
  7347,
  9604,
  7268,
  7142,
  7116,
  686,
  8879,
  6467,
  6192,
  6829,
  9408,
  5291,
  6985,
  8390,
  2907,
  9133,
  1464,
  6902,
  2475,
  7993,
  899,
  2843,
  7432,
  0,
  8351,
  5804,
  7147,
  4979,
  7789,
  6774],
 [6661,
  1935,
  6996,
  3986,
  7916,
  2991,
  3888,
  3675,
  1219,
  4388,
  1938,
  5915,
  4883,
  1687,
  2408,
  3494,
  1097,
  838,
  2305,
  6955,
  4247,
  6173,
  4020,
  3660,
  5594,
  3957,
  866,
  1970,
  3475,
  4913,
  942,
  8101,
  2756,
  3953,
  2423,
  4823,
  2674,
  4204,
  4874,
  5624,
  7256,
  3892,
  6515,
  2822,
  6460,
  682,
  8314,
  7481,
  2275,
  7824,
  0,
  3164,
  3479,
  3892,
  4970,
  1452],
 [4622,
  3913,
  4336,
  3829,
  5877,
  276,
  3314,
  511,
  3610,
  3916,
  2748,
  3876,
  5118,
  4317,
  2973,
  330,
  3020,
  3521,
  2148,
  4330,
  5455,
  4134,
  4412,
  3503,
  5813,
  4748,
  2789,
  3948,
  4698,
  3299,
  2558,
  6062,
  3301,
  4591,
  864,
  3233,
  5304,
  2706,
  5109,
  5438,
  4631,
  5100,
  4476,
  4317,
  5226,
  3312,
  6275,
  4856,
  4905,
  5785,
  3185,
  0,
  3322,
  3301,
  5204,
  2216],
 [4394,
  4127,
  2310,
  507,
  6768,
  4363,
  2687,
  5047,
  3857,
  2066,
  4576,
  3648,
  1690,
  3879,
  5046,
  4866,
  2582,
  3476,
  1710,
  2304,
  6291,
  3906,
  1698,
  181,
  2385,
  1692,
  2351,
  4162,
  4071,
  1191,
  2120,
  6953,
  5394,
  1688,
  2999,
  1125,
  4866,
  2094,
  1681,
  2036,
  2605,
  4488,
  4248,
  3705,
  3200,
  2874,
  4625,
  2830,
  4235,
  6676,
  3232,
  4536,
  0,
  3223,
  4592,
  1778],
 [5680,
  4267,
  3688,
  2451,
  6935,
  3858,
  905,
  4542,
  3997,
  2848,
  3849,
  4934,
  1897,
  3021,
  4319,
  4361,
  2722,
  3616,
  1850,
  3682,
  3061,
  5192,
  2480,
  2125,
  2608,
  2422,
  2491,
  4302,
  2289,
  1921,
  2260,
  7120,
  4667,
  2418,
  3139,
  1855,
  4429,
  312,
  1888,
  3411,
  3983,
  2706,
  5534,
  1923,
  4578,
  3014,
  7333,
  4208,
  2453,
  6843,
  3372,
  4031,
  1944,
  0,
  2810,
  1918],
 [5607,
  4505,
  3394,
  3019,
  6201,
  6182,
  969,
  6737,
  4798,
  2554,
  3913,
  4732,
  1451,
  2936,
  4383,
  6556,
  3423,
  5025,
  2413,
  3388,
  2099,
  5119,
  2315,
  2693,
  2093,
  2254,
  3192,
  4540,
  1905,
  2114,
  2961,
  7710,
  4731,
  2178,
  4491,
  2024,
  4344,
  2699,
  1442,
  1152,
  3689,
  1744,
  5461,
  1838,
  4284,
  4004,
  5838,
  3914,
  2368,
  7433,
  4781,
  6226,
  2512,
  5735,
  0,
  2619],
 [7521,
  2349,
  4689,
  3412,
  8776,
  2417,
  5557,
  3101,
  2079,
  3814,
  2798,
  6775,
  6552,
  2101,
  3268,
  2920,
  804,
  1698,
  1731,
  4648,
  4661,
  7033,
  3446,
  3086,
  7263,
  3383,
  573,
  2384,
  3889,
  2882,
  342,
  8961,
  3616,
  3379,
  1849,
  2816,
  3088,
  5064,
  6543,
  7293,
  4949,
  4306,
  7375,
  3236,
  7320,
  1096,
  9174,
  5174,
  2689,
  8684,
  1454,
  2590,
  2905,
  4752,
  6639,
  0]]
