[[0,
  2227,
  1472,
  2510,
  2123,
  1837,
  2460,
  1824,
  2332,
  2689,
  1913,
  3528,
  4115,
  4392,
  5839,
  4939,
  4682,
  3665,
  3815,
  5308,
  1588,
  3015,
  1326,
  1701,
  2213,
  1817,
  2830,
  3078,
  3673,
  3809,
  3886,
  4009,
  4717,
  3136,
  2535,
  2938,
  3967,
  3990,
  5540,
  3058,
  3600,
  2082,
  1546,
  2367,
  2633,
  573,
  2612,
  966,
  2275,
  2552,
  2219,
  1506,
  1951,
  1287,
  1002,
  3706,
  2561,
  2784,
  3323,
  4466,
  1640,
  1376,
  1503,
  2451,
  4508,
  5160,
  2543,
  2597,
  6334,
  4792,
  3642,
  966,
  3613,
  5335,
  4934,
  2651,
  1272,
  4086,
  2810,
  3082,
  588,
  3469,
  1224,
  2261,
  2724,
  2785,
  774,
  2165,
  879,
  879,
  3014,
  3289,
  1750,
  3338,
  924,
  4100,
  2404,
  2694,
  2264,
  3773],
 [2322,
  0,
  1738,
  283,
  2293,
  1604,
  1297,
  1994,
  1383,
  2752,
  3304,
  3676,
  4540,
  3189,
  4636,
  3736,
  3479,
  3527,
  3710,
  4231,
  3601,
  5028,
  4329,
  1509,
  4226,
  3830,
  1702,
  2129,
  3822,
  3341,
  4311,
  3096,
  4916,
  4359,
  3926,
  4501,
  3975,
  4189,
  4337,
  3105,
  2651,
  4095,
  2813,
  4380,
  4646,
  2995,
  4625,
  1920,
  1482,
  4565,
  2218,
  4244,
  2408,
  4290,
  3570,
  5719,
  4574,
  4797,
  5649,
  6479,
  2443,
  2446,
  1290,
  2514,
  4707,
  3957,
  4556,
  987,
  5131,
  3589,
  3785,
  2398,
  5939,
  4132,
  3731,
  4664,
  4275,
  4305,
  1861,
  1729,
  3010,
  3525,
  4394,
  4274,
  497,
  4798,
  1985,
  4178,
  2485,
  4049,
  787,
  4206,
  1942,
  3385,
  1802,
  3632,
  2467,
  467,
  1577,
  2824],
 [1379,
  1253,
  0,
  1536,
  2384,
  1695,
  988,
  2085,
  860,
  1079,
  1631,
  2019,
  3802,
  2705,
  4152,
  3252,
  2995,
  2789,
  2972,
  3621,
  1902,
  3329,
  2630,
  229,
  2527,
  2131,
  964,
  1391,
  3084,
  2603,
  3573,
  2322,
  4178,
  3621,
  2253,
  2656,
  3237,
  3451,
  3853,
  1448,
  1913,
  2396,
  1114,
  2681,
  2947,
  1211,
  2926,
  799,
  803,
  2866,
  609,
  2545,
  709,
  2591,
  1871,
  4020,
  2875,
  3098,
  3637,
  4780,
  2534,
  708,
  1381,
  841,
  3969,
  3473,
  2857,
  1298,
  4647,
  3105,
  3047,
  906,
  3927,
  3648,
  3247,
  2965,
  2576,
  3567,
  1123,
  890,
  1226,
  1833,
  2695,
  2575,
  1750,
  3099,
  1042,
  2479,
  993,
  2350,
  2040,
  3468,
  2033,
  1728,
  906,
  2894,
  794,
  1720,
  2525,
  2086],
 [2039,
  424,
  1455,
  0,
  2010,
  1321,
  1014,
  1711,
  1100,
  2469,
  3021,
  3393,
  4257,
  2906,
  4353,
  3453,
  3196,
  3244,
  3427,
  3948,
  3318,
  4745,
  4046,
  1226,
  3943,
  3547,
  1419,
  1846,
  3539,
  3058,
  4028,
  2813,
  4633,
  4076,
  3643,
  4218,
  3692,
  3906,
  4054,
  2822,
  2368,
  3812,
  2530,
  4097,
  4363,
  2712,
  4342,
  1637,
  1199,
  4282,
  1935,
  3961,
  2125,
  4007,
  3287,
  5436,
  4291,
  4514,
  5366,
  6196,
  2160,
  2163,
  1007,
  2231,
  4424,
  3674,
  4273,
  704,
  4848,
  3306,
  3502,
  2115,
  5656,
  3849,
  3448,
  4381,
  3992,
  4022,
  1578,
  1446,
  2727,
  3242,
  4111,
  3991,
  921,
  4515,
  1702,
  3895,
  2202,
  3766,
  1388,
  3923,
  1659,
  3102,
  1519,
  3349,
  2184,
  184,
  1655,
  2541],
 [2457,
  1964,
  2520,
  2247,
  0,
  1739,
  2508,
  1135,
  2165,
  3534,
  5512,
  4458,
  5322,
  4097,
  5544,
  4644,
  4387,
  4309,
  4492,
  5139,
  5187,
  6614,
  5360,
  2291,
  5812,
  5416,
  2484,
  2911,
  4604,
  4123,
  5093,
  3842,
  5698,
  5141,
  6134,
  5283,
  4757,
  4971,
  5245,
  3887,
  3433,
  5681,
  3595,
  5966,
  6232,
  3130,
  6211,
  2055,
  2323,
  6151,
  3000,
  5540,
  3190,
  5321,
  4601,
  7305,
  6160,
  6383,
  6922,
  8065,
  692,
  2758,
  1425,
  3296,
  5489,
  4865,
  6142,
  2334,
  6039,
  4497,
  4567,
  2533,
  7212,
  5040,
  4639,
  6250,
  5306,
  5087,
  2643,
  2410,
  3145,
  4307,
  4848,
  5860,
  2461,
  6384,
  2120,
  5764,
  2620,
  4613,
  1497,
  4988,
  1061,
  4167,
  1937,
  4414,
  3249,
  2431,
  707,
  3606],
 [718,
  1624,
  1115,
  1907,
  2122,
  0,
  2168,
  1823,
  1825,
  2028,
  2731,
  2968,
  4982,
  3757,
  5204,
  4304,
  4047,
  3969,
  4152,
  4799,
  2406,
  3833,
  2144,
  1344,
  3031,
  2635,
  2144,
  2571,
  4264,
  3783,
  4753,
  3502,
  5358,
  4801,
  3353,
  3756,
  4417,
  4631,
  4905,
  2397,
  3093,
  2900,
  2063,
  3185,
  3451,
  1391,
  3430,
  316,
  1983,
  3370,
  1558,
  2324,
  1658,
  2105,
  1820,
  4524,
  3379,
  3602,
  4141,
  5284,
  2272,
  1019,
  900,
  1790,
  5149,
  4525,
  3361,
  1994,
  5699,
  4157,
  4227,
  794,
  4431,
  4700,
  4299,
  3469,
  2090,
  4747,
  2303,
  2070,
  1406,
  2782,
  2042,
  3079,
  2121,
  3603,
  381,
  2983,
  881,
  1697,
  2411,
  4648,
  1771,
  2677,
  198,
  4074,
  1743,
  2091,
  2263,
  3266],
 [2377,
  809,
  982,
  1092,
  2348,
  1659,
  0,
  2049,
  824,
  1576,
  2128,
  2500,
  3364,
  1898,
  3345,
  2445,
  2188,
  2351,
  2534,
  2940,
  2425,
  3852,
  3153,
  753,
  3050,
  2654,
  469,
  953,
  2646,
  2165,
  3135,
  1805,
  3740,
  3183,
  2750,
  3325,
  2799,
  3013,
  3046,
  1929,
  1475,
  2919,
  1637,
  3204,
  3470,
  2193,
  3449,
  1975,
  185,
  3389,
  1042,
  3068,
  1232,
  3114,
  2394,
  4543,
  3398,
  3621,
  4473,
  5303,
  2498,
  1690,
  1345,
  1338,
  3531,
  2666,
  3380,
  310,
  3840,
  2298,
  2609,
  1888,
  4763,
  2841,
  2440,
  3488,
  3099,
  3129,
  685,
  432,
  2208,
  2349,
  3218,
  3098,
  1306,
  3622,
  2040,
  3002,
  1975,
  2873,
  1596,
  3030,
  1997,
  2209,
  1857,
  2456,
  1291,
  1276,
  2489,
  1648],
 [2214,
  1721,
  2277,
  2004,
  299,
  1496,
  2265,
  0,
  1922,
  3291,
  5811,
  4215,
  5079,
  3854,
  5301,
  4401,
  4144,
  4066,
  4249,
  4896,
  5486,
  6913,
  5659,
  2048,
  6111,
  5715,
  2241,
  2668,
  4361,
  3880,
  4850,
  3599,
  5455,
  4898,
  6433,
  5040,
  4514,
  4728,
  5002,
  3644,
  3190,
  5980,
  3352,
  6265,
  6531,
  2887,
  6510,
  1812,
  2080,
  6450,
  2757,
  5839,
  2947,
  5620,
  4900,
  7604,
  6459,
  6682,
  7221,
  8364,
  449,
  2515,
  1182,
  3053,
  5246,
  4622,
  6441,
  2091,
  5796,
  4254,
  4324,
  2290,
  7511,
  4797,
  4396,
  6549,
  5605,
  4844,
  2400,
  2167,
  2902,
  4064,
  5147,
  6159,
  2218,
  6683,
  1877,
  6063,
  2377,
  3193,
  1230,
  4745,
  818,
  3924,
  1694,
  4171,
  3006,
  2188,
  440,
  3363],
 [1553,
  393,
  969,
  676,
  1524,
  835,
  957,
  1225,
  0,
  1983,
  2535,
  2907,
  3771,
  2526,
  3973,
  3073,
  2816,
  2758,
  2941,
  3568,
  2832,
  4259,
  3560,
  740,
  3457,
  3061,
  933,
  1360,
  3053,
  2572,
  3542,
  2433,
  4147,
  3590,
  3157,
  3732,
  3206,
  3420,
  3674,
  2336,
  1882,
  3326,
  2044,
  3611,
  3877,
  2226,
  3856,
  1151,
  772,
  3796,
  1449,
  3475,
  1639,
  3521,
  2801,
  4950,
  3805,
  4028,
  4880,
  5710,
  1674,
  1677,
  521,
  1745,
  3938,
  3294,
  3787,
  763,
  4468,
  2926,
  3016,
  1629,
  5170,
  3469,
  3068,
  3895,
  3506,
  3536,
  1092,
  859,
  2241,
  2756,
  2877,
  3505,
  890,
  4029,
  1216,
  3409,
  1716,
  2532,
  1180,
  3437,
  1173,
  2616,
  1033,
  2863,
  1698,
  860,
  1665,
  2055],
 [2304,
  2240,
  1091,
  2523,
  3371,
  2682,
  1553,
  3072,
  1847,
  0,
  1246,
  940,
  2604,
  1477,
  2924,
  2024,
  1767,
  870,
  1214,
  2393,
  1605,
  3402,
  2703,
  1320,
  2600,
  1849,
  1203,
  1339,
  1886,
  1405,
  2375,
  1094,
  2980,
  2423,
  1868,
  1844,
  2039,
  2253,
  2625,
  369,
  715,
  2094,
  1187,
  2379,
  3020,
  2365,
  2999,
  1724,
  1368,
  2939,
  592,
  2263,
  782,
  2664,
  1944,
  4093,
  2329,
  3171,
  3421,
  4853,
  3521,
  1633,
  2324,
  238,
  2771,
  2245,
  2930,
  1863,
  3419,
  1877,
  1041,
  1831,
  3711,
  2420,
  2019,
  2663,
  2227,
  2369,
  1183,
  1455,
  2380,
  754,
  2768,
  2273,
  2737,
  3172,
  1967,
  2552,
  1918,
  2423,
  3027,
  2270,
  3020,
  649,
  1831,
  1696,
  285,
  2707,
  3512,
  888],
 [2241,
  3020,
  1871,
  3303,
  4453,
  3565,
  2333,
  4154,
  2627,
  1474,
  0,
  1615,
  2202,
  3524,
  4971,
  4071,
  3814,
  1752,
  1902,
  3704,
  709,
  2194,
  1442,
  2100,
  1337,
  953,
  1983,
  2966,
  1760,
  1896,
  1973,
  3141,
  2804,
  1223,
  622,
  1025,
  2054,
  2077,
  4672,
  2073,
  2364,
  1198,
  1300,
  1483,
  1702,
  1808,
  1947,
  2631,
  2148,
  1783,
  1372,
  1367,
  1705,
  1403,
  1387,
  2499,
  1083,
  1306,
  1845,
  3259,
  6261,
  2540,
  3231,
  1236,
  2595,
  4292,
  2072,
  2643,
  5466,
  3924,
  1729,
  2130,
  2135,
  4467,
  4066,
  2523,
  1331,
  2173,
  1963,
  2235,
  1823,
  1556,
  1612,
  1377,
  3517,
  1578,
  2507,
  1289,
  2043,
  1866,
  3807,
  1376,
  4102,
  1906,
  2986,
  2187,
  1189,
  3487,
  4292,
  2537],
 [2208,
  3190,
  2031,
  3473,
  4321,
  3632,
  2503,
  4022,
  2797,
  940,
  317,
  0,
  2938,
  1811,
  3258,
  2358,
  2101,
  1204,
  1548,
  2727,
  676,
  2201,
  1409,
  2260,
  1304,
  920,
  2153,
  1673,
  2220,
  1739,
  2709,
  1428,
  3314,
  1230,
  629,
  1032,
  2373,
  2587,
  2959,
  571,
  1049,
  1165,
  1267,
  1450,
  1724,
  1775,
  1703,
  2664,
  2318,
  1643,
  1532,
  1334,
  1722,
  1370,
  1354,
  2506,
  1090,
  1313,
  1852,
  3266,
  4471,
  2573,
  3318,
  1178,
  3105,
  2579,
  1634,
  2813,
  3753,
  2211,
  1375,
  2097,
  2142,
  2754,
  2353,
  1734,
  1298,
  2703,
  2153,
  2405,
  1790,
  1088,
  1579,
  1344,
  3687,
  1585,
  2474,
  1256,
  2010,
  1833,
  3977,
  1383,
  3970,
  291,
  3830,
  2030,
  1225,
  3657,
  4462,
  1222],
 [3643,
  4053,
  3818,
  4336,
  5184,
  4495,
  3366,
  4885,
  3660,
  2328,
  1760,
  1633,
  0,
  2557,
  4004,
  3104,
  2847,
  1672,
  1010,
  2271,
  2111,
  2463,
  2844,
  3589,
  2739,
  2355,
  3016,
  2536,
  859,
  1486,
  229,
  2711,
  1396,
  702,
  2072,
  1043,
  565,
  669,
  3705,
  2388,
  1934,
  2600,
  2702,
  2568,
  1971,
  3210,
  2216,
  4033,
  3181,
  2052,
  3375,
  2769,
  3107,
  2805,
  2789,
  2768,
  1871,
  1611,
  1109,
  3528,
  5334,
  3942,
  4181,
  2566,
  1187,
  3325,
  2341,
  4026,
  3942,
  2957,
  1406,
  3532,
  1399,
  3500,
  3099,
  2792,
  2733,
  765,
  3016,
  3268,
  3225,
  1574,
  3014,
  2779,
  4550,
  1847,
  3909,
  2691,
  3445,
  3268,
  4840,
  826,
  4833,
  1924,
  4693,
  1253,
  2613,
  4520,
  5325,
  2107],
 [4098,
  2497,
  2703,
  2780,
  5881,
  3380,
  1876,
  5582,
  2545,
  1478,
  2129,
  1812,
  2559,
  0,
  1447,
  547,
  290,
  2085,
  2268,
  898,
  2488,
  4013,
  3221,
  2474,
  4266,
  2732,
  1901,
  1421,
  1841,
  1899,
  2330,
  335,
  2935,
  2378,
  2441,
  3059,
  1994,
  2208,
  1148,
  1241,
  1209,
  2977,
  2853,
  3262,
  4686,
  4031,
  4665,
  3696,
  2066,
  4605,
  2258,
  3146,
  2448,
  3182,
  3610,
  5759,
  2902,
  4170,
  3668,
  5078,
  6031,
  3299,
  3066,
  1716,
  2726,
  768,
  4596,
  2224,
  1942,
  400,
  2343,
  3497,
  3958,
  943,
  542,
  3546,
  3110,
  2324,
  1901,
  2153,
  4046,
  1626,
  4434,
  3156,
  2994,
  3397,
  3761,
  4218,
  3584,
  4089,
  3284,
  2225,
  5530,
  1521,
  3578,
  2190,
  1763,
  2964,
  6022,
  1382],
 [5545,
  3944,
  4150,
  4227,
  7328,
  4827,
  3323,
  7029,
  3992,
  2925,
  3576,
  3259,
  4436,
  1447,
  0,
  900,
  1263,
  3532,
  3715,
  1806,
  5283,
  5460,
  6016,
  3921,
  5713,
  5527,
  3348,
  2868,
  3718,
  3346,
  4207,
  1782,
  3799,
  4255,
  3888,
  4506,
  3871,
  4085,
  327,
  2688,
  2656,
  5772,
  4300,
  6057,
  6133,
  5478,
  6112,
  5143,
  3513,
  6052,
  3705,
  5941,
  3895,
  5977,
  5057,
  5765,
  4349,
  4572,
  5545,
  6525,
  7478,
  4746,
  4513,
  3163,
  3727,
  679,
  6043,
  3671,
  495,
  1047,
  3790,
  4944,
  5835,
  504,
  905,
  6341,
  5905,
  4201,
  3348,
  3600,
  5493,
  3073,
  6186,
  5951,
  4441,
  4844,
  5208,
  5665,
  5031,
  5536,
  4731,
  4102,
  6977,
  2968,
  5025,
  3637,
  3210,
  4411,
  7469,
  2829],
 [4645,
  3044,
  3250,
  3327,
  6428,
  3927,
  2423,
  6129,
  3092,
  2025,
  2676,
  2359,
  3106,
  547,
  900,
  0,
  363,
  2632,
  2815,
  1445,
  4383,
  4560,
  5116,
  3021,
  4813,
  4627,
  2448,
  1968,
  2388,
  2446,
  2877,
  882,
  3482,
  2925,
  2988,
  3606,
  2541,
  2755,
  601,
  1788,
  1756,
  4872,
  3400,
  5157,
  5233,
  4578,
  5212,
  4243,
  2613,
  5152,
  2805,
  5041,
  2995,
  5077,
  4157,
  4865,
  3449,
  4717,
  4215,
  5625,
  6578,
  3846,
  3613,
  2263,
  3273,
  221,
  5143,
  2771,
  1395,
  147,
  2890,
  4044,
  4505,
  396,
  5,
  5441,
  5005,
  2871,
  2448,
  2700,
  4593,
  2173,
  5286,
  5051,
  3541,
  3944,
  4308,
  4765,
  4131,
  4636,
  3831,
  2772,
  6077,
  2068,
  4125,
  2737,
  2310,
  3511,
  6569,
  1929],
 [4486,
  2885,
  3091,
  3168,
  6269,
  3768,
  2264,
  5970,
  2933,
  1866,
  2517,
  2200,
  2947,
  388,
  1157,
  257,
  0,
  2473,
  2656,
  2963,
  4224,
  4401,
  4957,
  2862,
  4654,
  4468,
  2289,
  1809,
  2229,
  2287,
  2718,
  723,
  4956,
  2766,
  2829,
  3447,
  2382,
  2596,
  858,
  1629,
  1597,
  4713,
  3241,
  4998,
  5074,
  4419,
  5053,
  4084,
  2454,
  4993,
  2646,
  4882,
  2836,
  4918,
  3998,
  4706,
  3290,
  3513,
  4056,
  5466,
  6419,
  3687,
  3454,
  2104,
  4884,
  478,
  4984,
  2612,
  1652,
  110,
  2731,
  3885,
  4346,
  653,
  252,
  5282,
  4846,
  2712,
  2289,
  2541,
  4434,
  2014,
  5127,
  4892,
  3382,
  3785,
  4149,
  4606,
  3972,
  4477,
  3672,
  2613,
  5918,
  1909,
  3966,
  2578,
  2151,
  3352,
  6410,
  1770],
 [3283,
  3238,
  3003,
  3521,
  4369,
  3680,
  2551,
  4070,
  2845,
  1065,
  1400,
  1273,
  1850,
  2279,
  3726,
  2826,
  2569,
  0,
  657,
  2459,
  1751,
  3181,
  2484,
  2774,
  2379,
  1995,
  2201,
  1721,
  1132,
  651,
  1621,
  1896,
  2226,
  1172,
  1712,
  974,
  1285,
  1499,
  3427,
  828,
  1119,
  2240,
  2342,
  2525,
  2799,
  2850,
  2778,
  2789,
  2366,
  2718,
  1657,
  2409,
  1847,
  2445,
  2429,
  3872,
  2173,
  3053,
  2551,
  4632,
  4519,
  2698,
  3366,
  1303,
  2017,
  3047,
  2709,
  2861,
  4221,
  2679,
  484,
  3172,
  2841,
  3222,
  2821,
  2809,
  2373,
  1615,
  2201,
  2453,
  2865,
  311,
  2654,
  2419,
  3735,
  2951,
  3549,
  2331,
  3085,
  2908,
  4025,
  1516,
  4018,
  1108,
  3878,
  942,
  1350,
  3705,
  4510,
  1292],
 [4384,
  3224,
  2989,
  3507,
  4355,
  3666,
  2537,
  4056,
  2831,
  1214,
  1853,
  1726,
  1010,
  2265,
  3712,
  2812,
  2555,
  462,
  0,
  1921,
  2204,
  3473,
  2937,
  2760,
  2832,
  2448,
  2187,
  1707,
  215,
  657,
  781,
  1882,
  1386,
  539,
  2165,
  898,
  445,
  659,
  3413,
  1559,
  1105,
  2693,
  3139,
  2978,
  2981,
  3303,
  3226,
  3982,
  2352,
  3171,
  2544,
  2862,
  2734,
  2898,
  2882,
  3778,
  2626,
  2621,
  2119,
  4538,
  4505,
  3585,
  3352,
  1452,
  1215,
  3033,
  3162,
  2847,
  3592,
  2665,
  203,
  3625,
  2409,
  3208,
  2807,
  3262,
  2826,
  775,
  2187,
  2439,
  3318,
  460,
  3107,
  2872,
  3721,
  2857,
  4047,
  2784,
  3538,
  3361,
  4011,
  599,
  4004,
  1839,
  3864,
  404,
  1499,
  3691,
  4496,
  1278],
 [4992,
  3525,
  3597,
  3808,
  4963,
  4274,
  2904,
  4664,
  3439,
  2372,
  3023,
  2706,
  2270,
  898,
  1806,
  1445,
  1188,
  2260,
  1703,
  0,
  3754,
  4733,
  4487,
  3368,
  5160,
  3998,
  2795,
  2315,
  1552,
  2793,
  2041,
  1153,
  2382,
  2089,
  3335,
  2686,
  1705,
  1919,
  2046,
  2135,
  2103,
  4243,
  3747,
  4528,
  4241,
  4925,
  4486,
  4590,
  2960,
  4322,
  3152,
  4412,
  3342,
  4448,
  4504,
  5038,
  3796,
  3881,
  3379,
  5798,
  5113,
  4193,
  3960,
  2610,
  2173,
  1666,
  4611,
  3252,
  1311,
  1298,
  1994,
  4391,
  3669,
  1841,
  1440,
  5062,
  4376,
  2035,
  2795,
  3047,
  4940,
  2520,
  4657,
  4422,
  4022,
  4117,
  4655,
  4334,
  4478,
  4983,
  4312,
  1936,
  4612,
  2415,
  4472,
  1841,
  2657,
  3992,
  5104,
  2276],
 [1532,
  2912,
  1763,
  3195,
  3744,
  2856,
  2225,
  3445,
  2519,
  1734,
  1062,
  2677,
  3264,
  3437,
  4884,
  3984,
  3727,
  2604,
  3704,
  4353,
  0,
  2164,
  1437,
  1992,
  1362,
  966,
  1875,
  2123,
  2822,
  3335,
  3035,
  3054,
  3866,
  2285,
  1684,
  2087,
  3969,
  3139,
  4585,
  2103,
  2645,
  1231,
  591,
  1516,
  1782,
  1099,
  1761,
  1922,
  2040,
  1701,
  1264,
  1380,
  996,
  1398,
  678,
  2855,
  1710,
  1933,
  2472,
  3615,
  5552,
  1831,
  2522,
  1496,
  4437,
  4205,
  1692,
  2535,
  5379,
  3837,
  2775,
  1421,
  2762,
  4380,
  3979,
  1800,
  1383,
  3235,
  1855,
  2127,
  1114,
  2488,
  1502,
  1410,
  3409,
  1934,
  1798,
  1314,
  1334,
  1157,
  3699,
  2438,
  3393,
  2383,
  2277,
  3626,
  1449,
  3379,
  3885,
  2818],
 [3566,
  5581,
  3797,
  5864,
  5778,
  4890,
  4894,
  5479,
  5188,
  3408,
  2283,
  2713,
  2963,
  4622,
  6069,
  5169,
  4912,
  2850,
  3000,
  4802,
  2034,
  0,
  1681,
  4026,
  1490,
  2222,
  4544,
  4064,
  2858,
  2994,
  3071,
  4239,
  4305,
  2321,
  1720,
  2123,
  3152,
  3175,
  5770,
  3171,
  3462,
  869,
  2625,
  944,
  809,
  3133,
  1054,
  3956,
  4709,
  890,
  3298,
  1215,
  3030,
  1662,
  2712,
  1342,
  1326,
  1463,
  2002,
  2102,
  5928,
  3865,
  4556,
  3530,
  4096,
  5390,
  585,
  5204,
  6564,
  5022,
  2827,
  3455,
  2292,
  5565,
  5164,
  576,
  1449,
  3271,
  3889,
  4796,
  3148,
  2654,
  1871,
  936,
  6078,
  685,
  3832,
  1277,
  3368,
  3191,
  6368,
  2474,
  5427,
  3004,
  4311,
  3285,
  3483,
  6048,
  5919,
  3635],
 [1965,
  3948,
  2799,
  4231,
  4177,
  3289,
  3261,
  3878,
  3555,
  2761,
  1597,
  3212,
  3799,
  4473,
  5920,
  5020,
  4763,
  3349,
  3499,
  5301,
  1996,
  1755,
  0,
  3028,
  1884,
  899,
  2911,
  3159,
  3357,
  3493,
  3570,
  4090,
  4804,
  2820,
  2219,
  2622,
  3651,
  3674,
  5621,
  3130,
  3681,
  1069,
  1627,
  1028,
  2121,
  1381,
  1380,
  2355,
  3076,
  2202,
  2300,
  814,
  2032,
  676,
  1083,
  2654,
  2232,
  2417,
  2994,
  3414,
  4327,
  2264,
  2875,
  2523,
  4595,
  5241,
  1255,
  3571,
  6244,
  4873,
  3390,
  1854,
  3284,
  5416,
  5015,
  1323,
  580,
  3770,
  2891,
  3163,
  1162,
  3153,
  885,
  824,
  4445,
  1997,
  2231,
  1633,
  1767,
  1112,
  4735,
  2973,
  3746,
  3410,
  2710,
  3848,
  2476,
  4066,
  4318,
  4198],
 [1608,
  1024,
  229,
  1307,
  2155,
  1466,
  759,
  1856,
  631,
  1308,
  1860,
  2709,
  3573,
  2476,
  3923,
  3023,
  2766,
  2560,
  2743,
  3392,
  2131,
  3558,
  2859,
  0,
  2756,
  2360,
  735,
  1162,
  2855,
  2374,
  3344,
  2093,
  3685,
  3392,
  2482,
  3534,
  3008,
  3222,
  3624,
  2138,
  1684,
  2625,
  1343,
  2910,
  3176,
  1440,
  3155,
  1028,
  574,
  3095,
  838,
  2774,
  938,
  2820,
  2100,
  4249,
  3104,
  3327,
  3866,
  5009,
  2305,
  937,
  1152,
  1070,
  3476,
  3244,
  3086,
  1069,
  4418,
  2876,
  2818,
  1135,
  4156,
  3419,
  3018,
  3194,
  2805,
  3338,
  894,
  661,
  1455,
  2558,
  2924,
  2804,
  1521,
  3328,
  1271,
  2708,
  1222,
  2579,
  1811,
  3239,
  1804,
  2418,
  1664,
  2665,
  1023,
  1491,
  2296,
  1857],
 [2456,
  3836,
  2687,
  4119,
  4668,
  3780,
  3149,
  4369,
  3443,
  2516,
  1173,
  1821,
  2071,
  3730,
  5177,
  4277,
  4020,
  1958,
  2108,
  3910,
  924,
  1459,
  1601,
  2916,
  0,
  1112,
  2799,
  3172,
  1966,
  2102,
  2300,
  3347,
  3413,
  1429,
  828,
  1231,
  2260,
  2283,
  4878,
  2279,
  2570,
  1703,
  1515,
  1564,
  967,
  2023,
  1212,
  2846,
  2964,
  1048,
  2188,
  1526,
  1920,
  1562,
  1602,
  1764,
  348,
  571,
  1110,
  2524,
  4818,
  2755,
  3446,
  2420,
  3204,
  4498,
  1337,
  3459,
  5672,
  4130,
  1935,
  2345,
  1400,
  4673,
  4272,
  1788,
  1490,
  2379,
  2779,
  3051,
  2038,
  1762,
  1771,
  1768,
  4333,
  843,
  2722,
  415,
  2258,
  2081,
  4623,
  1582,
  4317,
  2112,
  3201,
  2393,
  2373,
  4303,
  4809,
  2743],
 [2139,
  3408,
  2259,
  3691,
  4351,
  3463,
  2721,
  4052,
  3015,
  1862,
  698,
  2313,
  2900,
  3339,
  4786,
  3886,
  3629,
  2450,
  2600,
  4402,
  607,
  1787,
  489,
  2488,
  985,
  0,
  2371,
  2619,
  2458,
  2594,
  2671,
  2956,
  3905,
  1921,
  1320,
  1723,
  2752,
  2775,
  4487,
  2231,
  3062,
  846,
  1198,
  1131,
  1405,
  1706,
  1384,
  2529,
  2536,
  1324,
  1760,
  414,
  1603,
  450,
  857,
  2478,
  1333,
  1556,
  2095,
  3238,
  4501,
  2438,
  3129,
  1624,
  3696,
  4107,
  1315,
  3031,
  5281,
  3739,
  2427,
  2028,
  2385,
  4282,
  3881,
  1812,
  378,
  2871,
  2351,
  2623,
  1154,
  2254,
  659,
  1025,
  3905,
  1557,
  2405,
  937,
  1941,
  886,
  4195,
  2074,
  4000,
  2511,
  2884,
  2885,
  1577,
  3875,
  4492,
  3235],
 [2197,
  1037,
  802,
  1320,
  2168,
  1479,
  350,
  1869,
  644,
  1396,
  1948,
  2320,
  3184,
  2087,
  3534,
  2634,
  2377,
  2171,
  2354,
  3003,
  2245,
  3672,
  2973,
  573,
  2870,
  2474,
  0,
  773,
  2466,
  1985,
  2955,
  1704,
  3296,
  3003,
  2570,
  3145,
  2619,
  2833,
  3235,
  1749,
  1295,
  2739,
  1457,
  3024,
  3290,
  2013,
  3269,
  1795,
  165,
  3209,
  862,
  2888,
  1052,
  2934,
  2214,
  4363,
  3218,
  3441,
  4293,
  5123,
  2318,
  1510,
  1165,
  1158,
  3087,
  2855,
  3200,
  660,
  4029,
  2487,
  2429,
  1708,
  4583,
  3030,
  2629,
  3308,
  2919,
  2949,
  505,
  252,
  2028,
  2169,
  3038,
  2918,
  1534,
  3442,
  1860,
  2822,
  1795,
  2693,
  1824,
  2850,
  1817,
  2029,
  1677,
  2276,
  1111,
  1504,
  2309,
  1468],
 [2955,
  1795,
  1560,
  2078,
  2926,
  2237,
  1108,
  2627,
  1402,
  1213,
  1572,
  1547,
  2411,
  1314,
  2761,
  1861,
  1604,
  1398,
  1581,
  2230,
  3149,
  4579,
  3882,
  1331,
  3777,
  3393,
  758,
  0,
  1693,
  1212,
  2182,
  931,
  2523,
  2230,
  2176,
  2372,
  1846,
  2060,
  2462,
  976,
  522,
  3638,
  1710,
  3923,
  4197,
  2888,
  4176,
  2553,
  923,
  4116,
  1115,
  3807,
  1305,
  3843,
  2467,
  5270,
  2637,
  4022,
  3520,
  6030,
  3076,
  2156,
  1923,
  730,
  2314,
  2082,
  4107,
  1418,
  3256,
  1714,
  1656,
  2354,
  3810,
  2257,
  1856,
  4207,
  3771,
  2176,
  758,
  1010,
  2903,
  1396,
  4052,
  3817,
  2292,
  4349,
  2618,
  3729,
  2441,
  2946,
  2582,
  2077,
  2575,
  1256,
  2435,
  1503,
  777,
  2262,
  3067,
  695],
 [3734,
  3664,
  3429,
  3947,
  4795,
  4106,
  2977,
  4496,
  3271,
  1429,
  1851,
  1724,
  859,
  2168,
  3615,
  2715,
  2458,
  677,
  215,
  1882,
  2202,
  3322,
  2935,
  3200,
  2830,
  2446,
  2627,
  2147,
  0,
  1097,
  630,
  2322,
  1317,
  537,
  2163,
  1134,
  294,
  508,
  3316,
  1999,
  1545,
  2691,
  2793,
  2976,
  3250,
  3301,
  3075,
  4422,
  2792,
  3169,
  2984,
  2860,
  3174,
  2896,
  2880,
  3627,
  2624,
  2470,
  1968,
  4387,
  4945,
  4025,
  3792,
  1667,
  1108,
  2936,
  3160,
  3637,
  3553,
  2568,
  418,
  3623,
  2258,
  3111,
  2710,
  3260,
  2824,
  624,
  2627,
  2879,
  3316,
  675,
  3105,
  2870,
  4161,
  2706,
  4000,
  2782,
  3536,
  3359,
  4451,
  384,
  4444,
  2279,
  4304,
  619,
  1714,
  4131,
  4936,
  1718],
 [4271,
  3111,
  2876,
  3394,
  4242,
  3553,
  2424,
  3943,
  2718,
  1683,
  2130,
  2017,
  1199,
  2094,
  3541,
  2641,
  2384,
  730,
  369,
  1808,
  2481,
  3662,
  3214,
  2647,
  3109,
  2725,
  2074,
  1594,
  481,
  0,
  970,
  1769,
  1311,
  1018,
  2442,
  1139,
  634,
  848,
  3242,
  1446,
  992,
  2970,
  3026,
  3255,
  3170,
  3580,
  3415,
  3869,
  2239,
  3448,
  2431,
  3139,
  2621,
  3175,
  3159,
  3967,
  3070,
  2810,
  2308,
  4727,
  4392,
  3472,
  3239,
  1921,
  1102,
  2862,
  3439,
  2734,
  3479,
  2494,
  444,
  3902,
  2598,
  3037,
  2636,
  3991,
  3103,
  964,
  2074,
  2326,
  3595,
  728,
  3384,
  3149,
  3608,
  3046,
  3934,
  3061,
  3815,
  3638,
  3898,
  865,
  3891,
  1726,
  3751,
  291,
  1968,
  3578,
  4383,
  1165],
 [3872,
  3824,
  3589,
  4107,
  4955,
  4266,
  3137,
  4656,
  3431,
  2396,
  1989,
  1862,
  229,
  2328,
  3775,
  2875,
  2618,
  1443,
  781,
  2042,
  2340,
  2692,
  3073,
  3360,
  2968,
  2584,
  2787,
  2307,
  630,
  1257,
  0,
  2482,
  1167,
  750,
  2301,
  1272,
  336,
  440,
  3476,
  2159,
  1705,
  2829,
  2931,
  2797,
  2200,
  3439,
  2445,
  4582,
  2952,
  2281,
  3144,
  2998,
  3336,
  3034,
  3018,
  2997,
  2100,
  1840,
  1338,
  3757,
  5105,
  4171,
  3952,
  2634,
  958,
  3096,
  2570,
  3797,
  3713,
  2728,
  984,
  3761,
  1628,
  3271,
  2870,
  3021,
  2962,
  536,
  2787,
  3039,
  3454,
  1441,
  3243,
  3008,
  4321,
  2076,
  4138,
  2920,
  3674,
  3497,
  4611,
  597,
  4604,
  2439,
  4464,
  1024,
  2681,
  4291,
  5096,
  1878],
 [3714,
  2404,
  2319,
  2687,
  3685,
  2996,
  1867,
  3386,
  2161,
  1094,
  1745,
  1428,
  2714,
  335,
  1782,
  882,
  625,
  1701,
  1884,
  1167,
  2104,
  3629,
  2837,
  2090,
  2732,
  2348,
  1517,
  1037,
  1996,
  1515,
  2485,
  0,
  2826,
  2533,
  2057,
  2675,
  2149,
  2363,
  1483,
  857,
  825,
  2593,
  2469,
  2878,
  3152,
  3647,
  3382,
  3312,
  1682,
  4221,
  1874,
  4110,
  2064,
  4146,
  3226,
  3934,
  2518,
  2741,
  3823,
  4694,
  3835,
  2915,
  2682,
  1332,
  2617,
  1103,
  4212,
  2131,
  2277,
  735,
  1959,
  3113,
  3570,
  1278,
  877,
  4510,
  4074,
  2479,
  1517,
  1769,
  3662,
  1242,
  3007,
  4120,
  2901,
  3013,
  3377,
  2684,
  3200,
  3705,
  3191,
  2380,
  3334,
  1137,
  3194,
  1806,
  1379,
  2871,
  3826,
  998],
 [5338,
  4178,
  3943,
  4461,
  5309,
  4620,
  3491,
  5010,
  3785,
  2750,
  3815,
  3084,
  1807,
  2682,
  4129,
  3229,
  2972,
  1797,
  1456,
  2396,
  3548,
  4270,
  4281,
  3714,
  4176,
  3792,
  3141,
  2661,
  1089,
  1611,
  1578,
  2836,
  0,
  1626,
  3509,
  2223,
  1242,
  1456,
  3830,
  2513,
  2059,
  4037,
  4093,
  4322,
  3778,
  4647,
  4023,
  4936,
  3306,
  4515,
  3498,
  4206,
  3688,
  4242,
  4226,
  4575,
  3678,
  3418,
  2916,
  5335,
  5459,
  4539,
  4306,
  2988,
  371,
  3450,
  4506,
  3801,
  4067,
  3082,
  1531,
  4969,
  3206,
  3625,
  3224,
  4599,
  4170,
  1572,
  3141,
  3393,
  4662,
  1795,
  4451,
  4216,
  4675,
  3654,
  5001,
  4128,
  4882,
  4705,
  4965,
  1473,
  4958,
  2793,
  4818,
  1378,
  3035,
  4645,
  5450,
  2232],
 [3197,
  3763,
  3428,
  4046,
  4894,
  4205,
  3076,
  4595,
  3370,
  1882,
  1314,
  1187,
  979,
  2705,
  4152,
  3252,
  2995,
  1001,
  539,
  2419,
  1665,
  3021,
  2398,
  3299,
  2293,
  1909,
  2726,
  2246,
  537,
  1468,
  750,
  2421,
  1581,
  0,
  1626,
  597,
  831,
  854,
  3853,
  1645,
  1644,
  2154,
  2256,
  2439,
  2713,
  2764,
  2692,
  3587,
  2891,
  2632,
  2929,
  2323,
  2661,
  2359,
  2343,
  3326,
  2641,
  2169,
  1667,
  4086,
  5044,
  3496,
  3891,
  2120,
  1372,
  3473,
  2623,
  4174,
  4090,
  3105,
  742,
  3086,
  1957,
  3648,
  3247,
  2723,
  2287,
  950,
  2726,
  2978,
  2779,
  1128,
  2568,
  2333,
  4260,
  2405,
  3463,
  2245,
  2999,
  2822,
  4550,
  153,
  4543,
  1478,
  3942,
  943,
  2167,
  4230,
  5035,
  1817],
 [3003,
  3861,
  3234,
  4144,
  4992,
  4303,
  3174,
  4693,
  3468,
  1688,
  1120,
  993,
  1580,
  2902,
  4349,
  3449,
  3192,
  1130,
  1280,
  3082,
  1471,
  3334,
  2204,
  3397,
  2099,
  1715,
  2824,
  2344,
  1138,
  1274,
  1351,
  2519,
  2585,
  601,
  0,
  403,
  1432,
  1455,
  4050,
  1451,
  1742,
  1960,
  2062,
  2245,
  2519,
  2570,
  2498,
  3393,
  2989,
  2438,
  2735,
  2129,
  2467,
  2165,
  2149,
  3639,
  2447,
  2482,
  1980,
  4399,
  5142,
  3302,
  3989,
  1926,
  2376,
  3670,
  2429,
  3484,
  4844,
  3302,
  1107,
  2892,
  2270,
  3845,
  3444,
  2529,
  2093,
  1551,
  2824,
  3076,
  2585,
  934,
  2374,
  2139,
  4358,
  2718,
  3269,
  2051,
  2805,
  2628,
  4648,
  754,
  4641,
  1284,
  3748,
  1565,
  1973,
  4328,
  5133,
  1915],
 [2919,
  3458,
  3223,
  3741,
  4589,
  3900,
  2771,
  4290,
  3065,
  1285,
  1036,
  909,
  2070,
  2499,
  3946,
  3046,
  2789,
  727,
  877,
  2679,
  1387,
  2817,
  2120,
  2994,
  2015,
  1631,
  2421,
  1941,
  1352,
  871,
  1841,
  2116,
  2182,
  808,
  1348,
  0,
  1505,
  1719,
  3647,
  1048,
  1339,
  1876,
  1978,
  2161,
  2435,
  2486,
  2414,
  3009,
  2586,
  2354,
  1877,
  2045,
  2383,
  2081,
  2065,
  3508,
  2363,
  2689,
  2187,
  4268,
  4739,
  3218,
  3586,
  1523,
  1973,
  3267,
  2345,
  3081,
  4441,
  2899,
  704,
  2808,
  2477,
  3442,
  3041,
  2445,
  2009,
  1835,
  2421,
  2673,
  2501,
  531,
  2290,
  2055,
  3955,
  2587,
  3185,
  1967,
  2721,
  2544,
  4245,
  961,
  4238,
  1328,
  4098,
  1162,
  1570,
  3925,
  4730,
  1512],
 [4648,
  3488,
  3253,
  3771,
  4619,
  3930,
  2801,
  4320,
  3095,
  2060,
  2943,
  2394,
  565,
  1992,
  3439,
  2539,
  2282,
  1107,
  445,
  1706,
  2676,
  3028,
  3409,
  3024,
  3304,
  2920,
  2451,
  1971,
  294,
  921,
  336,
  2146,
  1141,
  750,
  2637,
  1608,
  0,
  214,
  3140,
  1823,
  1369,
  3165,
  3267,
  3133,
  2536,
  3775,
  2781,
  4246,
  2616,
  2617,
  2808,
  3334,
  2998,
  3370,
  3354,
  3333,
  2436,
  2176,
  1674,
  4093,
  4769,
  3849,
  3616,
  2298,
  932,
  2760,
  2906,
  3461,
  3377,
  2392,
  648,
  4097,
  1964,
  2935,
  2534,
  3357,
  3298,
  330,
  2451,
  2703,
  3790,
  1105,
  3579,
  3344,
  3985,
  2412,
  4311,
  3256,
  4010,
  3833,
  4275,
  597,
  4268,
  2103,
  4128,
  688,
  2345,
  3955,
  4760,
  1542],
 [5124,
  3964,
  3729,
  4247,
  5095,
  4406,
  3277,
  4796,
  3571,
  2536,
  3601,
  2870,
  1593,
  2468,
  3915,
  3015,
  2758,
  1583,
  1242,
  2182,
  3334,
  3570,
  4067,
  3500,
  3962,
  3578,
  2927,
  2447,
  875,
  1397,
  1364,
  2622,
  727,
  1412,
  3499,
  2009,
  1028,
  0,
  3616,
  2299,
  1845,
  3823,
  3879,
  4108,
  3078,
  4433,
  3323,
  4722,
  3092,
  4301,
  3284,
  3992,
  3474,
  4028,
  4012,
  3875,
  2978,
  2718,
  2216,
  4635,
  5245,
  4325,
  4092,
  2774,
  518,
  3236,
  4292,
  3587,
  3853,
  2868,
  1317,
  4755,
  2506,
  3411,
  3010,
  3899,
  3956,
  1358,
  2927,
  3179,
  4448,
  1581,
  4237,
  4002,
  4461,
  2954,
  4787,
  3914,
  4668,
  4491,
  4751,
  1259,
  4744,
  2579,
  4604,
  1164,
  2821,
  4431,
  5236,
  2018],
 [5246,
  3645,
  3851,
  3928,
  7029,
  4528,
  3024,
  6730,
  3693,
  2626,
  3277,
  2960,
  3707,
  1148,
  327,
  601,
  964,
  3233,
  3416,
  2133,
  3636,
  5161,
  4369,
  3622,
  4264,
  3880,
  3049,
  2569,
  2989,
  3047,
  3478,
  1483,
  3819,
  3526,
  3589,
  4207,
  3142,
  3356,
  0,
  2389,
  2357,
  4125,
  4001,
  4410,
  4684,
  5179,
  4914,
  4844,
  3214,
  4603,
  3406,
  4294,
  3596,
  4330,
  4758,
  5466,
  4050,
  4273,
  4816,
  6226,
  7179,
  4559,
  4214,
  2864,
  3610,
  380,
  4594,
  3372,
  822,
  748,
  3491,
  4757,
  5106,
  205,
  606,
  4694,
  4258,
  3472,
  3049,
  3301,
  5194,
  2774,
  4539,
  4304,
  4142,
  4545,
  4909,
  4216,
  4844,
  5237,
  4432,
  3373,
  6678,
  2669,
  4726,
  3338,
  2911,
  4112,
  7170,
  2530],
 [2673,
  2619,
  1460,
  2902,
  3750,
  3061,
  1932,
  3451,
  2226,
  369,
  888,
  571,
  2367,
  1240,
  2687,
  1787,
  1530,
  633,
  977,
  2156,
  1247,
  2772,
  1980,
  1689,
  1875,
  1491,
  1582,
  1102,
  1649,
  1168,
  2138,
  857,
  2479,
  2186,
  1200,
  1607,
  1802,
  2016,
  2388,
  0,
  478,
  1736,
  1556,
  2021,
  2295,
  2346,
  2274,
  2093,
  1747,
  2214,
  961,
  1905,
  1151,
  1941,
  1925,
  3077,
  1661,
  1884,
  2423,
  3837,
  3900,
  2002,
  2747,
  607,
  2270,
  2008,
  2205,
  2242,
  3182,
  1640,
  804,
  2200,
  2713,
  2183,
  1782,
  2305,
  1869,
  2132,
  1582,
  1834,
  2361,
  517,
  2150,
  1915,
  3116,
  2156,
  2336,
  1827,
  2287,
  2404,
  3406,
  2033,
  3399,
  280,
  3259,
  1459,
  654,
  3086,
  3891,
  651],
 [3443,
  2283,
  2048,
  2566,
  3414,
  2725,
  1596,
  3115,
  1890,
  855,
  1506,
  1189,
  1889,
  1324,
  2771,
  1871,
  1614,
  876,
  1059,
  2240,
  2627,
  4057,
  3360,
  1819,
  3255,
  2871,
  1246,
  766,
  1171,
  690,
  1660,
  941,
  2001,
  1708,
  1818,
  1850,
  1324,
  1538,
  2472,
  618,
  0,
  3116,
  2198,
  3401,
  3675,
  3726,
  3654,
  3041,
  1411,
  3594,
  1603,
  3285,
  1793,
  3321,
  3305,
  4748,
  2279,
  3500,
  2998,
  5508,
  3564,
  2644,
  2411,
  1093,
  1792,
  2092,
  3585,
  1906,
  3266,
  1724,
  1134,
  2842,
  3288,
  2267,
  1866,
  3685,
  3249,
  1654,
  1246,
  1498,
  3741,
  874,
  3530,
  3295,
  2780,
  3827,
  3106,
  3207,
  2929,
  3784,
  3070,
  1555,
  3063,
  898,
  2923,
  981,
  1140,
  2750,
  3555,
  173],
 [2082,
  4065,
  2916,
  4348,
  4294,
  3406,
  3378,
  3995,
  3672,
  2618,
  1454,
  3136,
  3028,
  5045,
  6492,
  5592,
  5335,
  3273,
  3423,
  5225,
  1274,
  756,
  812,
  3145,
  957,
  756,
  3028,
  3276,
  3281,
  3417,
  3257,
  4662,
  4728,
  2744,
  2143,
  2546,
  3575,
  3598,
  6193,
  2987,
  3885,
  0,
  1744,
  351,
  1232,
  1716,
  491,
  2472,
  3193,
  1313,
  2417,
  346,
  2149,
  793,
  1200,
  1765,
  1305,
  1528,
  2067,
  2525,
  6102,
  2381,
  3072,
  2380,
  4519,
  5813,
  366,
  3688,
  6987,
  5445,
  3250,
  1971,
  2357,
  5988,
  5587,
  665,
  580,
  3694,
  3008,
  3280,
  1497,
  3077,
  1002,
  245,
  4562,
  1108,
  2348,
  744,
  1884,
  1229,
  4852,
  2897,
  3943,
  3427,
  2827,
  3708,
  2333,
  4532,
  4435,
  4058],
 [1611,
  2321,
  1172,
  2604,
  3452,
  2763,
  1634,
  3153,
  1928,
  1143,
  1113,
  2083,
  3943,
  2846,
  4293,
  3393,
  3136,
  2013,
  3113,
  3762,
  788,
  2215,
  1516,
  1401,
  1413,
  1017,
  1284,
  1532,
  3225,
  2744,
  3714,
  2463,
  4055,
  2336,
  1735,
  2138,
  3378,
  3592,
  3994,
  1512,
  2054,
  1282,
  0,
  1567,
  1833,
  1178,
  1812,
  1805,
  1449,
  1752,
  673,
  1431,
  405,
  1477,
  757,
  2906,
  1761,
  1984,
  2523,
  3666,
  3602,
  1714,
  2405,
  905,
  3846,
  3614,
  1743,
  1944,
  4788,
  3246,
  2184,
  1500,
  2813,
  3789,
  3388,
  1851,
  1395,
  3708,
  1264,
  1536,
  1193,
  1897,
  1581,
  1461,
  2818,
  1985,
  1877,
  1365,
  1413,
  1236,
  3108,
  2489,
  3101,
  1792,
  1912,
  3035,
  858,
  2788,
  3593,
  2227],
 [2894,
  4274,
  3125,
  4557,
  5106,
  4218,
  3587,
  4807,
  3881,
  3096,
  1611,
  2997,
  2889,
  4906,
  6353,
  5453,
  5196,
  3134,
  3284,
  5086,
  1362,
  617,
  1097,
  3354,
  818,
  1041,
  3237,
  3485,
  3142,
  3278,
  3118,
  4523,
  4589,
  2605,
  2004,
  2407,
  3436,
  3459,
  6054,
  3455,
  3746,
  351,
  1953,
  0,
  1093,
  2461,
  352,
  3284,
  3402,
  1174,
  2626,
  631,
  2358,
  1078,
  1485,
  1626,
  1166,
  1389,
  1928,
  2386,
  6914,
  3193,
  3884,
  2858,
  4380,
  5674,
  227,
  3897,
  6848,
  5306,
  3111,
  2783,
  2218,
  5849,
  5448,
  496,
  865,
  3555,
  3217,
  3489,
  1782,
  2938,
  1287,
  204,
  4771,
  969,
  3160,
  605,
  2696,
  1514,
  5061,
  2758,
  4755,
  3288,
  3639,
  3569,
  2811,
  4741,
  5247,
  3919],
 [2757,
  4137,
  2988,
  4420,
  4969,
  4081,
  3450,
  4670,
  3744,
  2959,
  1474,
  2444,
  2694,
  4353,
  5800,
  4900,
  4643,
  2581,
  2731,
  4533,
  1225,
  768,
  1902,
  3217,
  681,
  1413,
  3100,
  3348,
  2589,
  2725,
  2802,
  3970,
  4036,
  2052,
  1451,
  1854,
  2883,
  2906,
  5501,
  2902,
  3193,
  1012,
  1816,
  873,
  0,
  2324,
  521,
  3147,
  3265,
  81,
  2489,
  1358,
  2221,
  1863,
  1903,
  1073,
  1029,
  1194,
  1733,
  1833,
  6777,
  3056,
  3747,
  2721,
  3827,
  5121,
  646,
  3760,
  6295,
  4753,
  2558,
  2646,
  2023,
  5296,
  4895,
  1097,
  1592,
  3002,
  3080,
  3352,
  2339,
  2385,
  2072,
  1077,
  4634,
  152,
  3023,
  468,
  2559,
  2382,
  4924,
  2205,
  4618,
  2735,
  3502,
  3016,
  2674,
  4604,
  5110,
  3366],
 [729,
  2443,
  1124,
  2726,
  2941,
  2053,
  2607,
  2642,
  1984,
  2116,
  1340,
  2955,
  3542,
  3819,
  5266,
  4366,
  4109,
  3092,
  3242,
  4735,
  1015,
  2442,
  753,
  1353,
  1640,
  1244,
  2257,
  2505,
  3100,
  3236,
  3313,
  3436,
  4547,
  2563,
  1962,
  2365,
  3394,
  3417,
  4967,
  2485,
  3027,
  1509,
  973,
  1794,
  2060,
  0,
  2039,
  1119,
  2422,
  1979,
  1646,
  933,
  1378,
  714,
  429,
  3133,
  1988,
  2211,
  2750,
  3893,
  3091,
  1028,
  1719,
  1878,
  4338,
  4587,
  1970,
  2917,
  5761,
  4219,
  3069,
  618,
  3040,
  4762,
  4361,
  2078,
  699,
  3513,
  2237,
  2509,
  459,
  2896,
  651,
  1688,
  2940,
  2212,
  995,
  1592,
  531,
  306,
  3230,
  2716,
  2590,
  2765,
  1474,
  3527,
  1831,
  2910,
  3082,
  3200],
 [2736,
  4116,
  2967,
  4399,
  4948,
  4060,
  3429,
  4649,
  3723,
  2938,
  1453,
  2645,
  2895,
  4554,
  6001,
  5101,
  4844,
  2782,
  2932,
  4734,
  1204,
  597,
  1303,
  3196,
  660,
  1392,
  3079,
  3327,
  2790,
  2926,
  3003,
  4171,
  4237,
  2253,
  1652,
  2055,
  3084,
  3107,
  5702,
  3103,
  3394,
  491,
  1795,
  352,
  741,
  2303,
  0,
  3126,
  3244,
  822,
  2468,
  837,
  2200,
  1284,
  1882,
  1274,
  1008,
  1395,
  1934,
  2034,
  6756,
  3035,
  3726,
  2700,
  4028,
  5322,
  125,
  3739,
  6496,
  4954,
  2759,
  2625,
  2224,
  5497,
  5096,
  848,
  1071,
  3203,
  3059,
  3331,
  2318,
  2586,
  1493,
  556,
  4613,
  617,
  3002,
  447,
  2538,
  1720,
  4903,
  2406,
  4597,
  2936,
  3481,
  3217,
  2653,
  4583,
  5089,
  3567],
 [580,
  1410,
  799,
  1693,
  1908,
  1020,
  1954,
  1609,
  1611,
  1712,
  2415,
  2652,
  4768,
  3543,
  4990,
  4090,
  3833,
  3755,
  3938,
  4585,
  2090,
  3517,
  1828,
  1028,
  2715,
  2319,
  1930,
  2357,
  4050,
  3569,
  4539,
  3288,
  4880,
  4587,
  3037,
  3440,
  4203,
  4417,
  4691,
  2081,
  2879,
  2584,
  1747,
  2869,
  3135,
  1075,
  3114,
  0,
  1769,
  3054,
  1242,
  2008,
  1342,
  1789,
  1504,
  4208,
  3063,
  3286,
  3825,
  4968,
  2058,
  703,
  686,
  1474,
  4671,
  4311,
  3045,
  1780,
  5485,
  3943,
  4013,
  478,
  4115,
  4486,
  4085,
  3153,
  1774,
  4533,
  2089,
  1856,
  1090,
  2466,
  1726,
  2763,
  1907,
  3287,
  243,
  2667,
  565,
  1381,
  2197,
  4434,
  1557,
  2361,
  107,
  3860,
  1427,
  1877,
  2049,
  3052],
 [2192,
  994,
  797,
  1277,
  2163,
  1474,
  185,
  1864,
  639,
  1391,
  1943,
  2315,
  3179,
  2082,
  3529,
  2629,
  2372,
  2166,
  2349,
  2998,
  2240,
  3667,
  2968,
  568,
  2865,
  2469,
  284,
  768,
  2461,
  1980,
  2950,
  1699,
  3291,
  2998,
  2565,
  3140,
  2614,
  2828,
  3230,
  1744,
  1290,
  2734,
  1452,
  3019,
  3285,
  2008,
  3264,
  1790,
  0,
  3204,
  857,
  2883,
  1047,
  2929,
  2209,
  4358,
  3213,
  3436,
  4288,
  5118,
  2313,
  1505,
  1160,
  1153,
  3082,
  2850,
  3195,
  495,
  4024,
  2482,
  2424,
  1703,
  4578,
  3025,
  2624,
  3303,
  2914,
  2944,
  500,
  247,
  2023,
  2164,
  3033,
  2913,
  1491,
  3437,
  1855,
  2817,
  1790,
  2688,
  1781,
  2845,
  1812,
  2024,
  1672,
  2271,
  1106,
  1461,
  2304,
  1463],
 [2676,
  4056,
  2907,
  4339,
  4888,
  4000,
  3369,
  4589,
  3663,
  2878,
  1393,
  2525,
  2775,
  4434,
  5881,
  4981,
  4724,
  2662,
  2812,
  4614,
  1144,
  849,
  1821,
  3136,
  600,
  1332,
  3019,
  3267,
  2670,
  2806,
  2883,
  4051,
  4117,
  2133,
  1532,
  1935,
  2964,
  2987,
  5582,
  2983,
  3274,
  1093,
  1735,
  954,
  81,
  2243,
  602,
  3066,
  3184,
  0,
  2408,
  1439,
  2140,
  1782,
  1822,
  1154,
  948,
  1275,
  1814,
  1914,
  5038,
  2975,
  3666,
  2640,
  3908,
  5202,
  727,
  3679,
  6376,
  4834,
  2639,
  2565,
  2104,
  5377,
  4976,
  1178,
  1673,
  3083,
  2999,
  3271,
  2258,
  2466,
  1991,
  1158,
  4553,
  233,
  2942,
  387,
  2478,
  2301,
  4843,
  2286,
  4537,
  2816,
  3421,
  3097,
  2593,
  4523,
  5029,
  3447],
 [1712,
  1752,
  499,
  2035,
  2883,
  2194,
  1081,
  2584,
  1359,
  932,
  1484,
  1872,
  3390,
  2293,
  3740,
  2840,
  2583,
  2377,
  2560,
  3209,
  1781,
  3208,
  2509,
  728,
  2406,
  2010,
  731,
  979,
  2672,
  2191,
  3161,
  1910,
  3502,
  3209,
  2106,
  2509,
  2825,
  3039,
  3441,
  1301,
  1501,
  2275,
  993,
  2560,
  2826,
  1544,
  2805,
  1132,
  896,
  2745,
  0,
  2424,
  588,
  2470,
  1750,
  3899,
  2754,
  2977,
  3516,
  4659,
  3033,
  1041,
  1732,
  694,
  3293,
  3061,
  2736,
  1391,
  4235,
  2693,
  2635,
  1239,
  3806,
  3236,
  2835,
  2844,
  2455,
  3155,
  711,
  983,
  1559,
  1686,
  2574,
  2454,
  2249,
  2978,
  1375,
  2358,
  1326,
  2229,
  2539,
  3056,
  2532,
  1581,
  1239,
  2482,
  647,
  2219,
  3024,
  1674],
 [1736,
  3719,
  2570,
  4002,
  3948,
  3060,
  3032,
  3649,
  3326,
  2272,
  1108,
  2723,
  3310,
  3749,
  5196,
  4296,
  4039,
  2860,
  3010,
  4812,
  1017,
  1102,
  466,
  2799,
  1395,
  410,
  2682,
  2930,
  2868,
  3004,
  3081,
  3366,
  4315,
  2331,
  1730,
  2133,
  3162,
  3185,
  4897,
  2641,
  3472,
  346,
  1398,
  631,
  1578,
  1370,
  837,
  2126,
  2847,
  1734,
  2071,
  0,
  1803,
  447,
  854,
  2111,
  1743,
  1966,
  2505,
  2871,
  5756,
  2035,
  2726,
  2034,
  4106,
  4517,
  712,
  3342,
  5691,
  4149,
  2837,
  1625,
  2795,
  4692,
  4291,
  915,
  234,
  3281,
  2662,
  2934,
  1151,
  2664,
  656,
  525,
  4216,
  1454,
  2002,
  1347,
  1538,
  883,
  4506,
  2484,
  3597,
  2921,
  2481,
  3295,
  1987,
  4186,
  4089,
  3645],
 [2016,
  1916,
  767,
  2199,
  3047,
  2358,
  1229,
  2748,
  1523,
  738,
  1518,
  1678,
  3538,
  2441,
  3888,
  2988,
  2731,
  1608,
  2708,
  3357,
  1193,
  2620,
  1921,
  996,
  1818,
  1422,
  879,
  1127,
  2820,
  2339,
  3309,
  2058,
  3650,
  3357,
  2140,
  2543,
  2973,
  3187,
  3589,
  1107,
  1649,
  1687,
  405,
  1972,
  2238,
  1583,
  2217,
  1400,
  1044,
  2157,
  268,
  1836,
  0,
  1882,
  1162,
  3311,
  2166,
  2389,
  2928,
  4071,
  3197,
  1309,
  2000,
  500,
  3441,
  3209,
  2148,
  1539,
  4383,
  2841,
  1779,
  1905,
  3218,
  3384,
  2983,
  2256,
  1867,
  3303,
  859,
  1131,
  1598,
  1492,
  1986,
  1866,
  2413,
  2390,
  1643,
  1770,
  1818,
  1641,
  2703,
  3204,
  2696,
  1387,
  1507,
  2630,
  453,
  2383,
  3188,
  1822],
 [1289,
  3272,
  2123,
  3555,
  3501,
  2613,
  2585,
  3202,
  2879,
  2094,
  1318,
  2933,
  3520,
  3797,
  5244,
  4344,
  4087,
  3070,
  3220,
  4713,
  993,
  2246,
  491,
  2352,
  1618,
  675,
  2235,
  2483,
  3078,
  3214,
  3291,
  3414,
  4525,
  2541,
  1940,
  2343,
  3372,
  3395,
  4945,
  2463,
  3005,
  1487,
  951,
  1519,
  2038,
  856,
  2017,
  1679,
  2400,
  1957,
  1624,
  671,
  1356,
  0,
  407,
  3111,
  1966,
  2189,
  2728,
  3871,
  5309,
  1588,
  2279,
  1856,
  4316,
  4565,
  1948,
  2895,
  5739,
  4197,
  3047,
  1178,
  3018,
  4740,
  4339,
  1814,
  437,
  3491,
  2215,
  2487,
  871,
  2874,
  209,
  1315,
  3769,
  2190,
  1555,
  1570,
  1091,
  436,
  4059,
  2694,
  3150,
  2743,
  2034,
  3505,
  1809,
  3739,
  3642,
  3178],
 [2118,
  2865,
  1716,
  3148,
  3996,
  3307,
  2178,
  3697,
  2472,
  1687,
  911,
  2526,
  3113,
  3390,
  4837,
  3937,
  3680,
  2663,
  2813,
  4306,
  586,
  2013,
  759,
  1945,
  1211,
  815,
  1828,
  2076,
  2671,
  2807,
  2884,
  3007,
  4118,
  2134,
  1533,
  1936,
  2965,
  2988,
  4538,
  2056,
  2598,
  1080,
  544,
  1365,
  1631,
  1685,
  1610,
  2349,
  1993,
  1550,
  1217,
  939,
  949,
  720,
  0,
  2704,
  1559,
  1782,
  2321,
  3464,
  4146,
  2417,
  3108,
  1449,
  3909,
  4158,
  1541,
  2488,
  5332,
  3790,
  2640,
  2007,
  2611,
  4333,
  3932,
  1649,
  705,
  3084,
  1808,
  2080,
  1700,
  2467,
  929,
  1259,
  3362,
  1783,
  2384,
  1163,
  1920,
  1743,
  3652,
  2287,
  3645,
  2336,
  2863,
  3098,
  1402,
  3332,
  4137,
  2771],
 [4071,
  6086,
  4302,
  6369,
  6283,
  5395,
  5399,
  5984,
  5693,
  3913,
  2788,
  3218,
  3468,
  5127,
  6574,
  5674,
  5417,
  3355,
  3505,
  5307,
  2539,
  1806,
  2761,
  4531,
  1995,
  2727,
  5049,
  4569,
  3363,
  3499,
  3576,
  4744,
  4810,
  2826,
  2225,
  2628,
  3657,
  3680,
  6275,
  3676,
  3967,
  2050,
  3130,
  1911,
  1314,
  3638,
  1559,
  4461,
  5214,
  1395,
  3803,
  2396,
  3535,
  2843,
  3217,
  0,
  1831,
  1968,
  2507,
  1958,
  6433,
  4370,
  5061,
  4035,
  4601,
  5895,
  1684,
  5709,
  7069,
  5527,
  3332,
  3960,
  2797,
  6070,
  5669,
  2135,
  2630,
  3776,
  4394,
  5301,
  3304,
  3159,
  3052,
  2115,
  6583,
  1190,
  4337,
  1782,
  3873,
  3696,
  6873,
  2979,
  5932,
  3509,
  4816,
  3790,
  3988,
  6553,
  6424,
  4140],
 [2739,
  4532,
  2970,
  4815,
  5663,
  4063,
  3845,
  5364,
  4139,
  2359,
  1456,
  1664,
  1914,
  3573,
  5020,
  4120,
  3863,
  1801,
  1951,
  3753,
  1207,
  1111,
  1884,
  3199,
  511,
  1395,
  3495,
  3015,
  1809,
  1945,
  2022,
  3190,
  3256,
  1272,
  671,
  1074,
  2103,
  2126,
  4721,
  2122,
  2413,
  1355,
  1798,
  1216,
  619,
  2306,
  864,
  3129,
  3660,
  700,
  2471,
  1701,
  2203,
  1845,
  1885,
  1416,
  0,
  414,
  953,
  2176,
  5813,
  3038,
  3729,
  2703,
  3047,
  4341,
  989,
  4155,
  5515,
  3973,
  1778,
  2628,
  1243,
  4516,
  4115,
  1440,
  1935,
  2222,
  3062,
  3747,
  2321,
  1605,
  2054,
  1420,
  5029,
  495,
  3005,
  1087,
  2541,
  2364,
  5319,
  1425,
  5312,
  1955,
  3484,
  2236,
  2656,
  4999,
  5804,
  2586],
 [2761,
  4554,
  2992,
  4837,
  5685,
  4085,
  3867,
  5386,
  4161,
  2381,
  1478,
  1686,
  1688,
  3595,
  5042,
  4142,
  3885,
  1823,
  1973,
  3775,
  1229,
  1371,
  1906,
  3221,
  533,
  1417,
  3517,
  3037,
  1831,
  1967,
  1917,
  3212,
  3278,
  1294,
  693,
  1096,
  2125,
  2148,
  4743,
  2144,
  2435,
  1615,
  1820,
  1476,
  879,
  2328,
  1124,
  3151,
  3682,
  960,
  2493,
  1831,
  2225,
  1867,
  1907,
  1676,
  260,
  0,
  727,
  2436,
  6781,
  3060,
  3751,
  2725,
  3069,
  4363,
  1249,
  4177,
  5537,
  3995,
  1800,
  2650,
  1017,
  4538,
  4137,
  1700,
  1795,
  2318,
  3084,
  3769,
  2343,
  1627,
  2076,
  1680,
  5051,
  755,
  3027,
  720,
  2563,
  2386,
  5341,
  1447,
  5334,
  1977,
  3506,
  2258,
  2678,
  5021,
  5826,
  2608],
 [3619,
  5523,
  3850,
  5806,
  5831,
  4943,
  4836,
  5532,
  5130,
  3350,
  2336,
  2655,
  1168,
  3725,
  5172,
  4272,
  4015,
  2792,
  2263,
  3439,
  2087,
  1354,
  2410,
  4079,
  1543,
  2275,
  4486,
  4006,
  2261,
  2936,
  1397,
  4181,
  2564,
  1724,
  1773,
  2065,
  1733,
  1837,
  4873,
  3113,
  3404,
  1598,
  2678,
  1459,
  862,
  3186,
  1107,
  4009,
  4651,
  943,
  3351,
  1944,
  3083,
  2391,
  2765,
  1659,
  1379,
  958,
  0,
  2419,
  7639,
  3918,
  4609,
  3583,
  2355,
  4493,
  1232,
  5146,
  5110,
  4125,
  2769,
  3508,
  290,
  4668,
  4267,
  1683,
  2178,
  1798,
  3942,
  4738,
  3201,
  2596,
  2600,
  1663,
  6020,
  738,
  3885,
  1330,
  3421,
  3244,
  6310,
  1877,
  5480,
  2946,
  4364,
  3227,
  3536,
  5990,
  5972,
  3577],
 [3469,
  5484,
  3700,
  5767,
  5681,
  4793,
  4797,
  5382,
  5091,
  3311,
  2186,
  2616,
  2866,
  4525,
  5972,
  5072,
  4815,
  2753,
  2903,
  4705,
  1937,
  1204,
  2260,
  3929,
  1393,
  2125,
  4447,
  3967,
  2761,
  2897,
  2974,
  4142,
  4208,
  2224,
  1623,
  2026,
  3055,
  3078,
  5673,
  3074,
  3365,
  1448,
  2528,
  1309,
  712,
  3036,
  957,
  3859,
  4612,
  793,
  3201,
  1794,
  2933,
  2241,
  2615,
  638,
  1229,
  1366,
  1905,
  0,
  7489,
  3768,
  4459,
  3433,
  3999,
  5293,
  1082,
  5107,
  6467,
  4925,
  2730,
  3358,
  2195,
  5468,
  5067,
  1533,
  2028,
  3174,
  3792,
  4699,
  3051,
  2557,
  2450,
  1513,
  5981,
  588,
  3735,
  1180,
  3271,
  3094,
  6271,
  2377,
  5330,
  2907,
  4214,
  3188,
  3386,
  5951,
  5822,
  3538],
 [1765,
  1272,
  1828,
  1555,
  742,
  1047,
  1816,
  443,
  1473,
  2842,
  3394,
  3766,
  4630,
  3405,
  4852,
  3952,
  3695,
  3617,
  3800,
  4447,
  3691,
  5118,
  3191,
  1599,
  4316,
  3920,
  1792,
  2219,
  3912,
  3431,
  4401,
  3150,
  4742,
  4449,
  4016,
  4591,
  4065,
  4279,
  4553,
  3195,
  2741,
  4185,
  2903,
  4470,
  4736,
  2438,
  4715,
  1363,
  1631,
  4655,
  2308,
  4334,
  2498,
  4380,
  3660,
  5809,
  4664,
  4887,
  5739,
  6569,
  0,
  2066,
  733,
  2604,
  4533,
  4173,
  4646,
  1642,
  5347,
  3805,
  3875,
  1841,
  6029,
  4348,
  3947,
  4754,
  3137,
  4395,
  1951,
  1718,
  2453,
  3615,
  3143,
  4364,
  1769,
  4888,
  1428,
  4268,
  1928,
  2744,
  2059,
  4296,
  369,
  3475,
  1245,
  3722,
  2557,
  1739,
  883,
  2914],
 [966,
  1415,
  827,
  1698,
  1913,
  1025,
  1959,
  1614,
  1616,
  1740,
  2443,
  3909,
  4773,
  3548,
  4995,
  4095,
  3838,
  3760,
  3943,
  4590,
  2118,
  3545,
  1856,
  1742,
  2743,
  2347,
  1935,
  2362,
  4055,
  3574,
  4544,
  3293,
  4885,
  4592,
  3065,
  3468,
  4208,
  4422,
  4696,
  3338,
  2884,
  2612,
  1775,
  2897,
  3163,
  1103,
  3142,
  564,
  1774,
  3082,
  1270,
  2036,
  1370,
  1817,
  1532,
  4236,
  3091,
  3314,
  3853,
  4996,
  2063,
  0,
  691,
  1502,
  4676,
  4316,
  3073,
  1785,
  5490,
  3948,
  4018,
  506,
  4143,
  4491,
  4090,
  3181,
  1802,
  4538,
  2094,
  1861,
  1118,
  3758,
  1808,
  2791,
  1912,
  3315,
  629,
  2695,
  593,
  1409,
  2202,
  4439,
  1562,
  3618,
  446,
  3865,
  1455,
  1882,
  2054,
  3057],
 [1884,
  724,
  1280,
  1007,
  1222,
  1166,
  1268,
  923,
  925,
  2294,
  2846,
  3218,
  4082,
  2857,
  4304,
  3404,
  3147,
  3069,
  3252,
  3899,
  3143,
  4570,
  3871,
  1051,
  3768,
  3372,
  1244,
  1671,
  3364,
  2883,
  3853,
  2602,
  4194,
  3901,
  3468,
  4043,
  3517,
  3731,
  4005,
  2647,
  2193,
  3637,
  2355,
  3922,
  4188,
  2491,
  4167,
  1482,
  1083,
  4107,
  1760,
  3786,
  1950,
  3832,
  3112,
  5261,
  4116,
  4339,
  5191,
  6021,
  1372,
  1988,
  0,
  2056,
  3985,
  3625,
  4098,
  1094,
  4799,
  3257,
  3327,
  1960,
  5481,
  3800,
  3399,
  4206,
  3817,
  3847,
  1403,
  1170,
  2506,
  3067,
  3990,
  3816,
  1221,
  4340,
  1547,
  3720,
  2047,
  3591,
  1511,
  3748,
  871,
  2927,
  1364,
  3174,
  2009,
  1191,
  1363,
  2366],
 [2066,
  2002,
  853,
  2285,
  3123,
  2444,
  1315,
  2824,
  1609,
  238,
  1008,
  1178,
  2842,
  1715,
  3162,
  2262,
  2005,
  1108,
  1452,
  2631,
  1367,
  3164,
  2465,
  1082,
  2362,
  1611,
  965,
  1213,
  2124,
  1643,
  2613,
  1332,
  2954,
  2661,
  1630,
  2082,
  2277,
  2491,
  2863,
  607,
  953,
  1856,
  949,
  2141,
  2782,
  2127,
  2761,
  1486,
  1130,
  2701,
  354,
  2025,
  544,
  2426,
  1706,
  3855,
  2710,
  2933,
  3472,
  4615,
  3273,
  1395,
  2086,
  0,
  2745,
  2483,
  2692,
  1625,
  3657,
  2115,
  1279,
  1593,
  3762,
  2658,
  2257,
  2425,
  1989,
  2607,
  945,
  1217,
  2142,
  992,
  2584,
  2035,
  2499,
  2934,
  1729,
  2314,
  1680,
  2185,
  2789,
  2508,
  2772,
  887,
  1593,
  1934,
  47,
  2469,
  3264,
  1126],
 [4967,
  3807,
  3572,
  4090,
  4928,
  4249,
  3120,
  4629,
  3414,
  2379,
  3444,
  2713,
  1436,
  2311,
  3758,
  2858,
  2601,
  1426,
  1085,
  2025,
  3177,
  3899,
  3910,
  3343,
  3805,
  3421,
  2770,
  2290,
  718,
  1240,
  1207,
  2465,
  590,
  1255,
  3138,
  1852,
  871,
  1085,
  3459,
  2142,
  1688,
  3666,
  3722,
  3951,
  3407,
  4276,
  3652,
  4565,
  2935,
  3488,
  3127,
  3835,
  3317,
  3871,
  3855,
  4204,
  3307,
  3047,
  2545,
  4964,
  5078,
  4168,
  3935,
  2617,
  0,
  3079,
  4135,
  3430,
  3696,
  2711,
  1160,
  4366,
  2835,
  3254,
  2853,
  4228,
  3799,
  1201,
  2770,
  3022,
  4291,
  1424,
  4080,
  3845,
  4304,
  3283,
  4630,
  3757,
  4511,
  4334,
  4594,
  1102,
  4577,
  2422,
  4447,
  1007,
  2664,
  4274,
  5069,
  1861],
 [4866,
  3265,
  3471,
  3548,
  6649,
  4148,
  2644,
  6350,
  3313,
  2246,
  2897,
  2580,
  3327,
  768,
  679,
  221,
  584,
  2853,
  3036,
  1666,
  3256,
  4781,
  3989,
  3242,
  3884,
  3500,
  2669,
  2189,
  2609,
  2667,
  3098,
  1103,
  3439,
  3146,
  3209,
  3827,
  2762,
  2976,
  380,
  2009,
  1977,
  3745,
  3621,
  4030,
  4304,
  4799,
  4534,
  4464,
  2834,
  4223,
  3026,
  3914,
  3216,
  3950,
  4378,
  5086,
  3670,
  3893,
  4436,
  5846,
  6799,
  4067,
  3834,
  2484,
  3230,
  0,
  4214,
  2992,
  1174,
  368,
  3111,
  4265,
  4726,
  175,
  226,
  4314,
  3878,
  3092,
  2669,
  2921,
  4814,
  2394,
  4159,
  3924,
  3762,
  4165,
  4529,
  3836,
  4352,
  4857,
  4052,
  2993,
  6298,
  2289,
  4346,
  2958,
  2531,
  3732,
  6790,
  2150],
 [2667,
  4047,
  2898,
  4330,
  4879,
  3991,
  3360,
  4580,
  3654,
  2869,
  1384,
  2770,
  2662,
  4679,
  6126,
  5226,
  4969,
  2907,
  3057,
  4859,
  1135,
  472,
  1178,
  3127,
  591,
  1122,
  3010,
  3258,
  2915,
  3051,
  2891,
  4296,
  4362,
  2378,
  1777,
  2180,
  3209,
  3232,
  5827,
  3228,
  3519,
  366,
  1726,
  227,
  866,
  2234,
  125,
  3057,
  3175,
  947,
  2399,
  712,
  2131,
  1159,
  1813,
  1399,
  939,
  1162,
  1701,
  2159,
  6687,
  2966,
  3657,
  2631,
  4153,
  5447,
  0,
  3670,
  6621,
  5079,
  2884,
  2556,
  1991,
  5622,
  5221,
  801,
  946,
  3328,
  2990,
  3262,
  1863,
  2711,
  1368,
  431,
  4544,
  742,
  2933,
  378,
  2469,
  1595,
  4834,
  2531,
  4528,
  3061,
  3412,
  3342,
  2584,
  4514,
  5020,
  3692],
 [2204,
  499,
  1292,
  782,
  2165,
  1486,
  310,
  1866,
  1134,
  1886,
  2438,
  2810,
  3674,
  2118,
  3565,
  2665,
  2408,
  2661,
  2844,
  3160,
  2735,
  4162,
  3463,
  1063,
  3360,
  2964,
  779,
  1263,
  2956,
  2475,
  3445,
  2025,
  3786,
  3493,
  3060,
  3635,
  3109,
  3323,
  3266,
  2239,
  1785,
  3229,
  1947,
  3514,
  3780,
  3125,
  3759,
  1802,
  495,
  3699,
  1352,
  3378,
  1542,
  3424,
  2704,
  4853,
  3708,
  3931,
  4783,
  5613,
  2315,
  2000,
  1172,
  1648,
  3577,
  2886,
  3690,
  0,
  4060,
  2518,
  2919,
  2280,
  5073,
  3061,
  2660,
  3798,
  3409,
  3439,
  995,
  742,
  3140,
  2659,
  3582,
  3408,
  996,
  3932,
  1867,
  3312,
  2367,
  3183,
  1286,
  3340,
  1814,
  2519,
  1684,
  2766,
  1601,
  966,
  1820,
  1958],
 [6040,
  4439,
  4645,
  4722,
  7823,
  5322,
  3818,
  7524,
  4487,
  3420,
  4071,
  3754,
  3941,
  1942,
  495,
  1395,
  1758,
  4027,
  3374,
  1311,
  4430,
  5955,
  5163,
  4416,
  6208,
  6022,
  3843,
  3363,
  3223,
  3841,
  3712,
  2277,
  3304,
  3760,
  4383,
  4357,
  3376,
  3590,
  822,
  3183,
  3151,
  6267,
  4795,
  6552,
  5478,
  5973,
  6157,
  5638,
  4008,
  5397,
  4200,
  5088,
  4390,
  5124,
  5552,
  6260,
  4844,
  5552,
  5050,
  7020,
  7973,
  5241,
  5008,
  3658,
  3232,
  1174,
  6538,
  4166,
  0,
  1542,
  3665,
  5439,
  5340,
  999,
  1400,
  5488,
  6400,
  3706,
  3843,
  4095,
  5988,
  3568,
  6430,
  5098,
  4936,
  5339,
  5703,
  5010,
  5526,
  6031,
  5226,
  3607,
  7472,
  3463,
  5520,
  4132,
  3705,
  4906,
  7964,
  3324],
 [4498,
  2897,
  3103,
  3180,
  6281,
  3780,
  2276,
  5982,
  2945,
  1878,
  2529,
  2212,
  2959,
  400,
  1047,
  147,
  216,
  2485,
  2668,
  1298,
  2888,
  4413,
  3621,
  2874,
  4666,
  3132,
  2301,
  1821,
  2241,
  2299,
  2730,
  735,
  3071,
  2778,
  2841,
  3459,
  2394,
  2608,
  748,
  1641,
  1609,
  3377,
  3253,
  3662,
  5086,
  4431,
  5065,
  4096,
  2466,
  5005,
  2658,
  4894,
  2848,
  3582,
  4010,
  4718,
  3302,
  4570,
  4068,
  5478,
  6431,
  3699,
  3466,
  2116,
  2862,
  368,
  4996,
  2624,
  1542,
  0,
  2743,
  3897,
  4358,
  543,
  142,
  5294,
  4858,
  2724,
  2301,
  2553,
  4446,
  2026,
  4888,
  3556,
  3394,
  3797,
  4161,
  3468,
  3984,
  4489,
  3684,
  2625,
  5930,
  1921,
  3978,
  2590,
  2163,
  3364,
  6422,
  1782],
 [4459,
  3299,
  3064,
  3582,
  4420,
  3741,
  2612,
  4121,
  2906,
  1041,
  1689,
  1375,
  1213,
  2340,
  3787,
  2887,
  2630,
  289,
  203,
  1996,
  2040,
  3470,
  2773,
  2835,
  2668,
  2284,
  2262,
  1782,
  418,
  555,
  984,
  1957,
  1499,
  742,
  2001,
  889,
  648,
  862,
  3488,
  804,
  1180,
  2529,
  2631,
  2814,
  3088,
  3139,
  3067,
  2765,
  2427,
  3007,
  1633,
  2698,
  1823,
  2734,
  2718,
  4161,
  2462,
  2824,
  2322,
  4921,
  4570,
  2674,
  3427,
  1279,
  1290,
  3108,
  2998,
  2922,
  3667,
  2740,
  0,
  3461,
  2612,
  3283,
  2882,
  3098,
  2662,
  978,
  2262,
  2514,
  3154,
  287,
  3029,
  2708,
  3796,
  3240,
  4122,
  2620,
  3374,
  3197,
  4086,
  802,
  4069,
  1084,
  3939,
  479,
  1326,
  3766,
  4561,
  1353],
 [1376,
  1825,
  506,
  2108,
  2323,
  1435,
  1494,
  2024,
  1366,
  1419,
  1937,
  2359,
  4308,
  3211,
  4658,
  3758,
  3501,
  2289,
  3478,
  4127,
  1612,
  3039,
  1350,
  735,
  2237,
  1841,
  1470,
  1897,
  3590,
  3109,
  4079,
  2828,
  4420,
  3160,
  2559,
  2962,
  3743,
  3957,
  4359,
  1788,
  2419,
  2106,
  1454,
  2391,
  2657,
  597,
  2636,
  501,
  1309,
  2576,
  949,
  1530,
  1049,
  1311,
  1026,
  3730,
  2585,
  2808,
  3347,
  4490,
  2473,
  410,
  1101,
  1181,
  4211,
  3979,
  2567,
  2195,
  5153,
  3611,
  2460,
  0,
  3637,
  4154,
  3753,
  2675,
  1296,
  4073,
  1629,
  1396,
  612,
  2173,
  1302,
  2285,
  2322,
  2809,
  1039,
  2189,
  87,
  903,
  2612,
  3313,
  1972,
  2068,
  856,
  3400,
  1134,
  2292,
  2464,
  2592],
 [3329,
  5344,
  3560,
  5627,
  5541,
  4653,
  4657,
  5242,
  4951,
  3171,
  2046,
  2476,
  2726,
  4385,
  5832,
  4932,
  4675,
  2613,
  2763,
  4565,
  1797,
  1064,
  2120,
  3789,
  1253,
  1985,
  4307,
  3827,
  2621,
  2757,
  2834,
  4002,
  4068,
  2084,
  1483,
  1886,
  2915,
  2938,
  5533,
  2934,
  3225,
  1308,
  2388,
  1169,
  572,
  2896,
  817,
  3719,
  4472,
  653,
  3061,
  1654,
  2793,
  2101,
  2475,
  1369,
  1089,
  1226,
  1765,
  2129,
  7349,
  3628,
  4319,
  3293,
  3859,
  5153,
  942,
  4967,
  6327,
  4785,
  2590,
  3218,
  0,
  5328,
  4927,
  1393,
  1888,
  3034,
  3652,
  4559,
  2911,
  2417,
  2396,
  1373,
  5841,
  448,
  3595,
  1040,
  3131,
  2954,
  6131,
  2237,
  5190,
  2767,
  4074,
  3048,
  3246,
  5811,
  5682,
  3398],
 [4906,
  3440,
  3646,
  3723,
  4867,
  4188,
  2819,
  4568,
  3488,
  2421,
  3072,
  2755,
  3502,
  943,
  504,
  396,
  759,
  3028,
  3211,
  1841,
  4779,
  4956,
  5512,
  3417,
  5209,
  5023,
  2844,
  2364,
  2784,
  2842,
  3273,
  1278,
  3614,
  3321,
  3384,
  4002,
  2937,
  3151,
  205,
  2184,
  2152,
  5268,
  3796,
  5553,
  5629,
  4974,
  5608,
  4504,
  3009,
  5548,
  3201,
  5437,
  3391,
  5473,
  4553,
  5261,
  3845,
  5113,
  4611,
  6021,
  5017,
  4242,
  3874,
  2659,
  3405,
  175,
  5539,
  3167,
  999,
  543,
  3286,
  4440,
  4901,
  0,
  401,
  5837,
  5401,
  3267,
  2844,
  3096,
  4989,
  2569,
  5431,
  5447,
  3937,
  4340,
  4569,
  5161,
  4527,
  5032,
  4227,
  3168,
  4516,
  2464,
  4386,
  3133,
  2706,
  3907,
  4694,
  2325],
 [4505,
  3039,
  3245,
  3322,
  4466,
  3787,
  2418,
  4167,
  3087,
  2020,
  2671,
  2354,
  3101,
  542,
  905,
  5,
  358,
  2627,
  2810,
  1440,
  4378,
  4555,
  5111,
  3016,
  4808,
  4622,
  2443,
  1963,
  2383,
  2441,
  2872,
  877,
  3213,
  2920,
  2983,
  3601,
  2536,
  2750,
  606,
  1783,
  1751,
  4867,
  3395,
  5152,
  5228,
  4573,
  5207,
  4103,
  2608,
  5147,
  2800,
  5036,
  2990,
  5072,
  4152,
  4860,
  3444,
  4712,
  4210,
  5620,
  4616,
  3841,
  3473,
  2258,
  3004,
  226,
  5138,
  2766,
  1400,
  142,
  2885,
  4039,
  4500,
  401,
  0,
  5436,
  5000,
  2866,
  2443,
  2695,
  4588,
  2168,
  5030,
  5046,
  3536,
  3939,
  4168,
  4760,
  4126,
  4631,
  3826,
  2767,
  4115,
  2063,
  3985,
  2732,
  2305,
  3506,
  4293,
  1924],
 [3483,
  6039,
  3714,
  6322,
  5695,
  4807,
  5352,
  5396,
  5646,
  3866,
  2200,
  3171,
  3421,
  5080,
  6527,
  5627,
  5370,
  3308,
  3458,
  5260,
  1951,
  458,
  1398,
  3943,
  1407,
  1342,
  5002,
  4522,
  3316,
  3452,
  3529,
  4697,
  4763,
  2779,
  2178,
  2581,
  3610,
  3633,
  6228,
  3629,
  3920,
  652,
  2542,
  513,
  1267,
  2302,
  941,
  3873,
  5167,
  1348,
  3215,
  932,
  2947,
  1379,
  1937,
  1800,
  1784,
  1921,
  2460,
  2560,
  7503,
  3782,
  4473,
  3447,
  4554,
  5848,
  816,
  5662,
  7022,
  5480,
  3285,
  3372,
  2750,
  6023,
  5622,
  0,
  1166,
  3729,
  3806,
  5254,
  2083,
  3112,
  1674,
  505,
  6536,
  1143,
  3749,
  1194,
  3285,
  1815,
  6826,
  2932,
  5344,
  3462,
  4228,
  3743,
  3400,
  6506,
  5836,
  4093],
 [1653,
  3636,
  2487,
  3919,
  3852,
  2964,
  2949,
  3553,
  3243,
  2298,
  1134,
  2749,
  3336,
  4161,
  5608,
  4708,
  4451,
  2886,
  3036,
  5077,
  1043,
  1336,
  232,
  2716,
  1421,
  436,
  2599,
  2847,
  2894,
  3030,
  3107,
  3778,
  4341,
  2357,
  1756,
  2159,
  3188,
  3211,
  5309,
  2667,
  3369,
  580,
  1315,
  865,
  1841,
  1136,
  1071,
  2030,
  2764,
  1760,
  1988,
  234,
  1720,
  213,
  771,
  2345,
  1769,
  1992,
  2531,
  3105,
  5673,
  1939,
  2630,
  2060,
  4132,
  4929,
  946,
  3259,
  6103,
  4561,
  2863,
  1529,
  2821,
  5104,
  4703,
  1555,
  0,
  3307,
  2579,
  2851,
  917,
  2690,
  508,
  759,
  4133,
  1993,
  1919,
  1373,
  1442,
  649,
  4423,
  2510,
  3501,
  2947,
  2385,
  3321,
  2013,
  4103,
  3993,
  3542],
 [5048,
  3888,
  3653,
  4171,
  5019,
  4330,
  3201,
  4720,
  3495,
  2460,
  2595,
  2468,
  835,
  2392,
  3839,
  2939,
  2682,
  1507,
  845,
  2106,
  2946,
  3083,
  3679,
  3424,
  3574,
  3190,
  2851,
  2371,
  694,
  1321,
  606,
  2546,
  949,
  1020,
  2907,
  1878,
  400,
  504,
  3540,
  2223,
  1769,
  3435,
  3537,
  3188,
  2591,
  4045,
  2836,
  4646,
  3016,
  2672,
  3208,
  3604,
  3398,
  3640,
  3624,
  3388,
  2491,
  2231,
  1729,
  4148,
  5169,
  4249,
  4016,
  2698,
  1022,
  3160,
  2961,
  3861,
  3777,
  2792,
  1048,
  4367,
  2019,
  3335,
  2934,
  3412,
  3568,
  0,
  2851,
  3103,
  4060,
  1505,
  3935,
  3614,
  4385,
  2467,
  4711,
  3526,
  4280,
  4103,
  4675,
  867,
  4668,
  2503,
  4528,
  1088,
  2745,
  4355,
  5160,
  1942],
 [2709,
  1549,
  1314,
  1832,
  2670,
  1991,
  862,
  2371,
  1156,
  1481,
  1955,
  1815,
  2679,
  1582,
  3029,
  2129,
  1872,
  1666,
  1849,
  2498,
  2252,
  3679,
  2980,
  1085,
  2877,
  2481,
  512,
  268,
  1961,
  1480,
  2450,
  1199,
  2791,
  2498,
  2444,
  2640,
  2114,
  2328,
  2730,
  1244,
  790,
  2746,
  1464,
  3031,
  3297,
  2642,
  3276,
  2307,
  677,
  3216,
  869,
  2895,
  1059,
  2941,
  2221,
  4370,
  3225,
  3448,
  3788,
  5130,
  2820,
  1910,
  1677,
  1165,
  2582,
  2350,
  3207,
  1172,
  3524,
  1982,
  1924,
  2108,
  4078,
  2525,
  2124,
  3315,
  2926,
  2444,
  0,
  764,
  2657,
  1664,
  3099,
  2925,
  2046,
  3449,
  2372,
  2829,
  2195,
  2700,
  2336,
  2345,
  2319,
  1524,
  2189,
  1771,
  1118,
  2016,
  2811,
  963],
 [1945,
  785,
  550,
  1068,
  1906,
  1227,
  504,
  1607,
  392,
  1629,
  2777,
  2488,
  3352,
  2255,
  3702,
  2802,
  2545,
  2339,
  2522,
  3171,
  2452,
  3879,
  3180,
  321,
  3077,
  2681,
  514,
  941,
  2634,
  2153,
  3123,
  1872,
  3464,
  3171,
  3399,
  3313,
  2787,
  3001,
  3403,
  1917,
  1463,
  2946,
  1664,
  3231,
  3497,
  1761,
  3476,
  1543,
  335,
  3416,
  1159,
  3095,
  1259,
  3141,
  2421,
  4570,
  3425,
  3648,
  4187,
  5330,
  2056,
  1258,
  913,
  1391,
  3255,
  3023,
  3407,
  1155,
  4197,
  2655,
  2597,
  1456,
  4477,
  3198,
  2797,
  3515,
  3126,
  3117,
  673,
  0,
  1776,
  2337,
  3299,
  3125,
  1282,
  3649,
  1608,
  3029,
  1543,
  2900,
  1572,
  3018,
  1555,
  2197,
  1425,
  2444,
  1344,
  1252,
  2047,
  1636],
 [755,
  2437,
  1118,
  2720,
  2935,
  2047,
  2106,
  2636,
  1978,
  2335,
  1559,
  3174,
  3761,
  4038,
  5485,
  4585,
  4328,
  3311,
  3461,
  4954,
  1234,
  2661,
  971,
  1347,
  1859,
  1155,
  2476,
  2724,
  3319,
  3455,
  3532,
  3655,
  4766,
  2782,
  2181,
  2584,
  3613,
  3636,
  5186,
  2704,
  3246,
  1728,
  1192,
  2013,
  2279,
  219,
  2258,
  1113,
  1921,
  2198,
  1865,
  1151,
  1597,
  932,
  648,
  3352,
  2207,
  2430,
  2969,
  4112,
  3085,
  1022,
  1713,
  2097,
  4557,
  4806,
  2189,
  2807,
  5980,
  4438,
  3288,
  612,
  3259,
  4981,
  4580,
  2294,
  917,
  3732,
  2456,
  2008,
  0,
  3115,
  809,
  1795,
  2934,
  2431,
  1021,
  1811,
  525,
  410,
  3224,
  2935,
  2584,
  2984,
  1468,
  3746,
  2050,
  2904,
  3076,
  3419],
 [4201,
  3041,
  1845,
  3324,
  4162,
  3483,
  2354,
  3863,
  2648,
  754,
  1516,
  1088,
  1653,
  1625,
  3072,
  2172,
  1915,
  116,
  460,
  2262,
  1867,
  3297,
  2600,
  2577,
  2495,
  2111,
  2004,
  1524,
  935,
  454,
  1424,
  1242,
  1765,
  1472,
  1828,
  1090,
  1088,
  1302,
  2773,
  517,
  922,
  2356,
  2458,
  2641,
  2915,
  2966,
  2894,
  2478,
  2169,
  2834,
  1346,
  2525,
  1536,
  2561,
  2545,
  3988,
  2289,
  3169,
  2667,
  4748,
  4312,
  2387,
  3169,
  992,
  1556,
  2393,
  2825,
  2664,
  3567,
  2025,
  287,
  3288,
  2957,
  2568,
  2167,
  2925,
  2489,
  1418,
  2004,
  2256,
  2981,
  0,
  2856,
  2535,
  3538,
  3067,
  3864,
  2447,
  3201,
  3024,
  3828,
  1319,
  3811,
  797,
  3681,
  745,
  1039,
  3508,
  4303,
  1095],
 [1080,
  3240,
  2091,
  3523,
  3292,
  2404,
  2553,
  2993,
  2847,
  2062,
  1286,
  2901,
  3488,
  3765,
  5212,
  4312,
  4055,
  3038,
  3188,
  4681,
  961,
  2388,
  700,
  2320,
  1586,
  1190,
  2203,
  2451,
  3046,
  3182,
  3259,
  3382,
  4493,
  2509,
  1908,
  2311,
  3340,
  3363,
  4913,
  2431,
  2973,
  1455,
  919,
  1740,
  2006,
  647,
  1985,
  1470,
  2368,
  1925,
  1592,
  880,
  1324,
  661,
  375,
  3079,
  1934,
  2157,
  2696,
  3839,
  5100,
  1379,
  2070,
  1824,
  4284,
  4533,
  1916,
  2863,
  5707,
  4165,
  3015,
  969,
  2986,
  4708,
  4307,
  2024,
  646,
  3459,
  2183,
  2455,
  662,
  2842,
  0,
  1634,
  3737,
  2158,
  1346,
  1538,
  882,
  253,
  4027,
  2662,
  2941,
  2711,
  1825,
  3473,
  1777,
  3707,
  3433,
  3146],
 [3098,
  4582,
  3329,
  4865,
  4611,
  3723,
  3791,
  4312,
  4189,
  2797,
  1633,
  3201,
  3093,
  5110,
  6557,
  5657,
  5400,
  3338,
  3488,
  5290,
  1566,
  821,
  991,
  3558,
  1022,
  935,
  3441,
  3689,
  3346,
  3482,
  3322,
  4727,
  4793,
  2809,
  2208,
  2611,
  3640,
  3663,
  6258,
  3659,
  3950,
  245,
  2157,
  204,
  1297,
  1895,
  556,
  2789,
  3606,
  1378,
  2830,
  525,
  2562,
  972,
  1530,
  1830,
  1370,
  1593,
  2132,
  2590,
  7118,
  2698,
  3389,
  2559,
  4584,
  5878,
  431,
  4101,
  7052,
  5510,
  3315,
  2288,
  2422,
  6053,
  5652,
  600,
  759,
  3759,
  3421,
  3693,
  1676,
  3142,
  1267,
  0,
  5079,
  1173,
  3364,
  809,
  2201,
  1408,
  5369,
  2962,
  4260,
  3492,
  3144,
  3773,
  2512,
  5049,
  4752,
  4123],
 [2322,
  707,
  1738,
  283,
  2283,
  1604,
  1297,
  1984,
  1383,
  2752,
  3926,
  3676,
  4540,
  3189,
  4636,
  3736,
  3479,
  3527,
  3710,
  4231,
  3601,
  5028,
  4329,
  1509,
  4226,
  3830,
  1702,
  2129,
  3822,
  3341,
  4311,
  3096,
  4652,
  4359,
  4548,
  4501,
  3975,
  4189,
  4337,
  3105,
  2651,
  4095,
  2813,
  4380,
  4646,
  2995,
  4625,
  1920,
  1482,
  4565,
  2218,
  4244,
  2408,
  4290,
  3570,
  5719,
  4574,
  4797,
  5649,
  6479,
  2433,
  2446,
  1290,
  2514,
  4443,
  3957,
  4556,
  987,
  5131,
  3589,
  3785,
  2398,
  5939,
  4132,
  3731,
  4664,
  4275,
  4305,
  1861,
  1729,
  3010,
  3525,
  4448,
  4274,
  0,
  4798,
  1985,
  4178,
  2485,
  4049,
  787,
  4206,
  1932,
  3385,
  1802,
  3632,
  2467,
  467,
  1938,
  2824],
 [3145,
  5160,
  3376,
  5443,
  5357,
  4469,
  4473,
  5058,
  4767,
  2987,
  1862,
  2292,
  2542,
  4201,
  5648,
  4748,
  4491,
  2429,
  2579,
  4381,
  1613,
  616,
  1672,
  3605,
  1069,
  1801,
  4123,
  3643,
  2437,
  2573,
  2650,
  3818,
  3884,
  1900,
  1299,
  1702,
  2731,
  2754,
  5349,
  2750,
  3041,
  860,
  2204,
  721,
  388,
  2712,
  369,
  3535,
  4288,
  469,
  2877,
  1206,
  2609,
  1653,
  2291,
  921,
  905,
  1042,
  1581,
  1681,
  7165,
  3444,
  4135,
  3109,
  3675,
  4969,
  494,
  4783,
  6143,
  4601,
  2406,
  3034,
  1871,
  5144,
  4743,
  945,
  1440,
  2850,
  3468,
  4375,
  2727,
  2233,
  1948,
  925,
  5657,
  0,
  3411,
  856,
  2947,
  2770,
  5947,
  2053,
  5006,
  2583,
  3890,
  2864,
  3062,
  5627,
  5498,
  3214],
 [548,
  1453,
  991,
  1736,
  1951,
  1063,
  1997,
  1652,
  1654,
  1904,
  2607,
  3947,
  4811,
  3586,
  5033,
  4133,
  3876,
  3798,
  3981,
  4628,
  2282,
  3709,
  2020,
  1780,
  2907,
  2511,
  1973,
  2400,
  4093,
  3612,
  4582,
  3331,
  4923,
  4630,
  3229,
  3632,
  4246,
  4460,
  4734,
  3376,
  2922,
  2776,
  1939,
  3061,
  3327,
  1267,
  3306,
  192,
  1812,
  3246,
  1434,
  2200,
  1534,
  1981,
  1696,
  4400,
  3255,
  3478,
  4017,
  5160,
  2101,
  895,
  729,
  1666,
  4714,
  4354,
  3237,
  1823,
  5528,
  3986,
  4056,
  670,
  4307,
  4529,
  4128,
  3345,
  1966,
  4576,
  2132,
  1899,
  1282,
  3796,
  1972,
  2955,
  1950,
  3479,
  0,
  2859,
  757,
  1573,
  2240,
  4477,
  1600,
  3656,
  150,
  3903,
  1619,
  1920,
  2092,
  3095],
 [2289,
  3669,
  2520,
  3952,
  4501,
  3613,
  2982,
  4202,
  3276,
  2491,
  1006,
  2108,
  2358,
  4017,
  5464,
  4564,
  4307,
  2245,
  2395,
  4197,
  757,
  850,
  1434,
  2749,
  287,
  945,
  2632,
  2880,
  2253,
  2389,
  2587,
  3634,
  3700,
  1716,
  1115,
  1518,
  2547,
  2570,
  5165,
  2860,
  2857,
  744,
  1348,
  605,
  468,
  1856,
  447,
  2679,
  2797,
  387,
  2021,
  1090,
  1753,
  1395,
  1435,
  1541,
  635,
  858,
  1397,
  2301,
  6309,
  2588,
  3279,
  2253,
  3491,
  4785,
  378,
  3292,
  5959,
  4417,
  2222,
  2178,
  1687,
  4960,
  4559,
  1565,
  1323,
  2666,
  2612,
  2884,
  1871,
  2049,
  1690,
  809,
  4166,
  620,
  2555,
  0,
  2091,
  1914,
  4456,
  1869,
  4150,
  2399,
  3034,
  2680,
  2206,
  4136,
  4642,
  3030],
 [1463,
  1912,
  593,
  2195,
  2410,
  1522,
  1581,
  2111,
  1453,
  1506,
  1850,
  2446,
  4395,
  3298,
  4745,
  3845,
  3588,
  2376,
  3565,
  4214,
  1525,
  2952,
  1263,
  822,
  2150,
  1754,
  1557,
  1984,
  3677,
  3196,
  4166,
  2915,
  4507,
  3073,
  2472,
  2875,
  3830,
  4044,
  4446,
  1875,
  2506,
  2019,
  1483,
  2304,
  2570,
  510,
  2549,
  588,
  1396,
  2489,
  1036,
  1443,
  1136,
  1224,
  939,
  3643,
  2498,
  2721,
  3260,
  4403,
  2560,
  497,
  1188,
  1268,
  4298,
  4066,
  2480,
  2282,
  5240,
  3698,
  2547,
  87,
  3550,
  4241,
  3840,
  2588,
  1209,
  4160,
  1716,
  1483,
  525,
  2260,
  1215,
  2198,
  2409,
  2722,
  670,
  2102,
  0,
  816,
  2699,
  3226,
  2059,
  2155,
  943,
  3487,
  1221,
  2379,
  2551,
  2679],
 [1488,
  3471,
  2322,
  3754,
  3700,
  2812,
  2784,
  3401,
  3078,
  2293,
  1517,
  3132,
  3719,
  3996,
  5443,
  4543,
  4286,
  3269,
  3419,
  4912,
  1192,
  2202,
  447,
  2551,
  1817,
  631,
  2434,
  2682,
  3277,
  3413,
  3490,
  3613,
  4724,
  2740,
  2139,
  2542,
  3571,
  3594,
  5144,
  2662,
  3204,
  973,
  1150,
  1475,
  2237,
  1055,
  2216,
  1878,
  2599,
  2156,
  1823,
  627,
  1555,
  408,
  606,
  3310,
  2165,
  2388,
  2927,
  4070,
  5508,
  1787,
  2478,
  2055,
  4515,
  4764,
  2147,
  3094,
  5938,
  4396,
  3246,
  1377,
  3217,
  4939,
  4538,
  1770,
  393,
  3690,
  2414,
  2686,
  758,
  3073,
  399,
  1271,
  3968,
  2389,
  1754,
  1769,
  1290,
  0,
  4258,
  2893,
  3349,
  2942,
  2233,
  3704,
  2008,
  3938,
  3841,
  3377],
 [2625,
  1170,
  2041,
  586,
  1287,
  1907,
  1600,
  2297,
  1686,
  3055,
  4229,
  3979,
  4843,
  3492,
  4939,
  4039,
  3782,
  3830,
  4013,
  4534,
  3904,
  5331,
  4632,
  1812,
  4529,
  4133,
  2005,
  2432,
  4125,
  3644,
  4614,
  3399,
  4955,
  4662,
  4851,
  4804,
  4278,
  4492,
  4640,
  3408,
  2954,
  4398,
  3116,
  4683,
  4949,
  3298,
  4928,
  2223,
  1785,
  4868,
  2521,
  4547,
  2711,
  4593,
  3873,
  6022,
  4877,
  5100,
  5952,
  6782,
  1437,
  2749,
  1593,
  2817,
  4746,
  4260,
  4859,
  1290,
  5434,
  3892,
  4088,
  2701,
  6242,
  4435,
  4034,
  4967,
  4578,
  4608,
  2164,
  2032,
  3313,
  3828,
  4751,
  4577,
  816,
  5101,
  2288,
  4481,
  2788,
  4352,
  0,
  4509,
  1806,
  3688,
  2105,
  3935,
  2770,
  770,
  790,
  3127],
 [3350,
  4048,
  3813,
  4331,
  5179,
  4490,
  3361,
  4880,
  3655,
  1813,
  1467,
  1340,
  826,
  2552,
  3999,
  3099,
  2842,
  1061,
  599,
  2266,
  1818,
  3174,
  2551,
  3584,
  2446,
  2062,
  3011,
  2531,
  384,
  1481,
  597,
  2706,
  1428,
  153,
  1779,
  750,
  678,
  701,
  3700,
  2383,
  1929,
  2307,
  2409,
  2592,
  2866,
  2917,
  2845,
  3740,
  3176,
  2785,
  3082,
  2476,
  2814,
  2512,
  2496,
  3479,
  2240,
  2322,
  1820,
  4239,
  5329,
  3649,
  4176,
  2051,
  1219,
  3320,
  2776,
  4021,
  3937,
  2952,
  802,
  3239,
  2110,
  3495,
  3094,
  2876,
  2440,
  797,
  3011,
  3263,
  2932,
  1059,
  2807,
  2486,
  4545,
  2558,
  3616,
  2398,
  3152,
  2975,
  4835,
  0,
  4828,
  1631,
  4688,
  1003,
  2098,
  4515,
  5320,
  2102],
 [1396,
  903,
  1459,
  1186,
  1401,
  678,
  1447,
  1102,
  1104,
  2473,
  3025,
  3397,
  4261,
  3036,
  4483,
  3583,
  3326,
  3248,
  3431,
  4078,
  3322,
  4749,
  4050,
  1230,
  3947,
  3551,
  1423,
  1850,
  3543,
  3062,
  4032,
  2781,
  4373,
  4080,
  3647,
  4222,
  3696,
  3910,
  4184,
  2826,
  2372,
  3816,
  2534,
  4101,
  4367,
  2069,
  4346,
  994,
  1262,
  4286,
  1939,
  3965,
  2129,
  4011,
  3291,
  5440,
  4295,
  4518,
  5370,
  6200,
  1551,
  1697,
  364,
  2235,
  4164,
  3804,
  4277,
  1273,
  4978,
  3436,
  3506,
  1472,
  5660,
  3979,
  3578,
  4385,
  3996,
  4026,
  1582,
  1349,
  2084,
  3246,
  2774,
  3995,
  1400,
  4519,
  1059,
  3899,
  1559,
  2375,
  1690,
  3927,
  0,
  3106,
  876,
  3353,
  2188,
  1370,
  1542,
  2545],
 [2953,
  2899,
  1740,
  3182,
  4030,
  3341,
  2212,
  3731,
  2506,
  649,
  608,
  291,
  2647,
  1520,
  2967,
  2067,
  1810,
  913,
  1257,
  2436,
  967,
  2492,
  1700,
  1969,
  1595,
  1211,
  1862,
  1382,
  1929,
  1448,
  2418,
  1137,
  2759,
  2466,
  920,
  1323,
  2082,
  2296,
  2668,
  280,
  758,
  1456,
  1836,
  1741,
  2015,
  2066,
  1994,
  2373,
  2027,
  1934,
  1241,
  1625,
  1431,
  1661,
  1645,
  2797,
  1381,
  1604,
  2143,
  3557,
  4180,
  2282,
  3027,
  887,
  2550,
  2288,
  1925,
  2522,
  3462,
  1920,
  1084,
  2388,
  2433,
  2463,
  2062,
  2025,
  1589,
  2412,
  1862,
  2114,
  2081,
  797,
  1956,
  1635,
  3396,
  1876,
  2616,
  1547,
  2301,
  2124,
  3686,
  2313,
  3679,
  0,
  3539,
  1739,
  934,
  3366,
  4171,
  931],
 [520,
  1303,
  917,
  1586,
  1801,
  913,
  1847,
  1502,
  1504,
  1830,
  2533,
  3797,
  4661,
  3436,
  4883,
  3983,
  3726,
  3648,
  3831,
  4478,
  2208,
  3635,
  1946,
  1630,
  2833,
  2437,
  1823,
  2250,
  3943,
  3462,
  4432,
  3181,
  4773,
  4480,
  3155,
  3558,
  4096,
  4310,
  4584,
  3226,
  2772,
  2702,
  1865,
  2987,
  3253,
  1193,
  3232,
  118,
  1662,
  3172,
  1360,
  2126,
  1460,
  1907,
  1622,
  4326,
  3181,
  3404,
  3943,
  5086,
  1951,
  821,
  579,
  1592,
  4564,
  4204,
  3163,
  1673,
  5378,
  3836,
  3906,
  596,
  4233,
  4379,
  3978,
  3271,
  1892,
  4426,
  1982,
  1749,
  1208,
  3646,
  1898,
  2881,
  1800,
  3405,
  183,
  2785,
  683,
  1499,
  2090,
  4327,
  1450,
  3506,
  0,
  3753,
  1545,
  1770,
  1942,
  2945],
 [4459,
  3545,
  3064,
  3828,
  4430,
  3741,
  2612,
  4131,
  2906,
  1871,
  2041,
  2205,
  908,
  1803,
  3250,
  2350,
  2093,
  918,
  341,
  1517,
  2392,
  3371,
  3125,
  2835,
  3020,
  2636,
  2262,
  1782,
  190,
  732,
  679,
  1710,
  1020,
  727,
  2353,
  1324,
  343,
  557,
  2951,
  1634,
  1180,
  2881,
  2983,
  3166,
  2879,
  3491,
  3124,
  4057,
  2427,
  2960,
  2619,
  3050,
  2809,
  3086,
  3070,
  3676,
  2779,
  2519,
  2017,
  4436,
  4580,
  3660,
  3427,
  2109,
  811,
  2571,
  3249,
  3272,
  3188,
  2203,
  544,
  3813,
  2307,
  2746,
  2345,
  3700,
  3014,
  673,
  2262,
  2514,
  3506,
  916,
  3381,
  3060,
  4042,
  2755,
  4122,
  2972,
  3726,
  3549,
  4332,
  574,
  4079,
  1914,
  3939,
  0,
  2156,
  4012,
  4571,
  1353],
 [2019,
  1955,
  806,
  2238,
  3086,
  2397,
  1268,
  2787,
  1562,
  285,
  961,
  1225,
  2889,
  1762,
  3209,
  2309,
  2052,
  1155,
  1499,
  2678,
  1320,
  3117,
  2418,
  1035,
  2315,
  1564,
  918,
  1166,
  2171,
  1690,
  2660,
  1379,
  3001,
  2708,
  1583,
  2129,
  2324,
  2538,
  2910,
  654,
  1000,
  1809,
  902,
  2094,
  2735,
  2080,
  2714,
  1439,
  1083,
  2654,
  307,
  1978,
  497,
  2379,
  1659,
  3808,
  2663,
  2886,
  3425,
  4568,
  3236,
  1348,
  2039,
  47,
  2792,
  2530,
  2645,
  1578,
  3704,
  2162,
  1326,
  1546,
  3715,
  2705,
  2304,
  2378,
  1942,
  2654,
  898,
  1170,
  2095,
  1039,
  2537,
  1988,
  2452,
  2887,
  1682,
  2267,
  1633,
  2138,
  2742,
  2555,
  2735,
  934,
  1546,
  1981,
  0,
  2422,
  3227,
  1173],
 [1855,
  240,
  1271,
  523,
  1826,
  1137,
  830,
  1527,
  916,
  2285,
  2837,
  3209,
  4073,
  2722,
  4169,
  3269,
  3012,
  3060,
  3243,
  3764,
  3134,
  4561,
  3862,
  1042,
  3759,
  3363,
  1235,
  1662,
  3355,
  2874,
  3844,
  2629,
  4185,
  3892,
  3459,
  4034,
  3508,
  3722,
  3870,
  2638,
  2184,
  3628,
  2346,
  3913,
  4179,
  2528,
  4158,
  1453,
  1015,
  4098,
  1751,
  3777,
  1941,
  3823,
  3103,
  5252,
  4107,
  4330,
  5182,
  6012,
  1976,
  1979,
  823,
  2047,
  3976,
  3490,
  4089,
  520,
  4664,
  3122,
  3318,
  1931,
  5472,
  3665,
  3264,
  4197,
  3808,
  3838,
  1394,
  1262,
  2543,
  3058,
  3981,
  3807,
  737,
  4331,
  1518,
  3711,
  2018,
  3582,
  1204,
  3739,
  1475,
  2918,
  1335,
  3165,
  2000,
  0,
  1471,
  2357],
 [2412,
  1450,
  2475,
  1376,
  497,
  1694,
  2463,
  1090,
  2120,
  3489,
  4663,
  4413,
  5277,
  3755,
  5202,
  4302,
  4045,
  4264,
  4447,
  4797,
  4338,
  5765,
  5857,
  2246,
  4963,
  4567,
  2439,
  2866,
  4559,
  4078,
  5048,
  3797,
  5389,
  5096,
  5285,
  5238,
  4712,
  4926,
  4903,
  3842,
  3388,
  4832,
  3550,
  5117,
  5383,
  3085,
  5362,
  2010,
  2278,
  5302,
  2955,
  4981,
  3145,
  5818,
  5098,
  6456,
  5311,
  5534,
  6386,
  7216,
  647,
  2713,
  1380,
  3251,
  5180,
  4523,
  5293,
  1820,
  5697,
  4155,
  4522,
  2488,
  6676,
  4698,
  4297,
  5401,
  5803,
  5042,
  2598,
  2365,
  3100,
  4262,
  5399,
  5011,
  1606,
  5535,
  2075,
  4915,
  2575,
  3391,
  790,
  4943,
  1016,
  4122,
  1892,
  4369,
  3204,
  1560,
  0,
  3561],
 [3805,
  2645,
  2410,
  2928,
  3776,
  3087,
  1958,
  3477,
  2252,
  760,
  2103,
  1551,
  1716,
  1686,
  3133,
  2233,
  1976,
  703,
  886,
  2602,
  2454,
  3884,
  3187,
  2181,
  3082,
  2698,
  1608,
  1128,
  998,
  517,
  1487,
  1303,
  1828,
  1535,
  2415,
  1677,
  1151,
  1365,
  2834,
  980,
  526,
  2943,
  2560,
  3228,
  3502,
  3553,
  3481,
  3403,
  1773,
  3421,
  1965,
  3112,
  2155,
  3148,
  3132,
  4575,
  2876,
  3327,
  2825,
  5335,
  3926,
  3006,
  2773,
  998,
  1619,
  2454,
  3412,
  2268,
  3628,
  2086,
  961,
  3204,
  3115,
  2629,
  2228,
  3512,
  3076,
  1481,
  1608,
  1860,
  3568,
  701,
  3443,
  3122,
  3142,
  3654,
  3468,
  3034,
  3788,
  3611,
  3432,
  1382,
  3425,
  1260,
  3285,
  808,
  1045,
  3112,
  3917,
  0]]
