[[0,
  3545,
  4519,
  3534,
  4339,
  4957,
  2114,
  1917,
  1756,
  823,
  3319,
  1685,
  2501,
  1661,
  2174,
  694,
  2344,
  2665,
  2711,
  3604,
  1431,
  2784,
  2976,
  1236,
  3767,
  6029,
  2747,
  2694,
  1272,
  2525,
  2084,
  3811,
  2387,
  846,
  4169,
  4492,
  2433,
  2472,
  1761,
  769,
  2861,
  4067,
  3666,
  3032,
  1947,
  2002,
  2436,
  3016,
  4098,
  2560,
  2496,
  3640,
  2933,
  2763,
  3253,
  1322,
  2320,
  2713,
  1584,
  2300,
  2746,
  1971,
  4164,
  2403,
  2299,
  4790,
  1251,
  4004,
  3572,
  988,
  2574,
  3722,
  2135,
  3879,
  3597],
 [6271,
  0,
  974,
  1128,
  1432,
  1723,
  3258,
  3133,
  2972,
  3809,
  5526,
  2590,
  2566,
  2180,
  1791,
  4384,
  1806,
  2164,
  2498,
  1757,
  2667,
  1615,
  1248,
  3050,
  1920,
  6094,
  1700,
  2198,
  2722,
  2024,
  2847,
  1131,
  2013,
  3436,
  624,
  1585,
  3338,
  2908,
  2120,
  3040,
  2360,
  1580,
  1180,
  1220,
  3062,
  2083,
  2047,
  1847,
  4255,
  1617,
  2571,
  2054,
  1087,
  3704,
  1918,
  3300,
  3435,
  1298,
  2699,
  1983,
  2139,
  2876,
  1677,
  1538,
  2768,
  1767,
  3099,
  1517,
  1656,
  3576,
  1631,
  847,
  3040,
  1392,
  1468],
 [8364,
  1674,
  0,
  979,
  1140,
  749,
  4403,
  4278,
  4117,
  5902,
  4552,
  3735,
  3711,
  3325,
  2936,
  6477,
  2951,
  3309,
  3643,
  1608,
  3812,
  1764,
  2393,
  4195,
  1771,
  7239,
  2845,
  3343,
  3867,
  3169,
  3992,
  982,
  3158,
  5925,
  489,
  1293,
  4483,
  4053,
  3265,
  4185,
  3505,
  1648,
  1761,
  2365,
  4207,
  3228,
  3192,
  1547,
  3281,
  2762,
  3716,
  2036,
  2232,
  2730,
  2423,
  4445,
  3026,
  2443,
  3844,
  3128,
  3284,
  4021,
  1473,
  2683,
  3913,
  793,
  4244,
  1423,
  2060,
  5669,
  2776,
  1992,
  4185,
  1548,
  1872],
 [5786,
  1227,
  857,
  0,
  1997,
  1606,
  4184,
  3253,
  3092,
  3929,
  5409,
  2373,
  3190,
  1963,
  1569,
  3998,
  1170,
  1528,
  1862,
  629,
  2450,
  785,
  1348,
  2833,
  792,
  5872,
  2324,
  1976,
  2505,
  1388,
  2630,
  277,
  1377,
  3556,
  507,
  2150,
  3121,
  2691,
  1903,
  2823,
  1724,
  2204,
  1804,
  1844,
  3182,
  2707,
  2167,
  568,
  4138,
  2241,
  3195,
  2893,
  1711,
  3587,
  2542,
  3420,
  3555,
  1922,
  2819,
  1766,
  2763,
  2659,
  2330,
  2162,
  2845,
  1650,
  3219,
  2141,
  2280,
  3696,
  2255,
  1471,
  2823,
  2016,
  2092],
 [6546,
  804,
  1778,
  1932,
  0,
  2527,
  3533,
  3408,
  3247,
  4084,
  5556,
  2865,
  2841,
  2455,
  2066,
  4659,
  2081,
  2439,
  2773,
  2710,
  2942,
  1890,
  1523,
  3325,
  2873,
  6369,
  1975,
  2473,
  2997,
  2299,
  3122,
  1935,
  2288,
  3711,
  1428,
  423,
  3613,
  3183,
  2395,
  3315,
  2635,
  1856,
  1455,
  1495,
  3337,
  2358,
  2322,
  2122,
  4285,
  1892,
  2846,
  2329,
  1362,
  3734,
  2193,
  3575,
  3710,
  1573,
  2974,
  2258,
  2414,
  3151,
  1953,
  1813,
  3043,
  2571,
  3374,
  1793,
  1931,
  3851,
  1906,
  1122,
  3315,
  1668,
  1743],
 [6667,
  925,
  1899,
  2053,
  391,
  0,
  3654,
  3529,
  3368,
  4205,
  4627,
  2986,
  2962,
  2576,
  2187,
  4780,
  2202,
  2560,
  2894,
  2831,
  3063,
  2011,
  1644,
  3446,
  2994,
  6490,
  2096,
  2594,
  3118,
  2420,
  3243,
  2056,
  2409,
  3832,
  1549,
  544,
  3734,
  3304,
  2516,
  3436,
  2756,
  899,
  1012,
  1616,
  3458,
  2479,
  2443,
  2243,
  3356,
  2013,
  2967,
  2111,
  1483,
  2805,
  2314,
  3696,
  3101,
  1694,
  3095,
  2379,
  2535,
  3272,
  764,
  1934,
  3164,
  882,
  3495,
  674,
  1311,
  3972,
  2027,
  1243,
  3436,
  799,
  1123],
 [5017,
  3426,
  4876,
  3983,
  4884,
  4493,
  0,
  2053,
  1892,
  2555,
  1205,
  3510,
  3575,
  3100,
  3419,
  3130,
  3589,
  3910,
  3956,
  4053,
  3587,
  3233,
  2857,
  3672,
  4216,
  7258,
  2628,
  3923,
  3708,
  3770,
  3767,
  4260,
  3632,
  2578,
  5073,
  5037,
  4258,
  3828,
  2869,
  3205,
  4106,
  4123,
  4236,
  2913,
  1828,
  1883,
  2317,
  3465,
  3062,
  2441,
  3580,
  3651,
  2814,
  2952,
  4038,
  2220,
  2201,
  2594,
  1465,
  3545,
  3266,
  3796,
  3738,
  2284,
  3777,
  4326,
  2723,
  3898,
  3453,
  2322,
  2455,
  3603,
  3960,
  4023,
  4347],
 [4382,
  2749,
  3723,
  3306,
  3543,
  4161,
  837,
  0,
  413,
  1447,
  1934,
  2840,
  2377,
  2430,
  2749,
  2495,
  2919,
  2957,
  3286,
  3376,
  2917,
  2556,
  2180,
  3300,
  3539,
  6588,
  1951,
  3253,
  2972,
  2817,
  3097,
  3583,
  2962,
  1336,
  3373,
  3696,
  3588,
  3158,
  2199,
  2570,
  3153,
  3271,
  2870,
  2236,
  1151,
  1206,
  1640,
  2788,
  3734,
  1764,
  2382,
  2844,
  2137,
  1967,
  2457,
  741,
  1524,
  1917,
  788,
  2875,
  1950,
  3126,
  3368,
  1607,
  2579,
  3994,
  999,
  3208,
  2776,
  1408,
  1778,
  2926,
  3290,
  3083,
  2801],
 [4119,
  2868,
  3842,
  3425,
  3662,
  4280,
  1437,
  351,
  0,
  1034,
  2285,
  2959,
  2496,
  2549,
  2868,
  2232,
  3038,
  3076,
  3405,
  3495,
  2969,
  2675,
  2299,
  2774,
  3658,
  6707,
  2070,
  3372,
  2810,
  2936,
  3216,
  3702,
  3081,
  923,
  3492,
  3815,
  3707,
  3277,
  2318,
  2307,
  3272,
  3390,
  2989,
  2355,
  1270,
  1325,
  1759,
  2907,
  3421,
  1883,
  2501,
  2963,
  2256,
  2086,
  2576,
  328,
  1643,
  2036,
  907,
  2994,
  2069,
  3245,
  3487,
  1726,
  2698,
  4113,
  586,
  3327,
  2895,
  995,
  1897,
  3045,
  3409,
  3202,
  2920],
 [4313,
  3345,
  4319,
  3902,
  4139,
  4757,
  1914,
  1717,
  1044,
  0,
  3119,
  3417,
  2973,
  3026,
  3345,
  2426,
  3515,
  3553,
  3882,
  3972,
  3163,
  3152,
  2776,
  2968,
  4135,
  7184,
  2547,
  3849,
  3004,
  3413,
  3816,
  4179,
  3558,
  111,
  3969,
  4292,
  4165,
  3754,
  2795,
  2501,
  3749,
  3867,
  3466,
  2832,
  1747,
  1802,
  2236,
  3384,
  3898,
  2360,
  2978,
  3440,
  2733,
  2563,
  3053,
  690,
  2120,
  2513,
  1384,
  3471,
  2546,
  3703,
  3964,
  2203,
  3175,
  4590,
  532,
  3804,
  3372,
  277,
  2374,
  3522,
  3867,
  3679,
  3397],
 [3986,
  2221,
  3195,
  2778,
  3015,
  3633,
  854,
  848,
  687,
  1524,
  0,
  2312,
  1849,
  1902,
  2221,
  2099,
  2391,
  2429,
  2758,
  2848,
  2389,
  2028,
  1652,
  2772,
  3011,
  6060,
  1423,
  2725,
  2444,
  2289,
  2569,
  3055,
  2434,
  1151,
  2845,
  3168,
  3060,
  2630,
  1671,
  2174,
  2625,
  2743,
  2342,
  1708,
  623,
  678,
  1112,
  2260,
  2774,
  1236,
  1854,
  2316,
  1609,
  1439,
  1929,
  1015,
  996,
  1389,
  260,
  2347,
  1422,
  2598,
  2840,
  1079,
  2051,
  3466,
  814,
  2680,
  2248,
  1291,
  1250,
  2398,
  2762,
  2555,
  2273],
 [4111,
  3115,
  3844,
  2987,
  3635,
  4253,
  3637,
  3517,
  3356,
  2465,
  4842,
  0,
  1490,
  693,
  1627,
  2323,
  1797,
  2118,
  2164,
  3057,
  739,
  2237,
  1956,
  1158,
  3220,
  4978,
  3013,
  2034,
  568,
  1978,
  1073,
  3264,
  1840,
  2488,
  3739,
  3788,
  748,
  2144,
  710,
  1148,
  2314,
  3637,
  3236,
  3276,
  3446,
  3501,
  3935,
  2469,
  5597,
  4059,
  1485,
  3934,
  3143,
  4262,
  3547,
  3684,
  3819,
  2720,
  3083,
  1753,
  2689,
  286,
  3734,
  3902,
  1288,
  4086,
  3483,
  3574,
  3579,
  3960,
  4073,
  2960,
  450,
  3449,
  3524],
 [5059,
  2151,
  3125,
  2899,
  2945,
  3563,
  2041,
  1921,
  1760,
  2597,
  3246,
  1370,
  0,
  1192,
  1705,
  3172,
  2340,
  2550,
  2242,
  2969,
  1447,
  2149,
  1773,
  1830,
  3132,
  5985,
  751,
  2650,
  1502,
  2410,
  417,
  3176,
  2547,
  2224,
  2775,
  3098,
  2118,
  530,
  1571,
  1820,
  2746,
  2673,
  2272,
  1638,
  1850,
  799,
  1233,
  2381,
  3861,
  1058,
  5,
  1672,
  1535,
  2666,
  1285,
  2088,
  2223,
  1319,
  1487,
  1831,
  427,
  1656,
  2770,
  901,
  202,
  3396,
  1887,
  2610,
  2178,
  2364,
  1180,
  2328,
  1820,
  2485,
  2203],
 [3823,
  2245,
  2974,
  2117,
  2765,
  3383,
  2548,
  2428,
  2267,
  2177,
  3753,
  410,
  1084,
  0,
  757,
  2035,
  927,
  1248,
  1294,
  2187,
  487,
  1367,
  1086,
  870,
  2350,
  4612,
  1835,
  1277,
  542,
  1108,
  667,
  2394,
  970,
  2200,
  2624,
  2918,
  1158,
  1055,
  344,
  860,
  1444,
  2767,
  2366,
  2406,
  2357,
  2412,
  2846,
  1599,
  4508,
  2142,
  1079,
  2756,
  2273,
  3173,
  2369,
  2595,
  2730,
  1850,
  1994,
  883,
  1511,
  696,
  2864,
  1985,
  882,
  3216,
  2592,
  2704,
  2709,
  2342,
  2984,
  2090,
  860,
  2579,
  2654],
 [8225,
  2324,
  2791,
  1934,
  2844,
  3462,
  3605,
  3221,
  3060,
  3897,
  4810,
  1794,
  2854,
  1384,
  0,
  3419,
  744,
  641,
  537,
  2004,
  1871,
  1184,
  1165,
  2254,
  2167,
  4303,
  2965,
  407,
  1926,
  679,
  2051,
  2211,
  546,
  3524,
  2441,
  2997,
  3360,
  2112,
  1324,
  2244,
  671,
  2846,
  2445,
  2485,
  3150,
  2714,
  2135,
  1416,
  5275,
  2882,
  2859,
  3319,
  2352,
  3966,
  3183,
  3388,
  3523,
  1929,
  2787,
  962,
  2427,
  2080,
  2943,
  2464,
  2266,
  3295,
  3187,
  2783,
  2788,
  3664,
  2262,
  2169,
  4601,
  2658,
  2733],
 [3038,
  2968,
  3697,
  2840,
  3488,
  4106,
  3271,
  2473,
  2312,
  1392,
  4476,
  991,
  1807,
  967,
  1480,
  0,
  1650,
  1971,
  2017,
  2910,
  737,
  2090,
  1809,
  542,
  3073,
  5335,
  2653,
  2000,
  578,
  1831,
  1390,
  3117,
  1693,
  1415,
  3347,
  3641,
  1739,
  1778,
  1067,
  75,
  2167,
  3490,
  3089,
  3129,
  2503,
  2558,
  2992,
  2322,
  4654,
  3116,
  1802,
  3574,
  2996,
  3319,
  3187,
  1878,
  2876,
  2573,
  2140,
  1606,
  2329,
  1277,
  3587,
  2959,
  1605,
  3939,
  1807,
  3427,
  3432,
  1557,
  3130,
  2813,
  1441,
  3302,
  3377],
 [4628,
  1746,
  2047,
  1190,
  2266,
  2796,
  3026,
  2643,
  2482,
  3319,
  4231,
  1215,
  2276,
  805,
  411,
  2840,
  0,
  370,
  704,
  1260,
  1292,
  440,
  738,
  1675,
  1423,
  4714,
  2015,
  818,
  1347,
  230,
  1472,
  1467,
  219,
  2946,
  1697,
  2419,
  1963,
  1533,
  745,
  1665,
  566,
  2268,
  1867,
  1907,
  2835,
  2074,
  1557,
  672,
  4697,
  1981,
  2281,
  2741,
  1774,
  3651,
  2605,
  2810,
  3208,
  1351,
  2472,
  608,
  1849,
  1501,
  2365,
  1824,
  1687,
  2717,
  2609,
  2205,
  2210,
  3086,
  1684,
  1591,
  1665,
  2080,
  2155],
 [4936,
  2115,
  2416,
  1559,
  2635,
  3165,
  3334,
  3214,
  3053,
  3890,
  4539,
  1523,
  2197,
  1113,
  719,
  3148,
  369,
  0,
  330,
  1316,
  1600,
  809,
  1107,
  1983,
  1495,
  5022,
  2384,
  1126,
  1655,
  140,
  1780,
  1836,
  309,
  3517,
  2066,
  2788,
  2271,
  1841,
  1053,
  1973,
  196,
  2637,
  2236,
  2276,
  3143,
  2443,
  1926,
  1041,
  5066,
  2350,
  2192,
  3110,
  2143,
  3959,
  2974,
  3381,
  3516,
  1720,
  2780,
  916,
  2218,
  1809,
  2734,
  2193,
  1995,
  3086,
  3180,
  2574,
  2579,
  3657,
  2053,
  1960,
  1973,
  2449,
  2524],
 [5134,
  2417,
  2718,
  1861,
  2937,
  3467,
  3532,
  3412,
  3251,
  4088,
  4737,
  1721,
  2395,
  1311,
  917,
  3346,
  671,
  330,
  0,
  1599,
  1798,
  1111,
  1409,
  2181,
  2094,
  4774,
  2686,
  878,
  1853,
  470,
  1978,
  2138,
  473,
  3715,
  2368,
  3090,
  2469,
  2039,
  1251,
  2171,
  134,
  2939,
  2538,
  2578,
  3341,
  2745,
  2228,
  1343,
  5368,
  2652,
  2390,
  3412,
  2445,
  4157,
  3276,
  3579,
  3714,
  2022,
  2978,
  1114,
  2520,
  2007,
  3036,
  2495,
  2193,
  3388,
  3378,
  2876,
  2881,
  3855,
  2355,
  2262,
  2171,
  2751,
  2826],
 [5604,
  1631,
  1261,
  404,
  2401,
  2010,
  4002,
  3071,
  2910,
  3747,
  5813,
  2191,
  2704,
  1781,
  1387,
  3816,
  988,
  1346,
  1680,
  0,
  2268,
  603,
  1166,
  2651,
  461,
  5690,
  2443,
  1794,
  2323,
  1206,
  2448,
  681,
  1195,
  3374,
  911,
  2554,
  2939,
  2509,
  1721,
  2641,
  1542,
  2608,
  2295,
  2335,
  3000,
  2502,
  1985,
  386,
  4542,
  2409,
  2709,
  3297,
  2202,
  3991,
  3033,
  3238,
  3373,
  1779,
  2637,
  1584,
  2277,
  2477,
  2734,
  2252,
  2663,
  2054,
  3037,
  2545,
  2638,
  3514,
  2112,
  1875,
  2641,
  2420,
  2583],
 [3712,
  2597,
  3326,
  2469,
  3117,
  3735,
  2900,
  2780,
  2619,
  2066,
  4105,
  620,
  1447,
  596,
  1109,
  1924,
  1279,
  1600,
  1646,
  2539,
  0,
  1719,
  1438,
  759,
  2702,
  4964,
  2024,
  1629,
  431,
  1460,
  1019,
  2746,
  1322,
  2089,
  2976,
  3270,
  1368,
  1407,
  696,
  749,
  1796,
  3119,
  2718,
  2758,
  2709,
  2764,
  3198,
  1951,
  4860,
  2331,
  1452,
  2945,
  2625,
  3525,
  2558,
  2947,
  3082,
  2202,
  2346,
  1235,
  1700,
  906,
  3216,
  2174,
  1234,
  3568,
  2481,
  3056,
  3061,
  2231,
  3336,
  2442,
  1070,
  2931,
  3006],
 [5001,
  1571,
  1852,
  995,
  2091,
  2601,
  3399,
  2468,
  2307,
  3144,
  4604,
  1588,
  2101,
  1178,
  784,
  3213,
  385,
  743,
  1077,
  1065,
  1665,
  0,
  563,
  2048,
  1228,
  5087,
  1840,
  1191,
  1720,
  603,
  1845,
  1272,
  592,
  2771,
  1502,
  2244,
  2336,
  1906,
  1118,
  2038,
  939,
  2093,
  1692,
  1732,
  2397,
  1899,
  1382,
  477,
  4522,
  1806,
  2106,
  2566,
  1599,
  3213,
  2430,
  2635,
  2770,
  1176,
  2034,
  981,
  1674,
  1874,
  2190,
  1649,
  2060,
  2542,
  2434,
  2030,
  2035,
  2911,
  1509,
  1416,
  2038,
  1905,
  1980],
 [4755,
  2097,
  2503,
  1646,
  2617,
  3235,
  3153,
  3033,
  2872,
  3709,
  4358,
  1342,
  2016,
  932,
  543,
  2967,
  456,
  777,
  1080,
  1716,
  1419,
  896,
  0,
  1802,
  1879,
  4846,
  2738,
  950,
  1474,
  637,
  1599,
  1923,
  626,
  3336,
  2153,
  2770,
  2090,
  1660,
  872,
  1792,
  973,
  2619,
  2218,
  2258,
  2962,
  3017,
  1908,
  1128,
  5048,
  2655,
  2011,
  3092,
  2125,
  3778,
  2956,
  3200,
  3335,
  1702,
  2599,
  735,
  2200,
  1628,
  2716,
  2237,
  1814,
  3068,
  2999,
  2556,
  2561,
  3476,
  2035,
  1942,
  1792,
  2431,
  2506],
 [3490,
  2993,
  3722,
  2865,
  3513,
  4131,
  3296,
  2925,
  2764,
  1844,
  4501,
  1016,
  1832,
  992,
  1505,
  1702,
  1675,
  1996,
  2042,
  2935,
  762,
  2115,
  1834,
  0,
  3098,
  5360,
  2678,
  2025,
  603,
  1856,
  1415,
  3142,
  1718,
  1867,
  3372,
  3666,
  1764,
  1803,
  1092,
  527,
  2192,
  3515,
  3114,
  3154,
  3105,
  3160,
  3594,
  2347,
  5256,
  2985,
  1827,
  3599,
  3021,
  3921,
  3212,
  2330,
  3478,
  2598,
  2742,
  1631,
  2354,
  1302,
  3612,
  2828,
  1630,
  3964,
  2259,
  3452,
  3457,
  2009,
  3732,
  2838,
  1466,
  3327,
  3402],
 [6181,
  2208,
  1838,
  981,
  2978,
  2587,
  3773,
  3648,
  3487,
  4324,
  9447,
  2768,
  3281,
  2358,
  1964,
  4393,
  1565,
  1923,
  2257,
  577,
  2845,
  1180,
  1743,
  3228,
  0,
  6267,
  3020,
  2371,
  2900,
  1783,
  3025,
  1258,
  1772,
  3951,
  1488,
  3131,
  3516,
  3086,
  2298,
  3218,
  2119,
  3185,
  2872,
  2912,
  3577,
  3079,
  2562,
  963,
  8176,
  2986,
  3286,
  3874,
  2779,
  7625,
  3610,
  3815,
  3950,
  2356,
  3214,
  2161,
  2854,
  3054,
  3311,
  2829,
  3240,
  2631,
  3614,
  3122,
  3215,
  4091,
  2689,
  2452,
  3218,
  2997,
  3160],
 [4674,
  2784,
  3513,
  2656,
  3304,
  3922,
  3306,
  3186,
  3025,
  3862,
  4511,
  1501,
  2233,
  1091,
  1296,
  2886,
  1466,
  1787,
  1833,
  2726,
  1364,
  1906,
  1625,
  1721,
  2889,
  0,
  2682,
  1703,
  1131,
  1647,
  2040,
  2933,
  1509,
  3489,
  3408,
  3457,
  446,
  1813,
  1108,
  1711,
  1983,
  3306,
  2905,
  2945,
  3115,
  3170,
  3604,
  2138,
  6368,
  3728,
  2228,
  3603,
  2812,
  3931,
  3216,
  3353,
  3488,
  2389,
  2752,
  1422,
  2358,
  462,
  3403,
  3571,
  2031,
  3755,
  3152,
  3243,
  3248,
  3629,
  3742,
  2629,
  298,
  3118,
  3193],
 [5156,
  1545,
  2519,
  2580,
  2339,
  2957,
  2143,
  2018,
  1857,
  2694,
  3348,
  2228,
  751,
  1818,
  1997,
  3269,
  2021,
  2231,
  2534,
  2650,
  2024,
  1830,
  1454,
  2688,
  2813,
  6000,
  0,
  2665,
  2360,
  2091,
  1168,
  2857,
  2228,
  2321,
  2169,
  2492,
  2976,
  1281,
  1586,
  2678,
  2427,
  1322,
  1666,
  822,
  1947,
  480,
  914,
  2062,
  3110,
  739,
  756,
  921,
  944,
  2559,
  534,
  2185,
  2320,
  1000,
  1584,
  2189,
  324,
  2514,
  2164,
  388,
  953,
  2790,
  1984,
  2004,
  1322,
  2461,
  861,
  1846,
  2678,
  1879,
  1134],
 [7818,
  6680,
  9357,
  6552,
  7200,
  9007,
  7202,
  7082,
  6921,
  7758,
  8407,
  5397,
  6129,
  4987,
  5192,
  6782,
  5362,
  5683,
  5729,
  6622,
  5260,
  5802,
  5521,
  5617,
  6785,
  3896,
  6578,
  0,
  5027,
  5543,
  5936,
  6829,
  5405,
  7385,
  7304,
  7353,
  2953,
  5709,
  5004,
  5607,
  5879,
  7202,
  6801,
  6841,
  7011,
  7066,
  7500,
  6034,
  11475,
  6885,
  6124,
  7499,
  6708,
  7827,
  7112,
  7249,
  7384,
  6285,
  6648,
  5318,
  6254,
  4358,
  7299,
  6728,
  5927,
  8807,
  7048,
  7139,
  7144,
  7525,
  6618,
  6525,
  4194,
  7014,
  7089],
 [3543,
  2662,
  3391,
  2534,
  3182,
  3800,
  2965,
  2845,
  2684,
  1897,
  4170,
  685,
  1501,
  661,
  1174,
  1755,
  1344,
  1665,
  1711,
  2604,
  431,
  1784,
  1503,
  590,
  2767,
  5029,
  2347,
  1694,
  0,
  1525,
  1084,
  2811,
  1387,
  1920,
  3041,
  3335,
  1153,
  1472,
  761,
  580,
  1861,
  3184,
  2783,
  2823,
  2774,
  2829,
  3263,
  2016,
  4925,
  2654,
  1496,
  3268,
  2690,
  3590,
  2881,
  2383,
  3147,
  2267,
  2411,
  1300,
  2023,
  691,
  3281,
  2497,
  1299,
  3633,
  2312,
  3121,
  3126,
  2062,
  3401,
  2507,
  855,
  2996,
  3071],
 [4796,
  1975,
  2276,
  1419,
  2495,
  3025,
  3194,
  3074,
  2913,
  3750,
  4399,
  1383,
  2057,
  973,
  579,
  3008,
  229,
  140,
  432,
  1489,
  1460,
  669,
  967,
  1843,
  1652,
  4882,
  2244,
  986,
  1515,
  0,
  1640,
  1696,
  215,
  3377,
  1926,
  2648,
  2131,
  1701,
  913,
  1833,
  336,
  2497,
  2096,
  2136,
  3003,
  2303,
  1786,
  901,
  4926,
  2210,
  2052,
  2970,
  2003,
  3819,
  2834,
  3241,
  3376,
  1580,
  2640,
  776,
  2078,
  1669,
  2594,
  2053,
  1855,
  2946,
  3040,
  2434,
  2439,
  3517,
  1913,
  1820,
  1833,
  2309,
  2384],
 [4366,
  2568,
  3542,
  2648,
  3362,
  3980,
  1848,
  1728,
  1567,
  2404,
  3053,
  953,
  417,
  775,
  1288,
  2979,
  1458,
  1779,
  1825,
  2718,
  1030,
  1898,
  1617,
  1413,
  2881,
  5143,
  1168,
  1808,
  1085,
  1639,
  0,
  2925,
  1501,
  2031,
  3192,
  3515,
  1701,
  337,
  875,
  1403,
  1975,
  3090,
  2689,
  2055,
  1657,
  1216,
  1650,
  2130,
  4278,
  1475,
  412,
  2089,
  1952,
  2473,
  1702,
  1895,
  2030,
  1736,
  1294,
  1414,
  844,
  1239,
  3187,
  1318,
  215,
  3813,
  1694,
  3027,
  2595,
  2171,
  1597,
  2621,
  1403,
  2902,
  2620],
 [6618,
  950,
  580,
  337,
  1720,
  1329,
  3605,
  3480,
  3319,
  4156,
  5132,
  2937,
  2913,
  2527,
  2138,
  4731,
  1507,
  1865,
  2199,
  966,
  3014,
  1122,
  1595,
  3397,
  1129,
  6441,
  2047,
  2545,
  3069,
  1725,
  3194,
  0,
  1714,
  3783,
  230,
  1873,
  3685,
  3255,
  2467,
  3387,
  2061,
  1927,
  1527,
  1567,
  3409,
  2430,
  2394,
  905,
  3861,
  1964,
  2918,
  2616,
  1434,
  3310,
  2265,
  3647,
  3782,
  1645,
  3046,
  2330,
  2486,
  3223,
  2053,
  1885,
  3115,
  1373,
  3446,
  1864,
  2003,
  3923,
  1978,
  1194,
  3387,
  1739,
  1815],
 [4661,
  1969,
  2270,
  1413,
  2489,
  3019,
  3059,
  2939,
  2778,
  3615,
  4264,
  1248,
  1922,
  838,
  444,
  2873,
  223,
  301,
  485,
  1483,
  1325,
  663,
  961,
  1708,
  1646,
  4747,
  2238,
  851,
  1380,
  161,
  1505,
  1690,
  0,
  3242,
  1920,
  2642,
  1996,
  1566,
  778,
  1698,
  497,
  2491,
  2090,
  2130,
  2868,
  2923,
  1780,
  895,
  4920,
  2204,
  1917,
  2964,
  1997,
  3684,
  2828,
  3106,
  3241,
  1574,
  2505,
  641,
  2072,
  1534,
  2588,
  2047,
  1720,
  2940,
  2905,
  2428,
  2433,
  3382,
  1907,
  1814,
  1698,
  2303,
  2378],
 [4075,
  3107,
  4081,
  3664,
  3901,
  4519,
  1676,
  1284,
  933,
  111,
  2881,
  2912,
  2735,
  2788,
  3107,
  1921,
  3277,
  3315,
  3644,
  3734,
  2658,
  2914,
  2538,
  2463,
  3897,
  6946,
  2309,
  3611,
  2499,
  3175,
  3311,
  3941,
  3320,
  0,
  3731,
  4054,
  3660,
  3516,
  2557,
  1996,
  3511,
  3629,
  3228,
  2594,
  1509,
  1564,
  1998,
  3146,
  3660,
  2122,
  2740,
  3202,
  2495,
  2325,
  2815,
  579,
  1882,
  2275,
  1146,
  3233,
  2308,
  3198,
  3726,
  1965,
  2937,
  4352,
  421,
  3566,
  3134,
  300,
  2136,
  3284,
  3362,
  3441,
  3159],
 [6615,
  947,
  360,
  504,
  1500,
  1109,
  3602,
  3477,
  3316,
  4153,
  4912,
  2934,
  2910,
  2524,
  2073,
  4728,
  1674,
  2032,
  2366,
  1133,
  3011,
  1289,
  1592,
  3394,
  1296,
  6376,
  2044,
  2480,
  3066,
  1892,
  3191,
  507,
  1881,
  3780,
  0,
  1653,
  3682,
  3252,
  2464,
  3384,
  2228,
  1924,
  1524,
  1564,
  3406,
  2427,
  2391,
  1072,
  3641,
  1961,
  2915,
  2396,
  1431,
  3090,
  2262,
  3644,
  3386,
  1642,
  3043,
  2327,
  2483,
  3220,
  1833,
  1882,
  3112,
  1153,
  3443,
  1783,
  2000,
  3920,
  1975,
  1191,
  3384,
  1736,
  1812],
 [6123,
  381,
  1355,
  1509,
  1416,
  2104,
  3110,
  2985,
  2824,
  3661,
  5133,
  2442,
  2418,
  2032,
  1643,
  4236,
  1658,
  2016,
  2350,
  2287,
  2519,
  1467,
  1100,
  2902,
  2450,
  5946,
  1552,
  2050,
  2574,
  1876,
  2699,
  1512,
  1865,
  3288,
  1005,
  0,
  3190,
  2760,
  1972,
  2892,
  2212,
  1433,
  1032,
  1072,
  2914,
  1935,
  1899,
  1699,
  3862,
  1469,
  2423,
  1906,
  939,
  3311,
  1770,
  3152,
  3287,
  1150,
  2551,
  1835,
  1991,
  2728,
  1530,
  1390,
  2620,
  2148,
  2951,
  1370,
  1508,
  3428,
  1483,
  699,
  2892,
  1245,
  1320],
 [4674,
  2813,
  3542,
  2685,
  3333,
  3951,
  3335,
  3215,
  3054,
  3891,
  4540,
  1530,
  2262,
  1120,
  1325,
  2886,
  1495,
  1816,
  1862,
  2755,
  1364,
  1935,
  1654,
  1721,
  2918,
  3982,
  2711,
  1732,
  1131,
  1676,
  2069,
  2962,
  1538,
  3518,
  3437,
  3486,
  0,
  1842,
  1137,
  1711,
  2012,
  3335,
  2934,
  2974,
  3144,
  3199,
  3633,
  2167,
  5295,
  3757,
  2257,
  3632,
  2841,
  3960,
  3245,
  3382,
  3517,
  2418,
  2781,
  1451,
  2387,
  462,
  3432,
  3600,
  2060,
  3784,
  3181,
  3272,
  3277,
  3658,
  3771,
  2658,
  298,
  3147,
  3222],
 [5593,
  2269,
  3243,
  3017,
  3063,
  3681,
  2793,
  2455,
  2294,
  3131,
  3998,
  2331,
  752,
  1921,
  2434,
  3706,
  2458,
  2668,
  2971,
  3087,
  2025,
  2267,
  1891,
  2545,
  3250,
  6103,
  869,
  2768,
  2217,
  2528,
  1169,
  3294,
  2665,
  2758,
  2893,
  3216,
  3079,
  0,
  1689,
  2535,
  2864,
  2791,
  2390,
  1756,
  2384,
  917,
  1351,
  2499,
  3979,
  1176,
  757,
  1790,
  1653,
  3200,
  1403,
  2622,
  2757,
  1437,
  2021,
  2117,
  545,
  2617,
  2888,
  1019,
  954,
  3514,
  2421,
  2728,
  2296,
  2898,
  1298,
  2446,
  2781,
  2603,
  2321],
 [4055,
  2039,
  2768,
  1911,
  2559,
  3177,
  2453,
  2333,
  2172,
  3009,
  3658,
  642,
  1571,
  232,
  551,
  2267,
  721,
  1042,
  1088,
  1981,
  719,
  1161,
  880,
  1102,
  2144,
  4406,
  1586,
  1071,
  774,
  902,
  899,
  2188,
  764,
  2636,
  2418,
  2712,
  1390,
  960,
  0,
  1092,
  1238,
  2561,
  2160,
  2200,
  2262,
  1634,
  2068,
  1393,
  4696,
  1893,
  1576,
  2507,
  2067,
  3078,
  2120,
  2500,
  2635,
  1644,
  1899,
  677,
  1262,
  928,
  2658,
  1736,
  1114,
  3010,
  2299,
  2498,
  2503,
  2776,
  2015,
  1884,
  1092,
  2373,
  2448],
 [2963,
  4026,
  5000,
  4015,
  4820,
  5438,
  2595,
  2398,
  2237,
  1317,
  3800,
  2166,
  2982,
  2142,
  2655,
  1175,
  2825,
  3146,
  3192,
  4085,
  1912,
  3265,
  3457,
  1717,
  4248,
  7252,
  3228,
  3175,
  1753,
  3006,
  2565,
  4292,
  2868,
  1340,
  4650,
  4973,
  2914,
  2953,
  2242,
  0,
  3342,
  4548,
  4147,
  3513,
  2428,
  2483,
  2917,
  3497,
  4579,
  3041,
  2977,
  4121,
  3414,
  3244,
  3734,
  1803,
  2801,
  3194,
  2065,
  2781,
  3227,
  2452,
  4645,
  2884,
  2780,
  5271,
  1732,
  4485,
  4053,
  1482,
  3055,
  4203,
  2616,
  4360,
  4078],
 [5132,
  2311,
  2612,
  1755,
  2831,
  3361,
  3530,
  3410,
  3249,
  4086,
  4735,
  1719,
  2393,
  1309,
  915,
  3344,
  565,
  196,
  134,
  1476,
  1796,
  1005,
  1303,
  2179,
  1655,
  4921,
  2580,
  1025,
  1851,
  336,
  1976,
  2032,
  469,
  3713,
  2262,
  2984,
  2467,
  2037,
  1249,
  2169,
  0,
  2833,
  2432,
  2472,
  3339,
  2639,
  2122,
  1237,
  5262,
  2546,
  2388,
  3306,
  2339,
  4155,
  3170,
  3577,
  3712,
  1916,
  2976,
  1112,
  2414,
  2005,
  2930,
  2389,
  2191,
  3282,
  3376,
  2770,
  2775,
  3853,
  2249,
  2156,
  2169,
  2645,
  2720],
 [6115,
  854,
  1828,
  1982,
  938,
  1534,
  3102,
  2977,
  2816,
  3653,
  3988,
  2898,
  2161,
  2488,
  2099,
  4228,
  2114,
  2472,
  2806,
  2743,
  2975,
  1923,
  1556,
  3358,
  2906,
  6402,
  1410,
  2506,
  3030,
  2332,
  2578,
  1985,
  2321,
  3280,
  1478,
  1091,
  3646,
  2691,
  2428,
  3348,
  2668,
  0,
  401,
  930,
  2906,
  1666,
  1869,
  2155,
  2717,
  1327,
  2166,
  1008,
  797,
  2166,
  954,
  3144,
  2462,
  1153,
  2543,
  2291,
  1734,
  3184,
  385,
  1248,
  2363,
  1367,
  2943,
  225,
  412,
  3420,
  1486,
  1155,
  3348,
  188,
  224],
 [6178,
  453,
  1427,
  1581,
  925,
  1543,
  3165,
  3040,
  2879,
  3716,
  4101,
  2497,
  2473,
  2087,
  1698,
  4291,
  1713,
  2071,
  2405,
  2342,
  2574,
  1522,
  1155,
  2957,
  2505,
  6001,
  1607,
  2105,
  2629,
  1931,
  2754,
  1584,
  1920,
  3343,
  1077,
  1078,
  3245,
  2815,
  2027,
  2947,
  2267,
  401,
  0,
  1127,
  2969,
  1990,
  1954,
  1754,
  2830,
  1524,
  2478,
  1409,
  994,
  2279,
  1355,
  3207,
  2575,
  1205,
  2606,
  1890,
  2046,
  2783,
  498,
  1445,
  2675,
  1376,
  3006,
  338,
  813,
  3483,
  1538,
  754,
  2947,
  213,
  625],
 [5195,
  899,
  1873,
  2027,
  1693,
  2311,
  2182,
  2057,
  1896,
  2733,
  4561,
  2784,
  1247,
  2374,
  1985,
  3308,
  2000,
  2358,
  2692,
  2629,
  2520,
  1809,
  1442,
  3244,
  2792,
  6496,
  496,
  2392,
  2916,
  2218,
  1664,
  2836,
  2207,
  2360,
  1523,
  1846,
  3532,
  1777,
  2082,
  3383,
  2554,
  1421,
  1020,
  0,
  1986,
  752,
  953,
  2041,
  3290,
  413,
  1252,
  1101,
  298,
  2739,
  714,
  2224,
  2359,
  687,
  1623,
  2177,
  820,
  3070,
  1518,
  334,
  1449,
  2144,
  2023,
  1358,
  926,
  2500,
  781,
  1200,
  3234,
  1233,
  951],
 [4122,
  2462,
  3436,
  3019,
  3256,
  3874,
  1267,
  1142,
  981,
  1660,
  3422,
  2606,
  2090,
  2196,
  2436,
  2235,
  2460,
  2670,
  2973,
  3089,
  2683,
  2269,
  1893,
  2777,
  3252,
  6354,
  1664,
  3019,
  2738,
  2530,
  2507,
  3296,
  2667,
  1683,
  3086,
  3409,
  3354,
  2924,
  1965,
  2310,
  2866,
  2984,
  2583,
  1949,
  0,
  919,
  1353,
  2501,
  2151,
  1477,
  2095,
  2557,
  1850,
  816,
  2170,
  1309,
  373,
  1630,
  363,
  2641,
  1663,
  2892,
  3081,
  1320,
  2292,
  3707,
  1108,
  2921,
  2489,
  1427,
  1491,
  2639,
  3056,
  2796,
  2514],
 [4676,
  1543,
  2517,
  2100,
  2337,
  2955,
  1663,
  1538,
  1377,
  2214,
  2868,
  1942,
  1171,
  1532,
  1517,
  2789,
  1541,
  1751,
  2054,
  2170,
  2019,
  1350,
  974,
  2402,
  2333,
  5714,
  745,
  1924,
  2074,
  1611,
  1588,
  2377,
  1748,
  1841,
  2167,
  2490,
  2690,
  1701,
  1300,
  2864,
  1947,
  2065,
  1664,
  1030,
  1467,
  0,
  434,
  1582,
  3827,
  558,
  1176,
  1638,
  931,
  2283,
  1251,
  1705,
  1840,
  711,
  1104,
  1709,
  744,
  2228,
  2162,
  401,
  1373,
  2788,
  1504,
  2002,
  1570,
  1981,
  572,
  1720,
  2392,
  1877,
  1595],
 [4946,
  1296,
  2270,
  1666,
  2090,
  2708,
  1933,
  1808,
  1647,
  2484,
  3138,
  1882,
  1441,
  1472,
  1083,
  3059,
  1107,
  1317,
  1620,
  1736,
  1959,
  916,
  540,
  2342,
  1899,
  5386,
  1180,
  1490,
  2014,
  1177,
  1858,
  1943,
  1314,
  2111,
  1920,
  2243,
  2630,
  1971,
  1412,
  2332,
  1513,
  1818,
  1417,
  985,
  1737,
  1239,
  0,
  1148,
  4247,
  1142,
  1446,
  2101,
  852,
  2553,
  1714,
  1975,
  2110,
  464,
  1374,
  1275,
  1014,
  2168,
  1915,
  989,
  1643,
  2541,
  1774,
  1755,
  1323,
  2251,
  797,
  1473,
  2332,
  1630,
  1348],
 [5821,
  1745,
  1375,
  518,
  2515,
  2124,
  4219,
  3288,
  3127,
  3964,
  5927,
  2408,
  2921,
  1998,
  1604,
  4033,
  1205,
  1563,
  1897,
  588,
  2485,
  820,
  1383,
  2868,
  751,
  5907,
  2842,
  2011,
  2540,
  1423,
  2665,
  795,
  1412,
  3591,
  1025,
  2668,
  3156,
  2726,
  1938,
  2858,
  1759,
  2722,
  2322,
  2362,
  3217,
  2719,
  2202,
  0,
  4656,
  2759,
  2926,
  3411,
  2229,
  4105,
  3060,
  3455,
  3590,
  1996,
  2854,
  1801,
  2494,
  2694,
  2848,
  2680,
  2880,
  2168,
  3254,
  2659,
  2798,
  3731,
  2329,
  1989,
  2858,
  2534,
  2610],
 [5083,
  3492,
  5064,
  4049,
  5072,
  4681,
  2125,
  2119,
  1958,
  2621,
  1271,
  3576,
  3641,
  3166,
  3485,
  3196,
  3655,
  3976,
  4022,
  4119,
  3653,
  3299,
  2923,
  3738,
  4282,
  7324,
  2694,
  3989,
  3774,
  3836,
  3833,
  4326,
  3698,
  2644,
  4116,
  5225,
  4324,
  3894,
  2935,
  3271,
  4172,
  4311,
  3613,
  2979,
  1894,
  1949,
  2383,
  3531,
  0,
  2507,
  3646,
  3839,
  2880,
  3140,
  4226,
  2286,
  2267,
  2660,
  1531,
  3611,
  3332,
  3862,
  3926,
  2350,
  3843,
  4514,
  2789,
  4086,
  3519,
  2388,
  2521,
  3669,
  4026,
  4211,
  3544],
 [5211,
  1887,
  2861,
  2635,
  2681,
  3299,
  2198,
  2073,
  1912,
  2749,
  3403,
  2283,
  806,
  1873,
  2052,
  3324,
  2076,
  2286,
  2589,
  2705,
  2079,
  1885,
  1509,
  2743,
  2868,
  6055,
  1043,
  2720,
  2415,
  2146,
  1223,
  2912,
  2283,
  2376,
  2511,
  2834,
  3031,
  1336,
  1641,
  2733,
  2482,
  2409,
  2008,
  1374,
  2002,
  535,
  969,
  2117,
  4125,
  0,
  811,
  1936,
  1271,
  2818,
  1549,
  2240,
  2375,
  1055,
  1639,
  2244,
  379,
  2569,
  2506,
  637,
  1008,
  3132,
  2039,
  2346,
  1914,
  2516,
  916,
  2064,
  2733,
  2221,
  1939],
 [5054,
  2156,
  3130,
  2904,
  2950,
  3568,
  2036,
  1916,
  1755,
  2592,
  3241,
  1365,
  5,
  1187,
  1700,
  3167,
  2345,
  2555,
  2237,
  2974,
  1442,
  2154,
  1778,
  1825,
  3137,
  5990,
  756,
  2655,
  1497,
  2415,
  412,
  3181,
  2552,
  2219,
  2780,
  3103,
  2113,
  525,
  1576,
  1815,
  2751,
  2678,
  2277,
  1643,
  1845,
  804,
  1238,
  2386,
  3866,
  1063,
  0,
  1677,
  1540,
  2661,
  1290,
  2083,
  2218,
  1324,
  1482,
  1826,
  432,
  1651,
  2775,
  906,
  197,
  3401,
  1882,
  2615,
  2183,
  2359,
  1185,
  2333,
  1815,
  2490,
  2208],
 [7272,
  1683,
  2262,
  2949,
  2270,
  1879,
  3064,
  2939,
  2778,
  4810,
  3460,
  3149,
  1672,
  2739,
  2918,
  5385,
  2942,
  3152,
  3455,
  3571,
  2945,
  2751,
  2375,
  3609,
  3734,
  6921,
  921,
  3586,
  3281,
  3012,
  2089,
  3778,
  3149,
  4833,
  2307,
  2423,
  3897,
  2202,
  2507,
  5460,
  3348,
  1008,
  1409,
  1098,
  2307,
  1401,
  1835,
  2983,
  2189,
  1461,
  1677,
  0,
  1082,
  1638,
  387,
  3106,
  1934,
  1735,
  2505,
  3110,
  1245,
  3435,
  1124,
  1382,
  1874,
  1712,
  2905,
  1233,
  1008,
  4577,
  1782,
  1984,
  3599,
  1196,
  820],
 [5491,
  601,
  1575,
  1729,
  1395,
  2013,
  2478,
  2353,
  2192,
  3029,
  4823,
  2397,
  1797,
  1987,
  1598,
  3604,
  1613,
  1971,
  2305,
  2242,
  2474,
  1422,
  1055,
  2857,
  2405,
  5901,
  786,
  2005,
  2529,
  1831,
  2214,
  2449,
  1820,
  2656,
  1225,
  1548,
  3145,
  2327,
  1927,
  2847,
  2167,
  1123,
  722,
  306,
  2282,
  1314,
  1245,
  1654,
  3552,
  703,
  1802,
  1239,
  0,
  3001,
  1004,
  2520,
  2655,
  529,
  1919,
  1790,
  1370,
  2683,
  1220,
  624,
  1999,
  1846,
  2319,
  1060,
  628,
  2796,
  862,
  902,
  2847,
  935,
  653],
 [4791,
  3131,
  3739,
  3688,
  3747,
  3356,
  1936,
  1811,
  1650,
  2329,
  2789,
  3275,
  2759,
  2865,
  3105,
  2904,
  3129,
  3339,
  3642,
  3758,
  3352,
  2938,
  2562,
  3446,
  3921,
  7023,
  2333,
  3688,
  3407,
  3199,
  3176,
  3965,
  3336,
  2352,
  3936,
  3900,
  4023,
  3593,
  2634,
  2979,
  3535,
  2986,
  3099,
  2618,
  669,
  1588,
  2022,
  3170,
  1518,
  2146,
  2764,
  2514,
  2519,
  0,
  2901,
  1978,
  296,
  2299,
  1032,
  3310,
  2332,
  3561,
  2601,
  1989,
  2961,
  3189,
  1777,
  2761,
  3158,
  2096,
  2160,
  3308,
  3725,
  2886,
  3183],
 [5690,
  1499,
  2473,
  2627,
  2293,
  2266,
  2677,
  2552,
  2391,
  3228,
  3847,
  2762,
  1285,
  2352,
  2531,
  3803,
  2555,
  2765,
  3068,
  3184,
  2558,
  2364,
  1988,
  3222,
  3347,
  6534,
  534,
  3199,
  2894,
  2625,
  1702,
  3391,
  2762,
  2855,
  2123,
  2446,
  3510,
  1815,
  2120,
  3212,
  2961,
  954,
  1620,
  773,
  2481,
  1014,
  1448,
  2596,
  2576,
  1074,
  1290,
  387,
  898,
  2025,
  0,
  2719,
  2321,
  1348,
  2118,
  2723,
  858,
  3048,
  1511,
  995,
  1487,
  2099,
  2518,
  1179,
  954,
  2995,
  1395,
  1800,
  3212,
  1142,
  766],
 [3803,
  2835,
  3809,
  3392,
  3629,
  4247,
  1404,
  705,
  354,
  706,
  2639,
  2907,
  2463,
  2516,
  2835,
  1916,
  3005,
  3043,
  3372,
  3462,
  2653,
  2642,
  2266,
  2458,
  3625,
  6674,
  2037,
  3339,
  2494,
  2903,
  3306,
  3669,
  3048,
  595,
  3459,
  3782,
  3655,
  3244,
  2285,
  1991,
  3239,
  3357,
  2956,
  2322,
  1237,
  1292,
  1726,
  2874,
  3388,
  1850,
  2468,
  2930,
  2223,
  2053,
  2543,
  0,
  1610,
  2003,
  874,
  2961,
  2036,
  3193,
  3454,
  1693,
  2665,
  4080,
  258,
  3294,
  2862,
  667,
  1864,
  3012,
  3357,
  3169,
  2887],
 [4495,
  2835,
  3809,
  3392,
  3629,
  3616,
  1640,
  1515,
  1354,
  2033,
  3049,
  2979,
  2463,
  2569,
  2809,
  2608,
  2833,
  3043,
  3346,
  3462,
  3056,
  2642,
  2266,
  3150,
  3625,
  6727,
  2037,
  3392,
  3111,
  2903,
  2880,
  3669,
  3040,
  2056,
  3459,
  3782,
  3727,
  3297,
  2338,
  2683,
  3239,
  3246,
  2956,
  2322,
  373,
  1292,
  1726,
  2874,
  1778,
  1850,
  2468,
  2774,
  2223,
  443,
  3161,
  1682,
  0,
  2003,
  736,
  3014,
  2036,
  3265,
  2861,
  1693,
  2665,
  3449,
  1481,
  3021,
  2862,
  1800,
  1864,
  3012,
  3429,
  3169,
  2887],
 [5191,
  832,
  1806,
  1960,
  1626,
  2244,
  2178,
  2053,
  1892,
  2729,
  3383,
  2097,
  1497,
  1687,
  1298,
  3304,
  1313,
  1671,
  2005,
  1942,
  2174,
  1122,
  755,
  2557,
  2105,
  5601,
  1001,
  1705,
  2229,
  1531,
  1914,
  2149,
  1520,
  2356,
  1456,
  1779,
  2845,
  2027,
  1627,
  2547,
  1867,
  1354,
  953,
  521,
  1982,
  1014,
  945,
  1354,
  3783,
  918,
  1502,
  1606,
  388,
  2798,
  1219,
  2220,
  2355,
  0,
  1619,
  1490,
  1070,
  2383,
  1451,
  839,
  1699,
  2077,
  2019,
  1291,
  859,
  2496,
  562,
  1009,
  2547,
  1166,
  884],
 [3759,
  2099,
  3073,
  2656,
  2893,
  3511,
  904,
  779,
  618,
  1297,
  2109,
  2243,
  1727,
  1833,
  2073,
  1872,
  2097,
  2307,
  2610,
  2726,
  2320,
  1906,
  1530,
  2414,
  2889,
  5991,
  1301,
  2656,
  2375,
  2167,
  2144,
  2933,
  2304,
  1320,
  2723,
  3046,
  2991,
  2561,
  1602,
  1947,
  2503,
  2621,
  2220,
  1586,
  363,
  556,
  990,
  2138,
  2514,
  1114,
  1732,
  2194,
  1487,
  1179,
  1807,
  946,
  736,
  1267,
  0,
  2278,
  1300,
  2529,
  2718,
  957,
  1929,
  3344,
  745,
  2558,
  2126,
  1064,
  1128,
  2276,
  2693,
  2433,
  2151],
 [5397,
  1362,
  2336,
  1568,
  1882,
  2500,
  2384,
  2259,
  2098,
  2935,
  3589,
  1545,
  1892,
  1135,
  746,
  3510,
  659,
  980,
  1283,
  1638,
  1622,
  818,
  203,
  2005,
  1801,
  5049,
  2003,
  1153,
  1677,
  840,
  1802,
  1845,
  829,
  2562,
  1986,
  2035,
  2293,
  1863,
  1075,
  1995,
  1176,
  1884,
  1483,
  1523,
  2188,
  1752,
  1173,
  1050,
  4313,
  1920,
  1897,
  2357,
  1390,
  3004,
  2221,
  2426,
  2561,
  967,
  1825,
  0,
  1465,
  1831,
  1981,
  1502,
  2094,
  2333,
  2225,
  1821,
  1826,
  2702,
  1300,
  1207,
  1995,
  1696,
  1771],
 [5048,
  1724,
  2698,
  2472,
  2518,
  3136,
  2468,
  1910,
  1749,
  2586,
  3673,
  1904,
  427,
  1494,
  1889,
  3161,
  1913,
  2123,
  2426,
  2542,
  1700,
  1722,
  1346,
  2364,
  2705,
  5676,
  324,
  2341,
  2036,
  1983,
  844,
  2749,
  2120,
  2213,
  2348,
  2671,
  2652,
  957,
  1262,
  2354,
  2319,
  2246,
  1845,
  1211,
  1839,
  372,
  806,
  1954,
  3434,
  631,
  432,
  1245,
  1108,
  2655,
  858,
  2077,
  2212,
  892,
  1476,
  1690,
  0,
  2190,
  2343,
  474,
  629,
  2969,
  1876,
  2183,
  1751,
  2353,
  753,
  1901,
  2354,
  2058,
  1776],
 [4212,
  2829,
  3558,
  2701,
  3349,
  3967,
  3351,
  3231,
  3070,
  2566,
  4556,
  1354,
  2278,
  845,
  1341,
  2424,
  1511,
  1832,
  1878,
  2771,
  902,
  1951,
  1670,
  1259,
  2934,
  4444,
  2727,
  1748,
  669,
  1692,
  1236,
  2978,
  1554,
  3534,
  3453,
  3502,
  462,
  1858,
  913,
  1249,
  2028,
  3351,
  2950,
  2990,
  3160,
  3215,
  3649,
  2183,
  5311,
  3773,
  2273,
  3648,
  2857,
  3976,
  3261,
  3398,
  3533,
  2434,
  2797,
  1467,
  2403,
  0,
  3448,
  3616,
  2076,
  3800,
  3197,
  3288,
  3293,
  3674,
  3787,
  2674,
  164,
  3163,
  3238],
 [7415,
  951,
  1925,
  2079,
  803,
  1317,
  3487,
  3362,
  3201,
  4953,
  3603,
  2995,
  2546,
  2585,
  2196,
  5528,
  2211,
  2569,
  2903,
  2840,
  3072,
  2020,
  1653,
  3455,
  3003,
  6499,
  1795,
  2603,
  3127,
  2429,
  2963,
  2082,
  2418,
  4976,
  1575,
  956,
  3743,
  3313,
  2525,
  3445,
  2765,
  385,
  498,
  1315,
  2450,
  2051,
  2254,
  2252,
  2332,
  1712,
  2551,
  1087,
  1182,
  1781,
  1474,
  3529,
  2077,
  1538,
  3863,
  2388,
  2119,
  3281,
  0,
  1633,
  2748,
  1150,
  3328,
  160,
  797,
  4720,
  1871,
  1252,
  3445,
  285,
  609],
 [4999,
  1235,
  2209,
  2363,
  2029,
  2647,
  1986,
  1861,
  1700,
  2537,
  3191,
  2378,
  901,
  1968,
  1884,
  3112,
  1899,
  2257,
  2591,
  2528,
  2174,
  1708,
  1341,
  2838,
  2691,
  6150,
  406,
  2291,
  2510,
  2117,
  1318,
  2735,
  2106,
  2164,
  1859,
  2182,
  3126,
  1431,
  1736,
  3187,
  2453,
  1757,
  1356,
  512,
  1790,
  418,
  757,
  1940,
  3488,
  157,
  906,
  1299,
  634,
  2606,
  912,
  2028,
  2163,
  586,
  1427,
  2076,
  474,
  2664,
  1854,
  0,
  1103,
  2480,
  1827,
  1694,
  1262,
  2304,
  447,
  1536,
  2828,
  1569,
  1287],
 [4857,
  2353,
  3327,
  3101,
  3147,
  3765,
  1839,
  1719,
  1558,
  2395,
  3044,
  1168,
  202,
  990,
  1503,
  2970,
  1673,
  1994,
  2040,
  3171,
  1245,
  2351,
  1975,
  1628,
  3334,
  5358,
  953,
  2023,
  1300,
  1854,
  215,
  3378,
  1716,
  2022,
  2977,
  3300,
  1916,
  328,
  1090,
  1618,
  2190,
  2875,
  2474,
  1840,
  1648,
  1001,
  1435,
  2583,
  4063,
  1260,
  197,
  1874,
  1737,
  2464,
  1487,
  1886,
  2021,
  1521,
  1285,
  1629,
  629,
  1454,
  2972,
  1103,
  0,
  3598,
  1685,
  2812,
  2380,
  2162,
  1382,
  2530,
  1618,
  2687,
  2405],
 [8219,
  1529,
  550,
  1237,
  995,
  604,
  4335,
  4210,
  4049,
  5757,
  4407,
  3667,
  3643,
  3257,
  2806,
  6332,
  2407,
  2765,
  3099,
  1866,
  3744,
  2022,
  2325,
  4127,
  2029,
  7109,
  2777,
  3213,
  3799,
  2625,
  3924,
  1240,
  2614,
  5780,
  747,
  1148,
  4415,
  3985,
  3197,
  4117,
  2961,
  1503,
  1616,
  2297,
  4139,
  3160,
  3124,
  1805,
  3136,
  2694,
  3648,
  1891,
  2164,
  2585,
  2278,
  4377,
  2881,
  2375,
  3776,
  3060,
  3216,
  3953,
  1328,
  2615,
  3845,
  0,
  4176,
  1278,
  1915,
  5524,
  2708,
  1924,
  4117,
  1403,
  1727],
 [3748,
  2780,
  3754,
  3337,
  3574,
  4192,
  1349,
  957,
  606,
  448,
  2554,
  2852,
  2408,
  2461,
  2780,
  1861,
  2950,
  2988,
  3317,
  3407,
  2598,
  2587,
  2211,
  2403,
  3570,
  6619,
  1982,
  3284,
  2439,
  2848,
  3251,
  3614,
  2993,
  337,
  3404,
  3727,
  3600,
  3189,
  2230,
  1936,
  3184,
  3302,
  2901,
  2267,
  1182,
  1237,
  1671,
  2819,
  3333,
  1795,
  2413,
  2875,
  2168,
  1998,
  2488,
  252,
  1555,
  1948,
  819,
  2906,
  1981,
  3138,
  3399,
  1638,
  2610,
  4025,
  0,
  3239,
  2807,
  503,
  1809,
  2957,
  3302,
  3114,
  2832],
 [7575,
  791,
  1765,
  1919,
  713,
  1471,
  3327,
  3202,
  3041,
  5113,
  3763,
  2835,
  2386,
  2425,
  2036,
  5688,
  2051,
  2409,
  2743,
  2680,
  2912,
  1860,
  1493,
  3295,
  2843,
  6339,
  1635,
  2443,
  2967,
  2269,
  2803,
  1922,
  2258,
  5136,
  1415,
  866,
  3583,
  3153,
  2365,
  3285,
  2605,
  225,
  338,
  1155,
  3131,
  1891,
  2094,
  2092,
  2492,
  1552,
  2391,
  1247,
  1022,
  1941,
  1179,
  3369,
  2237,
  1378,
  2768,
  2228,
  1959,
  3121,
  160,
  1473,
  2588,
  1304,
  3168,
  0,
  637,
  4880,
  1711,
  1092,
  3285,
  125,
  449],
 [5703,
  700,
  1674,
  1828,
  1494,
  2112,
  2690,
  2565,
  2404,
  3241,
  4670,
  2609,
  1749,
  2199,
  1810,
  3816,
  1825,
  2183,
  2517,
  2454,
  2686,
  1634,
  1267,
  3069,
  2617,
  6113,
  998,
  2217,
  2741,
  2043,
  2166,
  1831,
  2032,
  2868,
  1324,
  1647,
  3357,
  2279,
  2139,
  3059,
  2379,
  812,
  821,
  518,
  2494,
  1254,
  1457,
  1866,
  3399,
  915,
  1754,
  1210,
  385,
  2848,
  1156,
  2732,
  2867,
  741,
  2131,
  2002,
  1322,
  2895,
  1319,
  836,
  1951,
  1945,
  2531,
  1159,
  0,
  3008,
  1074,
  1001,
  3059,
  1034,
  624],
 [4080,
  3112,
  4086,
  3669,
  3906,
  4524,
  1681,
  1484,
  1323,
  277,
  2886,
  3184,
  2740,
  2793,
  3112,
  2193,
  3282,
  3320,
  3649,
  3739,
  2930,
  2919,
  2543,
  2735,
  3902,
  6951,
  2314,
  3616,
  2771,
  3180,
  3583,
  3946,
  3325,
  300,
  3736,
  4059,
  3932,
  3521,
  2562,
  2268,
  3516,
  3634,
  3233,
  2599,
  1514,
  1569,
  2003,
  3151,
  3665,
  2127,
  2745,
  3207,
  2500,
  2330,
  2820,
  697,
  1887,
  2280,
  1151,
  3238,
  2313,
  3470,
  3731,
  1970,
  2942,
  4357,
  445,
  3571,
  3139,
  0,
  2141,
  3289,
  3634,
  3446,
  3164],
 [4975,
  1257,
  2231,
  2385,
  2051,
  2669,
  1962,
  1837,
  1676,
  2513,
  3167,
  2241,
  1065,
  1831,
  1860,
  3088,
  1875,
  2233,
  2567,
  2504,
  2338,
  1684,
  1317,
  2701,
  2667,
  6013,
  428,
  2267,
  2373,
  2093,
  1482,
  2711,
  2082,
  2140,
  1881,
  2204,
  2989,
  1595,
  1599,
  3163,
  2429,
  1779,
  1378,
  534,
  1766,
  582,
  733,
  1916,
  3510,
  345,
  1070,
  1321,
  656,
  2582,
  934,
  2004,
  2139,
  562,
  1403,
  2052,
  638,
  2527,
  1876,
  266,
  1267,
  2502,
  1803,
  1716,
  1284,
  2280,
  0,
  1558,
  2691,
  1591,
  1309],
 [5424,
  846,
  1820,
  1518,
  1366,
  1984,
  2411,
  2286,
  2125,
  2962,
  3616,
  1743,
  1719,
  1333,
  944,
  3537,
  959,
  1317,
  1651,
  1588,
  1820,
  768,
  401,
  2203,
  1751,
  5247,
  1212,
  1351,
  1875,
  1177,
  2000,
  1795,
  1166,
  2589,
  1470,
  1519,
  2491,
  2061,
  1273,
  2193,
  1513,
  1368,
  967,
  972,
  2215,
  1236,
  1200,
  1000,
  3797,
  1129,
  1724,
  2057,
  839,
  3031,
  1670,
  2453,
  2588,
  451,
  1852,
  1136,
  1292,
  2029,
  1465,
  986,
  1921,
  1817,
  2252,
  1305,
  1310,
  2729,
  784,
  0,
  2193,
  1180,
  1335],
 [4376,
  2665,
  3394,
  2537,
  3185,
  3803,
  3187,
  3067,
  2906,
  3743,
  4392,
  1382,
  2114,
  972,
  1177,
  2588,
  1347,
  1668,
  1714,
  2607,
  1066,
  1787,
  1506,
  1423,
  2770,
  4280,
  2563,
  1584,
  833,
  1528,
  1921,
  2814,
  1390,
  3370,
  3289,
  3338,
  298,
  1694,
  989,
  1413,
  1864,
  3187,
  2786,
  2826,
  2996,
  3051,
  3485,
  2019,
  5147,
  3609,
  2109,
  3484,
  2693,
  3812,
  3097,
  3234,
  3369,
  2270,
  2633,
  1303,
  2239,
  164,
  3284,
  3452,
  1912,
  3636,
  3033,
  3124,
  3129,
  3510,
  3623,
  2510,
  0,
  2999,
  3074],
 [7700,
  666,
  1640,
  1794,
  728,
  1346,
  3378,
  3253,
  3092,
  5238,
  3888,
  2710,
  2349,
  2300,
  1911,
  5813,
  1926,
  2284,
  2618,
  2555,
  2787,
  1735,
  1368,
  3170,
  2718,
  6214,
  1598,
  2318,
  2842,
  2144,
  2766,
  1797,
  2133,
  3556,
  1290,
  881,
  3458,
  3028,
  2240,
  3160,
  2480,
  188,
  213,
  1118,
  3182,
  1854,
  2167,
  1967,
  2617,
  1515,
  2354,
  1196,
  985,
  2066,
  1142,
  3420,
  2362,
  1418,
  2819,
  2103,
  1922,
  2996,
  285,
  1436,
  2551,
  1179,
  3219,
  125,
  600,
  5005,
  1751,
  967,
  3160,
  0,
  412],
 [5891,
  888,
  1862,
  2016,
  1682,
  2300,
  2878,
  2753,
  2592,
  3429,
  4858,
  2797,
  1937,
  2387,
  1998,
  4004,
  2013,
  2371,
  2705,
  2642,
  2874,
  1822,
  1455,
  3257,
  2805,
  6301,
  1186,
  2405,
  2929,
  2231,
  2354,
  2019,
  2220,
  3056,
  1512,
  1835,
  3545,
  2467,
  2327,
  3247,
  2567,
  1000,
  1009,
  706,
  2682,
  1442,
  1645,
  2054,
  3587,
  1103,
  1942,
  1398,
  573,
  3036,
  1344,
  2920,
  3055,
  929,
  2319,
  2190,
  1510,
  3083,
  1507,
  1024,
  2139,
  2133,
  2719,
  1347,
  188,
  3196,
  1262,
  1189,
  3247,
  1222,
  0],
 [4376,
  2665,
  3394,
  2537,
  3185,
  3803,
  3187,
  3067,
  2906,
  3743,
  4392,
  1382,
  2114,
  972,
  1177,
  2588,
  1347,
  1668,
  1714,
  2607,
  1066,
  1787,
  1506,
  1423,
  2770,
  4280,
  2563,
  1584,
  833,
  1528,
  1921,
  2814,
  1390,
  3370,
  3289,
  3338,
  298,
  1694,
  989,
  1413,
  1864,
  3187,
  2786,
  2826,
  2996,
  3051,
  3485,
  2019,
  5147,
  3609,
  2109,
  3484,
  2693,
  3812,
  3097,
  3234,
  3369,
  2270,
  2633,
  1303,
  2239,
  164,
  3284,
  3452,
  1912,
  3636,
  3033,
  3124,
  3129,
  3510,
  3623,
  2510,
  0,
  2999,
  3074],
 [7700,
  666,
  1640,
  1794,
  728,
  1346,
  3378,
  3253,
  3092,
  5238,
  3888,
  2710,
  2349,
  2300,
  1911,
  5813,
  1926,
  2284,
  2618,
  2555,
  2787,
  1735,
  1368,
  3170,
  2718,
  6214,
  1598,
  2318,
  2842,
  2144,
  2766,
  1797,
  2133,
  3556,
  1290,
  881,
  3458,
  3028,
  2240,
  3160,
  2480,
  188,
  213,
  1118,
  3182,
  1854,
  2167,
  1967,
  2617,
  1515,
  2354,
  1196,
  985,
  2066,
  1142,
  3420,
  2362,
  1418,
  2819,
  2103,
  1922,
  2996,
  285,
  1436,
  2551,
  1179,
  3219,
  125,
  600,
  5005,
  1751,
  967,
  3160,
  0,
  412],
 [5891,
  888,
  1862,
  2016,
  1682,
  2300,
  2878,
  2753,
  2592,
  3429,
  4858,
  2797,
  1937,
  2387,
  1998,
  4004,
  2013,
  2371,
  2705,
  2642,
  2874,
  1822,
  1455,
  3257,
  2805,
  6301,
  1186,
  2405,
  2929,
  2231,
  2354,
  2019,
  2220,
  3056,
  1512,
  1835,
  3545,
  2467,
  2327,
  3247,
  2567,
  1000,
  1009,
  706,
  2682,
  1442,
  1645,
  2054,
  3587,
  1103,
  1942,
  1398,
  573,
  3036,
  1344,
  2920,
  3055,
  929,
  2319,
  2190,
  1510,
  3083,
  1507,
  1024,
  2139,
  2133,
  2719,
  1347,
  188,
  3196,
  1262,
  1189,
  3247,
  1222,
  0]]
