[[0,
  1283,
  2527,
  1291,
  4315,
  1195,
  778,
  3011,
  3245,
  857,
  1282,
  3240,
  3426,
  2564,
  3278,
  193,
  3554,
  2346,
  2240,
  2132,
  3254,
  1508,
  3167,
  2170,
  2880,
  2979,
  4072,
  2897,
  3502,
  3715,
  3320,
  181,
  408,
  3825,
  2895,
  1779,
  1076,
  1304,
  1959,
  3819,
  583,
  2709,
  1542,
  1114],
 [896,
  0,
  1809,
  573,
  3576,
  1640,
  1674,
  2293,
  2262,
  1753,
  564,
  2522,
  2708,
  1846,
  2560,
  1089,
  2815,
  1628,
  1522,
  1414,
  2271,
  2404,
  2449,
  1452,
  1897,
  2261,
  3333,
  2179,
  2682,
  2997,
  2337,
  715,
  1304,
  3107,
  2177,
  1061,
  342,
  2200,
  1241,
  2836,
  1479,
  1991,
  824,
  2010],
 [2704,
  1808,
  0,
  1895,
  1788,
  3448,
  3482,
  765,
  3849,
  3561,
  1886,
  3844,
  4030,
  3168,
  1032,
  2897,
  1027,
  2950,
  2844,
  947,
  3858,
  4212,
  3771,
  2774,
  3484,
  733,
  1545,
  3501,
  4106,
  1209,
  3924,
  2523,
  3112,
  4429,
  3499,
  2383,
  2150,
  4008,
  774,
  4423,
  3287,
  463,
  2146,
  3818],
 [1376,
  758,
  1515,
  0,
  3282,
  2120,
  2154,
  1999,
  1844,
  2233,
  836,
  2794,
  2316,
  2118,
  2266,
  1569,
  2521,
  1900,
  949,
  1120,
  1853,
  2884,
  2057,
  1724,
  1479,
  1967,
  3039,
  2451,
  2264,
  2703,
  1919,
  1195,
  1784,
  2715,
  2449,
  488,
  822,
  2680,
  947,
  2418,
  1959,
  1697,
  251,
  2490],
 [4210,
  3314,
  1807,
  3401,
  0,
  4954,
  4988,
  1307,
  5355,
  5067,
  3392,
  5350,
  5536,
  4674,
  1256,
  4403,
  761,
  4456,
  4350,
  2453,
  5364,
  5718,
  5277,
  4280,
  4990,
  1554,
  243,
  5007,
  5612,
  579,
  5430,
  4029,
  4618,
  5935,
  5005,
  3889,
  3656,
  5514,
  2390,
  5929,
  4793,
  1585,
  3652,
  5324],
 [1195,
  2023,
  3267,
  2031,
  5034,
  0,
  317,
  3751,
  3985,
  1485,
  2022,
  3980,
  4166,
  3304,
  4018,
  1170,
  4273,
  3086,
  2980,
  2872,
  3994,
  834,
  3907,
  2910,
  3620,
  3719,
  4791,
  3637,
  4242,
  4455,
  4060,
  1527,
  1122,
  4565,
  3635,
  2519,
  1816,
  1038,
  2699,
  4559,
  1560,
  3449,
  2282,
  1228],
 [778,
  2041,
  3285,
  2049,
  5052,
  317,
  0,
  3769,
  4003,
  1014,
  2040,
  3998,
  4184,
  3322,
  4036,
  585,
  4291,
  3104,
  2998,
  2890,
  4012,
  624,
  3925,
  2928,
  3638,
  3737,
  4809,
  3655,
  4260,
  4473,
  4078,
  959,
  394,
  4596,
  3653,
  2537,
  1834,
  567,
  2717,
  4577,
  901,
  3467,
  2300,
  757],
 [2927,
  2031,
  824,
  2118,
  1307,
  3671,
  3705,
  0,
  4072,
  3784,
  2109,
  4067,
  4253,
  3391,
  291,
  3120,
  546,
  3173,
  3067,
  1170,
  4081,
  4435,
  3994,
  2997,
  3707,
  271,
  1064,
  3724,
  4329,
  728,
  4147,
  2746,
  3335,
  4652,
  3722,
  2606,
  2373,
  4231,
  1055,
  4646,
  3510,
  302,
  2369,
  4041],
 [3130,
  2234,
  3271,
  1756,
  5038,
  3874,
  3908,
  3755,
  0,
  3987,
  2312,
  1233,
  1187,
  1931,
  4022,
  3323,
  4277,
  1713,
  683,
  2876,
  9,
  4638,
  928,
  1493,
  400,
  3723,
  4795,
  1479,
  605,
  4459,
  260,
  2949,
  3538,
  1586,
  1558,
  1144,
  2576,
  4434,
  2703,
  759,
  3713,
  3453,
  1717,
  4244],
 [857,
  2242,
  3486,
  2250,
  5253,
  1485,
  1175,
  3970,
  4204,
  0,
  2241,
  4199,
  4385,
  3523,
  4237,
  664,
  4492,
  3305,
  3199,
  3091,
  4213,
  651,
  4126,
  3129,
  3839,
  3938,
  5010,
  3856,
  4461,
  4674,
  4279,
  1038,
  805,
  4784,
  3854,
  2738,
  1933,
  447,
  2918,
  4778,
  292,
  3668,
  2501,
  257],
 [1740,
  844,
  2088,
  852,
  3855,
  2484,
  2518,
  2572,
  1850,
  2597,
  0,
  1958,
  2144,
  1282,
  2839,
  1933,
  3094,
  1064,
  1093,
  1693,
  1859,
  3248,
  1885,
  888,
  1485,
  2540,
  3612,
  1615,
  2220,
  3276,
  1925,
  1559,
  2148,
  2543,
  1613,
  916,
  1186,
  3044,
  1520,
  2424,
  2323,
  2270,
  1103,
  2854],
 [3047,
  2151,
  3395,
  2412,
  5162,
  3791,
  3825,
  3879,
  799,
  3904,
  2229,
  0,
  527,
  1386,
  4146,
  3240,
  4401,
  1168,
  911,
  3000,
  808,
  4555,
  268,
  948,
  1056,
  3847,
  4919,
  819,
  590,
  4583,
  609,
  2866,
  3455,
  926,
  898,
  1372,
  2493,
  4351,
  2827,
  1373,
  3630,
  3577,
  1609,
  4161],
 [3376,
  2480,
  3724,
  2488,
  5491,
  4120,
  4154,
  4208,
  1261,
  4233,
  2558,
  462,
  0,
  1715,
  4475,
  3569,
  4730,
  1497,
  1373,
  3329,
  1270,
  4884,
  259,
  1277,
  1518,
  4176,
  5248,
  940,
  1052,
  4912,
  1071,
  3195,
  3784,
  457,
  1019,
  1834,
  2822,
  4680,
  3156,
  1541,
  3959,
  3906,
  2071,
  4490],
 [1661,
  765,
  2009,
  773,
  3776,
  2405,
  2439,
  2493,
  1771,
  2518,
  843,
  1911,
  2097,
  0,
  2760,
  1854,
  3015,
  1017,
  1014,
  1614,
  1780,
  3169,
  1838,
  841,
  1406,
  2461,
  3533,
  1568,
  2173,
  3197,
  1846,
  1480,
  2069,
  2496,
  1566,
  837,
  1107,
  2965,
  1441,
  2345,
  2244,
  2191,
  1024,
  2775],
 [3194,
  2298,
  1091,
  2385,
  1256,
  3938,
  3972,
  291,
  4339,
  4051,
  2376,
  4334,
  4520,
  3658,
  0,
  3387,
  495,
  3440,
  3334,
  1437,
  4348,
  4702,
  4261,
  3264,
  3974,
  538,
  1013,
  3991,
  4596,
  677,
  4414,
  3013,
  3602,
  4919,
  3989,
  2873,
  2640,
  4498,
  1322,
  4913,
  3777,
  569,
  2636,
  4308],
 [193,
  1476,
  2720,
  1484,
  4487,
  1170,
  585,
  3204,
  3438,
  664,
  1475,
  3433,
  3619,
  2757,
  3471,
  0,
  3726,
  2539,
  2433,
  2325,
  3447,
  1315,
  3360,
  2363,
  3073,
  3172,
  4244,
  3090,
  3695,
  3908,
  3513,
  374,
  215,
  4031,
  3088,
  1972,
  1269,
  1111,
  2152,
  4012,
  390,
  2902,
  1735,
  921],
 [3449,
  2553,
  1086,
  2640,
  761,
  4193,
  4227,
  546,
  4594,
  4306,
  2631,
  4589,
  4775,
  3913,
  495,
  3642,
  0,
  3695,
  3589,
  1692,
  4603,
  4957,
  4516,
  3519,
  4229,
  793,
  518,
  4246,
  4851,
  182,
  4669,
  3268,
  3857,
  5187,
  4244,
  3128,
  2895,
  4753,
  1669,
  5168,
  4032,
  824,
  2891,
  4563],
 [1879,
  983,
  2227,
  991,
  3994,
  2623,
  2657,
  2711,
  1520,
  2736,
  1061,
  2129,
  2315,
  218,
  2978,
  2072,
  3233,
  0,
  1232,
  1832,
  1529,
  3387,
  2056,
  1059,
  1155,
  2679,
  3751,
  1786,
  1608,
  3415,
  1595,
  1698,
  2287,
  2727,
  1784,
  1055,
  1325,
  3183,
  1659,
  2094,
  2462,
  2409,
  1242,
  2993],
 [2359,
  1463,
  2464,
  949,
  4231,
  3103,
  3137,
  2948,
  757,
  3216,
  1541,
  1413,
  1367,
  1009,
  3215,
  2552,
  3470,
  1299,
  0,
  2069,
  766,
  3867,
  1108,
  1079,
  392,
  2916,
  3988,
  1659,
  1177,
  3652,
  832,
  2178,
  2767,
  1766,
  1804,
  461,
  1805,
  3663,
  1896,
  1331,
  2942,
  2646,
  698,
  3473],
 [2355,
  1459,
  395,
  1546,
  2183,
  3099,
  3133,
  1160,
  3500,
  3212,
  1537,
  3495,
  3681,
  2819,
  1427,
  2548,
  1422,
  2601,
  2495,
  0,
  3509,
  3863,
  3422,
  2425,
  3135,
  1128,
  1940,
  3152,
  3757,
  1604,
  3575,
  2174,
  2763,
  4093,
  3150,
  2034,
  1801,
  3659,
  425,
  4074,
  2938,
  858,
  1797,
  3469],
 [3121,
  2225,
  3262,
  1747,
  5029,
  3865,
  3899,
  3746,
  176,
  3978,
  2303,
  1224,
  1178,
  1922,
  4013,
  3314,
  4268,
  1704,
  674,
  2867,
  0,
  4629,
  919,
  1484,
  391,
  3714,
  4786,
  1470,
  596,
  4450,
  251,
  2940,
  3529,
  1577,
  1549,
  1135,
  2567,
  4425,
  2694,
  750,
  3704,
  3444,
  1708,
  4235],
 [1508,
  2893,
  4137,
  2901,
  5904,
  834,
  624,
  4621,
  4855,
  651,
  2892,
  4850,
  5036,
  4174,
  4888,
  1315,
  5143,
  3956,
  3850,
  3742,
  4864,
  0,
  4777,
  3780,
  4490,
  4589,
  5661,
  4507,
  5112,
  5325,
  4930,
  1689,
  1456,
  5448,
  4505,
  3389,
  2584,
  204,
  3569,
  5429,
  943,
  4319,
  3152,
  394],
 [3117,
  2221,
  3465,
  2229,
  5232,
  3861,
  3895,
  3949,
  1002,
  3974,
  2299,
  203,
  259,
  1456,
  4216,
  3310,
  4471,
  1238,
  1114,
  3070,
  1011,
  4625,
  0,
  1018,
  1259,
  3917,
  4989,
  681,
  793,
  4653,
  812,
  2936,
  3525,
  658,
  760,
  1575,
  2563,
  4421,
  2897,
  1576,
  3700,
  3647,
  1812,
  4231],
 [2655,
  1759,
  3003,
  1767,
  4770,
  3399,
  3433,
  3487,
  1869,
  3512,
  1837,
  1070,
  1256,
  994,
  3754,
  2848,
  4009,
  776,
  1545,
  2608,
  1878,
  4163,
  997,
  0,
  2126,
  3455,
  4527,
  727,
  1660,
  4191,
  1679,
  2474,
  3063,
  1668,
  725,
  1831,
  2101,
  3959,
  2435,
  2443,
  3238,
  3185,
  2018,
  3769],
 [2730,
  1834,
  2871,
  1356,
  4638,
  3474,
  3508,
  3355,
  584,
  3587,
  1912,
  1632,
  1586,
  1138,
  3622,
  2923,
  3877,
  1428,
  283,
  2476,
  593,
  4238,
  1327,
  1208,
  0,
  3323,
  4416,
  1878,
  1004,
  4059,
  659,
  2549,
  3138,
  1985,
  1957,
  744,
  2176,
  4034,
  2303,
  1158,
  3313,
  3053,
  1317,
  3844],
 [2895,
  1999,
  792,
  2086,
  1554,
  3639,
  3673,
  271,
  4040,
  3752,
  2077,
  4035,
  4221,
  3359,
  538,
  3088,
  793,
  3141,
  3035,
  1138,
  4049,
  4403,
  3962,
  2965,
  3675,
  0,
  1311,
  3692,
  4297,
  975,
  4115,
  2714,
  3303,
  4633,
  3690,
  2574,
  2341,
  4199,
  1023,
  4614,
  3478,
  270,
  2337,
  4009],
 [4077,
  3181,
  1564,
  3158,
  243,
  4821,
  4745,
  1439,
  5222,
  4934,
  3149,
  5217,
  5403,
  4541,
  1388,
  4270,
  518,
  4213,
  4217,
  2320,
  5231,
  5585,
  5144,
  4147,
  4857,
  1968,
  0,
  4874,
  5479,
  336,
  5297,
  3786,
  4485,
  5692,
  4872,
  3756,
  3523,
  5381,
  2147,
  5796,
  4660,
  1698,
  3409,
  5191],
 [2436,
  1540,
  2784,
  1548,
  4572,
  3180,
  3214,
  3268,
  1712,
  3293,
  1618,
  913,
  1099,
  775,
  3535,
  2629,
  3811,
  557,
  1326,
  2389,
  1721,
  3944,
  840,
  337,
  1969,
  3236,
  4308,
  0,
  1503,
  3993,
  1522,
  2255,
  2844,
  1511,
  568,
  1612,
  1882,
  3740,
  2216,
  2286,
  3019,
  2966,
  1799,
  3550],
 [3654,
  2758,
  3795,
  2280,
  5562,
  4398,
  4432,
  4279,
  667,
  4511,
  2836,
  1315,
  911,
  1814,
  4546,
  3847,
  4822,
  1596,
  1207,
  3400,
  676,
  5162,
  811,
  1376,
  924,
  4247,
  5340,
  1362,
  0,
  4983,
  477,
  3473,
  4062,
  1310,
  1441,
  1668,
  3100,
  4958,
  3227,
  938,
  4237,
  3977,
  2241,
  4768],
 [3741,
  2735,
  1228,
  2822,
  579,
  4485,
  4519,
  728,
  4886,
  4598,
  2813,
  4771,
  5067,
  4095,
  1052,
  3824,
  182,
  3987,
  3771,
  1984,
  4785,
  5249,
  4808,
  3811,
  4411,
  1632,
  336,
  4428,
  5033,
  0,
  4961,
  3450,
  4149,
  5479,
  4536,
  3310,
  3187,
  5045,
  1811,
  5460,
  4324,
  1362,
  3183,
  4855],
 [3332,
  2436,
  3680,
  2167,
  5447,
  4076,
  4110,
  4164,
  554,
  4189,
  2514,
  973,
  927,
  1671,
  4431,
  3525,
  4686,
  1453,
  1196,
  3285,
  563,
  4840,
  668,
  1233,
  811,
  4132,
  5204,
  1219,
  345,
  4868,
  0,
  3151,
  3740,
  1326,
  1298,
  1657,
  2778,
  4636,
  3112,
  1283,
  3915,
  3862,
  1894,
  4446],
 [181,
  1102,
  2346,
  1110,
  4113,
  1531,
  959,
  2830,
  3064,
  1038,
  1101,
  3059,
  3245,
  2383,
  3097,
  374,
  3352,
  2165,
  2059,
  1951,
  3073,
  1689,
  2986,
  1989,
  2699,
  2798,
  3870,
  2716,
  3321,
  3534,
  3139,
  0,
  589,
  3657,
  2714,
  1598,
  895,
  1485,
  1778,
  3638,
  764,
  2528,
  1361,
  1295],
 [408,
  1691,
  2935,
  1699,
  4702,
  1122,
  394,
  3419,
  3653,
  805,
  1690,
  3648,
  3834,
  2972,
  3686,
  215,
  3941,
  2754,
  2648,
  2540,
  3662,
  834,
  3575,
  2578,
  3288,
  3387,
  4459,
  3305,
  3910,
  4123,
  3728,
  589,
  0,
  4246,
  3303,
  2187,
  1484,
  1252,
  2367,
  4227,
  531,
  3117,
  1950,
  1062],
 [2726,
  1830,
  3074,
  1838,
  4841,
  3470,
  3504,
  3558,
  1432,
  3583,
  1908,
  633,
  819,
  1065,
  3825,
  2919,
  4080,
  847,
  1544,
  2679,
  1441,
  4234,
  560,
  627,
  1689,
  3526,
  4598,
  290,
  1223,
  4262,
  1242,
  2545,
  3134,
  0,
  369,
  1902,
  2172,
  4030,
  2506,
  2006,
  3309,
  3256,
  2089,
  3840],
 [3669,
  2773,
  4017,
  2781,
  5784,
  4413,
  4447,
  4501,
  2442,
  4526,
  2851,
  1643,
  1181,
  2008,
  4768,
  3862,
  5023,
  1790,
  2554,
  3622,
  2451,
  5177,
  1440,
  1570,
  2699,
  4469,
  5541,
  1233,
  2233,
  5205,
  2252,
  3488,
  4077,
  943,
  0,
  2845,
  3115,
  4973,
  3449,
  3155,
  4252,
  4199,
  3032,
  4783],
 [2187,
  1291,
  2003,
  488,
  3770,
  2931,
  2965,
  2487,
  1218,
  3044,
  1369,
  2432,
  1828,
  1756,
  2754,
  2380,
  3009,
  1538,
  461,
  1608,
  1227,
  3695,
  1569,
  1362,
  853,
  2455,
  3527,
  2089,
  1638,
  3191,
  1293,
  2006,
  2595,
  2227,
  2087,
  0,
  1633,
  3491,
  1435,
  1792,
  2770,
  2185,
  237,
  3301],
 [554,
  1055,
  2299,
  1063,
  4066,
  1298,
  1332,
  2783,
  3017,
  1411,
  1054,
  3012,
  3198,
  2336,
  3050,
  747,
  3305,
  2118,
  2012,
  1904,
  3026,
  2062,
  2939,
  1942,
  2652,
  2751,
  3823,
  2669,
  3274,
  3487,
  3092,
  373,
  962,
  3610,
  2667,
  1551,
  0,
  1858,
  1731,
  3591,
  1137,
  2481,
  1314,
  1668],
 [1304,
  2689,
  3933,
  2697,
  5700,
  1038,
  567,
  4417,
  4651,
  447,
  2688,
  4646,
  4832,
  3970,
  4684,
  1111,
  4939,
  3752,
  3646,
  3538,
  4660,
  204,
  4573,
  3576,
  4286,
  4385,
  5457,
  4303,
  4908,
  5121,
  4726,
  1485,
  1252,
  5244,
  4301,
  3185,
  2380,
  0,
  3365,
  5225,
  739,
  4115,
  2948,
  190],
 [1930,
  1034,
  568,
  1121,
  2335,
  2674,
  2708,
  1052,
  3075,
  2787,
  1112,
  3070,
  3256,
  2394,
  1319,
  2123,
  1574,
  2176,
  2070,
  173,
  3084,
  3438,
  2997,
  2000,
  2710,
  1020,
  2092,
  2727,
  3332,
  1756,
  3150,
  1749,
  2338,
  3668,
  2725,
  1609,
  1376,
  3234,
  0,
  3649,
  2513,
  750,
  1372,
  3044],
 [3485,
  2833,
  3870,
  2355,
  5393,
  4473,
  4507,
  4110,
  355,
  4342,
  2911,
  1956,
  1552,
  2214,
  4377,
  3922,
  4632,
  1996,
  1282,
  3475,
  364,
  5237,
  1753,
  1776,
  999,
  4322,
  5150,
  1762,
  949,
  5058,
  552,
  3548,
  4137,
  1951,
  1841,
  1743,
  3175,
  4789,
  3302,
  0,
  4312,
  3808,
  2316,
  4843],
 [583,
  1968,
  3212,
  1976,
  4979,
  1777,
  901,
  3696,
  3930,
  292,
  1967,
  3925,
  4111,
  3249,
  3963,
  390,
  4218,
  3031,
  2925,
  2817,
  3939,
  943,
  3852,
  2855,
  3565,
  3664,
  4736,
  3582,
  4187,
  4400,
  4005,
  764,
  531,
  4523,
  3580,
  2464,
  1659,
  739,
  2644,
  4504,
  0,
  3394,
  2227,
  549],
 [2625,
  1729,
  522,
  1816,
  1585,
  3369,
  3403,
  302,
  3770,
  3482,
  1807,
  3765,
  3951,
  3089,
  569,
  2818,
  824,
  2871,
  2765,
  868,
  3779,
  4133,
  3692,
  2695,
  3405,
  270,
  1342,
  3422,
  4027,
  1006,
  3845,
  2444,
  3033,
  4363,
  3420,
  2304,
  2071,
  3929,
  753,
  4344,
  3208,
  0,
  2067,
  3739],
 [1950,
  1054,
  1766,
  251,
  3533,
  2694,
  2728,
  2250,
  1455,
  2807,
  1132,
  2669,
  2065,
  1993,
  2517,
  2143,
  2772,
  1775,
  698,
  1371,
  1464,
  3458,
  1806,
  1599,
  1090,
  2218,
  3290,
  2326,
  1875,
  2954,
  1530,
  1769,
  2358,
  2464,
  2324,
  237,
  1396,
  3254,
  1198,
  2029,
  2533,
  1948,
  0,
  3064],
 [1114,
  2499,
  3743,
  2507,
  5510,
  1228,
  757,
  4227,
  4461,
  257,
  2498,
  4456,
  4642,
  3780,
  4494,
  921,
  4749,
  3562,
  3456,
  3348,
  4470,
  394,
  4383,
  3386,
  4096,
  4195,
  5267,
  4113,
  4718,
  4931,
  4536,
  1295,
  1062,
  5054,
  4111,
  2995,
  2190,
  190,
  3175,
  5035,
  549,
  3925,
  2758,
  0]]
