[[0,
  1716,
  1546,
  1957,
  899,
  1227,
  683,
  2390,
  1623,
  2316,
  1422,
  1406,
  1792,
  980,
  767,
  1347,
  543,
  2580,
  2742,
  1443,
  2067,
  1945,
  1376,
  725,
  2612,
  2553,
  2848,
  2468,
  2649,
  2112,
  2764,
  2706,
  2023,
  2861,
  1655,
  1688,
  1713,
  2276,
  2685,
  1461,
  1670,
  3006,
  2488,
  2238,
  2679,
  1602,
  1685,
  2421,
  452,
  2136,
  913,
  1929,
  2282,
  1363,
  1369,
  2538,
  1462,
  2627,
  2629,
  1910,
  1836,
  651,
  2295,
  2144,
  2789,
  2019,
  865,
  2563,
  1958,
  3331,
  2146,
  2209,
  1487,
  2295,
  2176,
  1923,
  2456,
  2254],
 [1336,
  0,
  1361,
  241,
  714,
  1042,
  1709,
  1663,
  896,
  2131,
  695,
  657,
  520,
  2006,
  1346,
  1926,
  1122,
  3159,
  2867,
  2022,
  2743,
  2524,
  2402,
  1769,
  3191,
  3579,
  3657,
  3494,
  3675,
  3138,
  3343,
  3285,
  3049,
  3440,
  2681,
  2714,
  2739,
  3302,
  3264,
  2487,
  2696,
  3585,
  3067,
  2817,
  3705,
  2181,
  2711,
  1694,
  781,
  974,
  1939,
  2508,
  3308,
  2532,
  2395,
  3117,
  271,
  3206,
  3208,
  2936,
  1109,
  706,
  2874,
  872,
  3815,
  3045,
  658,
  3142,
  1773,
  4357,
  2725,
  2788,
  534,
  2874,
  1449,
  538,
  3035,
  2833],
 [1948,
  1690,
  0,
  1931,
  922,
  705,
  2321,
  1786,
  1597,
  1203,
  1860,
  1380,
  1791,
  2618,
  1958,
  2538,
  1734,
  2896,
  1877,
  2634,
  3355,
  3136,
  3014,
  2381,
  2961,
  4191,
  4269,
  4106,
  4287,
  3750,
  3113,
  1743,
  3661,
  3210,
  3293,
  3326,
  3351,
  3914,
  3876,
  3099,
  3308,
  4197,
  3679,
  3429,
  4317,
  2793,
  3323,
  2166,
  1393,
  1881,
  2551,
  3120,
  3920,
  3144,
  3007,
  2254,
  1436,
  2783,
  2785,
  3548,
  1417,
  1318,
  3486,
  2143,
  4427,
  3657,
  1172,
  3754,
  412,
  4969,
  3337,
  3400,
  1461,
  3486,
  1236,
  1922,
  2555,
  2695],
 [1577,
  241,
  1602,
  0,
  955,
  1283,
  1950,
  1904,
  1137,
  2372,
  936,
  898,
  592,
  2247,
  1587,
  2167,
  1363,
  3400,
  3108,
  2263,
  2984,
  2765,
  2643,
  2010,
  3432,
  3820,
  3898,
  3735,
  3916,
  3379,
  3584,
  3526,
  3290,
  3681,
  2922,
  2955,
  2980,
  3543,
  3505,
  2728,
  2937,
  3826,
  3308,
  3058,
  3946,
  2422,
  2952,
  1003,
  1022,
  667,
  2180,
  2749,
  3549,
  2773,
  2636,
  3358,
  512,
  3447,
  3449,
  3177,
  1350,
  947,
  3115,
  944,
  4056,
  3286,
  899,
  3383,
  2014,
  4598,
  2966,
  3029,
  409,
  3115,
  1690,
  297,
  3276,
  3074],
 [1617,
  1246,
  647,
  1487,
  0,
  328,
  1990,
  2433,
  1599,
  1417,
  1398,
  1382,
  1460,
  2287,
  1627,
  2207,
  1403,
  3172,
  2153,
  2303,
  3024,
  2805,
  2683,
  2050,
  3237,
  3860,
  3938,
  3775,
  3956,
  3419,
  3389,
  1957,
  3330,
  3486,
  2962,
  2995,
  3020,
  3583,
  3545,
  2768,
  2977,
  3866,
  3348,
  3098,
  3986,
  2462,
  2992,
  2397,
  1062,
  2112,
  2220,
  2789,
  3589,
  2813,
  2676,
  2530,
  1371,
  3059,
  3061,
  3217,
  1812,
  987,
  3155,
  1812,
  4096,
  3326,
  841,
  3423,
  1059,
  4638,
  3006,
  3069,
  1463,
  3155,
  1883,
  1591,
  2831,
  2971],
 [1894,
  1523,
  319,
  1764,
  868,
  0,
  2267,
  2105,
  1876,
  1345,
  2179,
  1699,
  1737,
  2564,
  1904,
  2484,
  1680,
  3100,
  2081,
  2580,
  3301,
  3082,
  2960,
  2327,
  3165,
  4137,
  4215,
  4052,
  4233,
  3696,
  3317,
  1885,
  3607,
  3414,
  3239,
  3272,
  3297,
  3860,
  3822,
  3045,
  3254,
  4143,
  3625,
  3375,
  4263,
  2739,
  3269,
  2485,
  1339,
  2200,
  2497,
  3066,
  3866,
  3090,
  2953,
  2458,
  1648,
  2987,
  2989,
  3494,
  1736,
  1264,
  3432,
  2089,
  4373,
  3603,
  1118,
  3700,
  731,
  4915,
  3283,
  3346,
  1780,
  3432,
  1555,
  1868,
  2759,
  2899],
 [236,
  1952,
  1782,
  2193,
  1135,
  1463,
  0,
  2626,
  1859,
  2552,
  1658,
  1642,
  2028,
  642,
  1003,
  1583,
  779,
  2816,
  2978,
  1679,
  1729,
  1935,
  1038,
  612,
  2848,
  2215,
  2510,
  2130,
  2311,
  1774,
  3000,
  2942,
  1685,
  3097,
  1317,
  1350,
  1375,
  1938,
  2921,
  1123,
  1332,
  3242,
  2724,
  2474,
  2341,
  1838,
  1347,
  2657,
  688,
  2372,
  575,
  2165,
  1944,
  1025,
  1031,
  2774,
  1698,
  2863,
  2865,
  1572,
  2072,
  887,
  1764,
  2380,
  2451,
  1681,
  1101,
  2799,
  2194,
  2993,
  2382,
  2445,
  1723,
  1764,
  2412,
  2159,
  2692,
  2490],
 [2419,
  1546,
  2048,
  1787,
  1730,
  2491,
  2792,
  0,
  868,
  3013,
  943,
  1236,
  2154,
  3089,
  2429,
  3009,
  2205,
  4242,
  3693,
  3105,
  3826,
  3607,
  3485,
  2852,
  4274,
  4662,
  4740,
  4577,
  4758,
  4221,
  4426,
  4368,
  4132,
  4523,
  3764,
  3797,
  3822,
  4385,
  4347,
  3570,
  3779,
  4668,
  4150,
  3900,
  4788,
  3264,
  3794,
  583,
  1864,
  889,
  3022,
  3591,
  4391,
  3615,
  3478,
  4200,
  1292,
  4289,
  4291,
  4019,
  701,
  1789,
  3957,
  2506,
  4898,
  4128,
  1712,
  4225,
  2222,
  5440,
  3808,
  3871,
  1356,
  3957,
  1722,
  2285,
  4118,
  3916],
 [1968,
  1095,
  1560,
  1336,
  1279,
  2003,
  2341,
  767,
  0,
  2525,
  492,
  785,
  1703,
  2638,
  1978,
  2558,
  1754,
  4224,
  3205,
  2654,
  3375,
  3156,
  3034,
  2401,
  3823,
  4211,
  4289,
  4126,
  4307,
  3770,
  3975,
  3917,
  3681,
  4072,
  3313,
  3346,
  3371,
  3934,
  3896,
  3119,
  3328,
  4217,
  3699,
  3449,
  4337,
  2813,
  3343,
  798,
  1413,
  513,
  2571,
  3140,
  3940,
  3164,
  3027,
  3582,
  841,
  3838,
  4113,
  3568,
  213,
  1338,
  3506,
  2055,
  4447,
  3677,
  1261,
  3774,
  1734,
  4989,
  3357,
  3420,
  980,
  3506,
  1234,
  1560,
  3667,
  3465],
 [2052,
  1681,
  719,
  1922,
  1026,
  685,
  2425,
  2288,
  2034,
  0,
  1833,
  1817,
  1895,
  2722,
  2062,
  2642,
  1838,
  2371,
  1352,
  2738,
  3459,
  3240,
  3118,
  2485,
  2436,
  4295,
  4373,
  4210,
  4391,
  3854,
  2588,
  1156,
  3765,
  2685,
  3397,
  3430,
  3455,
  4018,
  3152,
  3203,
  3412,
  3473,
  2955,
  2705,
  4421,
  2897,
  3427,
  2832,
  1497,
  2547,
  2655,
  2396,
  4024,
  3248,
  3111,
  1729,
  1806,
  2258,
  2260,
  3652,
  2247,
  1422,
  3590,
  2247,
  4531,
  3761,
  1276,
  3858,
  1131,
  5073,
  3441,
  3058,
  1898,
  3590,
  1738,
  2026,
  2030,
  2170],
 [1476,
  603,
  1329,
  844,
  787,
  1115,
  1849,
  1299,
  532,
  2204,
  0,
  293,
  1211,
  2146,
  1486,
  2066,
  1262,
  3299,
  3461,
  2162,
  2883,
  2664,
  2542,
  1909,
  3331,
  3719,
  3797,
  3634,
  3815,
  3278,
  3483,
  3425,
  3189,
  3580,
  2821,
  2854,
  2879,
  3442,
  3404,
  2627,
  2836,
  3725,
  3207,
  2957,
  3845,
  2321,
  2851,
  1330,
  921,
  814,
  2079,
  2648,
  3448,
  2672,
  2535,
  3257,
  349,
  3346,
  3348,
  3076,
  745,
  846,
  3014,
  1563,
  3955,
  3185,
  769,
  3282,
  1503,
  4497,
  2865,
  2928,
  374,
  3014,
  1085,
  1342,
  3175,
  2973],
 [1183,
  785,
  1141,
  1026,
  494,
  822,
  1556,
  1526,
  759,
  1911,
  558,
  0,
  999,
  1853,
  1193,
  1773,
  969,
  3006,
  3168,
  1869,
  2590,
  2371,
  2249,
  1616,
  3038,
  3426,
  3504,
  3341,
  3522,
  2985,
  3190,
  3132,
  2896,
  3287,
  2528,
  2561,
  2586,
  3149,
  3111,
  2334,
  2543,
  3432,
  2914,
  2664,
  3552,
  2028,
  2558,
  1557,
  628,
  1272,
  1786,
  2355,
  3155,
  2379,
  2242,
  2964,
  910,
  3053,
  3055,
  2783,
  972,
  553,
  2721,
  1351,
  3662,
  2892,
  476,
  2989,
  1553,
  4204,
  2572,
  2635,
  623,
  2721,
  1312,
  1130,
  2882,
  2680],
 [1550,
  520,
  1575,
  592,
  928,
  1256,
  1923,
  2271,
  1504,
  2345,
  1303,
  1265,
  0,
  2220,
  1560,
  2140,
  1336,
  3373,
  3081,
  2236,
  2957,
  2738,
  2616,
  1983,
  3405,
  3793,
  3871,
  3708,
  3889,
  3352,
  3557,
  3499,
  3263,
  3654,
  2895,
  2928,
  2953,
  3516,
  3478,
  2701,
  2910,
  3799,
  3281,
  3031,
  3919,
  2395,
  2925,
  2302,
  995,
  1582,
  2153,
  2722,
  3522,
  2746,
  2609,
  3331,
  879,
  3420,
  3422,
  3150,
  1717,
  920,
  3088,
  352,
  4029,
  3259,
  872,
  3356,
  1987,
  4571,
  2939,
  3002,
  1142,
  3088,
  2057,
  295,
  3249,
  3047],
 [590,
  2306,
  2136,
  2547,
  1489,
  1817,
  354,
  2980,
  2213,
  2906,
  2012,
  1996,
  2382,
  0,
  1357,
  1548,
  1133,
  2878,
  3040,
  1644,
  1738,
  1944,
  1047,
  489,
  2910,
  2224,
  2519,
  2182,
  2320,
  1783,
  3062,
  3004,
  1737,
  3159,
  1326,
  1614,
  1427,
  1947,
  2983,
  1132,
  1596,
  3304,
  2786,
  2536,
  2393,
  1803,
  1356,
  3011,
  1042,
  2726,
  627,
  2227,
  1953,
  1034,
  1083,
  2836,
  2052,
  2925,
  2927,
  1581,
  2426,
  1241,
  1773,
  2734,
  2460,
  1690,
  1455,
  2614,
  2548,
  3002,
  2548,
  2889,
  2077,
  1773,
  2766,
  2513,
  2754,
  2552],
 [1035,
  1958,
  1788,
  2199,
  1141,
  1469,
  1806,
  2632,
  1865,
  2558,
  1664,
  1648,
  2034,
  1958,
  0,
  580,
  398,
  1813,
  1975,
  676,
  1397,
  1178,
  1253,
  1519,
  1845,
  2430,
  2311,
  3013,
  2526,
  1989,
  1997,
  1939,
  2568,
  2094,
  1532,
  1820,
  2042,
  2153,
  1918,
  1338,
  1802,
  2239,
  1721,
  1471,
  3224,
  835,
  1562,
  2663,
  1067,
  2378,
  1638,
  1162,
  2159,
  1186,
  1947,
  1771,
  1704,
  1860,
  1862,
  1787,
  2078,
  736,
  1528,
  2386,
  2666,
  1896,
  1107,
  1796,
  2200,
  3208,
  1379,
  1442,
  1729,
  1528,
  2418,
  2165,
  1689,
  1487],
 [1331,
  2254,
  2084,
  2495,
  1437,
  1765,
  1704,
  2928,
  2161,
  2854,
  1960,
  1944,
  2330,
  2001,
  565,
  0,
  694,
  2109,
  2271,
  468,
  1189,
  970,
  1045,
  1476,
  2141,
  2222,
  2103,
  2805,
  2318,
  1781,
  2293,
  2235,
  2360,
  2390,
  1324,
  1612,
  1834,
  1945,
  2214,
  1130,
  1594,
  2535,
  2017,
  1767,
  3016,
  627,
  1354,
  2959,
  1363,
  2674,
  1934,
  1458,
  1951,
  978,
  1739,
  2067,
  2000,
  2156,
  2158,
  1579,
  2374,
  1032,
  1320,
  2682,
  2458,
  1688,
  1403,
  1588,
  2496,
  3000,
  1171,
  1234,
  2025,
  1320,
  2714,
  2461,
  1985,
  1783],
 [993,
  1947,
  1777,
  2188,
  1130,
  1458,
  1366,
  2621,
  1854,
  2547,
  1653,
  1637,
  2023,
  1663,
  224,
  804,
  0,
  2037,
  2199,
  900,
  1621,
  1402,
  1477,
  1138,
  2069,
  2654,
  2535,
  3237,
  2750,
  2213,
  2221,
  2163,
  2792,
  2318,
  1756,
  2044,
  2266,
  2377,
  2142,
  1562,
  2026,
  2463,
  1945,
  1695,
  3448,
  1059,
  1786,
  2652,
  1056,
  2367,
  1596,
  1386,
  2383,
  1410,
  2171,
  1995,
  1693,
  2084,
  2086,
  2011,
  2067,
  725,
  1752,
  2375,
  2890,
  2120,
  1096,
  2020,
  2189,
  3432,
  1603,
  1666,
  1718,
  1752,
  2407,
  2154,
  1913,
  1711],
 [2558,
  3481,
  3311,
  3722,
  2664,
  2992,
  2591,
  4155,
  3388,
  2319,
  3187,
  3171,
  3557,
  2743,
  1792,
  1325,
  1921,
  0,
  960,
  1216,
  2223,
  2004,
  2038,
  2304,
  296,
  3215,
  3137,
  3798,
  3311,
  2774,
  448,
  924,
  3353,
  545,
  2317,
  2605,
  2827,
  2938,
  1454,
  2123,
  2587,
  1775,
  1257,
  1007,
  4009,
  1620,
  2347,
  4186,
  2590,
  3901,
  2675,
  698,
  2944,
  1971,
  2732,
  756,
  3227,
  311,
  313,
  2572,
  3601,
  2259,
  2354,
  3909,
  3451,
  2681,
  2630,
  2622,
  2789,
  3993,
  2032,
  1360,
  3252,
  2354,
  3941,
  3688,
  674,
  472],
 [2904,
  3094,
  2132,
  3335,
  3010,
  2098,
  2937,
  3698,
  3734,
  1413,
  3533,
  3517,
  3308,
  3089,
  2138,
  1671,
  2267,
  929,
  0,
  1562,
  2569,
  2350,
  2384,
  2650,
  1232,
  3561,
  3483,
  4144,
  3657,
  3120,
  1384,
  1270,
  3699,
  1481,
  2663,
  2951,
  3173,
  3284,
  1800,
  2469,
  2933,
  2121,
  1603,
  1353,
  4355,
  1966,
  2693,
  4532,
  2936,
  4247,
  3021,
  1044,
  3290,
  2317,
  3078,
  377,
  3219,
  1247,
  818,
  2918,
  3947,
  2605,
  2700,
  3660,
  3797,
  3027,
  2976,
  2968,
  1883,
  4339,
  2378,
  1706,
  3598,
  2700,
  2773,
  3439,
  678,
  818],
 [1770,
  2693,
  2523,
  2934,
  1876,
  2204,
  1803,
  3367,
  2600,
  3293,
  2399,
  2383,
  2769,
  1955,
  1004,
  537,
  1133,
  1234,
  1396,
  0,
  1394,
  1175,
  1250,
  1516,
  1266,
  2427,
  2308,
  3010,
  2523,
  1986,
  1418,
  1360,
  2565,
  1515,
  1529,
  1817,
  2039,
  2150,
  1339,
  1335,
  1799,
  1660,
  1142,
  892,
  3221,
  832,
  1559,
  3398,
  1802,
  3113,
  1887,
  583,
  2156,
  1183,
  1944,
  1192,
  2439,
  1281,
  1283,
  1784,
  2813,
  1471,
  1525,
  3121,
  2663,
  1893,
  1842,
  1793,
  2935,
  3205,
  1376,
  1245,
  2464,
  1525,
  3153,
  2900,
  1110,
  908],
 [1926,
  3151,
  2981,
  3392,
  2334,
  2662,
  1690,
  3825,
  3058,
  3751,
  2857,
  2841,
  3227,
  1842,
  1462,
  897,
  1591,
  2285,
  2447,
  993,
  0,
  206,
  761,
  1403,
  2317,
  1357,
  1709,
  2897,
  1453,
  916,
  1879,
  2411,
  2452,
  1922,
  617,
  1704,
  1926,
  1080,
  1313,
  1222,
  1686,
  1634,
  1116,
  1299,
  3108,
  742,
  687,
  3856,
  2260,
  3571,
  1774,
  1439,
  1086,
  1070,
  1831,
  2243,
  2897,
  2332,
  2334,
  714,
  3271,
  1929,
  467,
  3579,
  1593,
  823,
  2300,
  1194,
  3393,
  2135,
  777,
  840,
  2922,
  467,
  3611,
  3358,
  2161,
  1959],
 [2193,
  2945,
  2775,
  3186,
  2128,
  2456,
  1957,
  3619,
  2852,
  3545,
  2651,
  2635,
  3021,
  2109,
  1256,
  691,
  1385,
  2079,
  2241,
  787,
  751,
  0,
  1404,
  1670,
  2111,
  2916,
  1503,
  3164,
  2019,
  1848,
  1673,
  2205,
  2719,
  1716,
  1711,
  1971,
  2193,
  1646,
  1107,
  1489,
  1953,
  1428,
  910,
  1093,
  3375,
  536,
  1585,
  3650,
  2054,
  3365,
  2041,
  1233,
  2018,
  1337,
  2098,
  2037,
  2691,
  2126,
  2128,
  1646,
  3065,
  1723,
  882,
  3373,
  2159,
  1389,
  2094,
  988,
  3187,
  2701,
  571,
  634,
  2716,
  882,
  3405,
  3152,
  1955,
  1753],
 [1588,
  3500,
  3330,
  3741,
  2683,
  3011,
  1352,
  4174,
  3407,
  4100,
  3206,
  3190,
  3576,
  1504,
  1803,
  1246,
  1939,
  2576,
  2738,
  1342,
  691,
  897,
  0,
  1065,
  2608,
  1177,
  1472,
  2559,
  1273,
  736,
  2760,
  2702,
  2114,
  2857,
  279,
  1366,
  1588,
  900,
  2004,
  967,
  1348,
  2325,
  1807,
  1990,
  2770,
  1433,
  309,
  4205,
  2040,
  3920,
  1436,
  2130,
  906,
  732,
  1493,
  2534,
  3246,
  2623,
  2625,
  534,
  3620,
  2278,
  726,
  3928,
  1413,
  643,
  2649,
  1567,
  3742,
  1955,
  1501,
  1531,
  3271,
  726,
  3960,
  3707,
  2452,
  2250],
 [523,
  2239,
  2069,
  2480,
  1422,
  1750,
  287,
  2913,
  2146,
  2839,
  1945,
  1929,
  2315,
  627,
  1290,
  1870,
  1066,
  3103,
  3265,
  1966,
  1714,
  1920,
  1023,
  0,
  3135,
  2200,
  2495,
  2115,
  2296,
  1759,
  3287,
  3229,
  1670,
  3384,
  1302,
  1335,
  1360,
  1923,
  3208,
  1108,
  1317,
  3529,
  3011,
  2761,
  2326,
  2125,
  1332,
  2944,
  975,
  2659,
  560,
  2452,
  1929,
  1010,
  1016,
  3061,
  1985,
  3150,
  3152,
  1557,
  2359,
  1174,
  1749,
  2667,
  2436,
  1666,
  1388,
  2590,
  2481,
  2978,
  2524,
  2732,
  2010,
  1749,
  2699,
  2446,
  2979,
  2777],
 [2788,
  3711,
  3017,
  3952,
  2894,
  2983,
  2821,
  4583,
  3618,
  2298,
  3417,
  3401,
  4193,
  2973,
  2022,
  1555,
  2151,
  437,
  1190,
  1446,
  2453,
  2234,
  2268,
  2534,
  0,
  3445,
  3367,
  4028,
  3541,
  3004,
  152,
  1154,
  3583,
  249,
  2547,
  2835,
  3057,
  3168,
  1684,
  2353,
  2817,
  2005,
  1487,
  1237,
  4239,
  1850,
  2577,
  4416,
  2820,
  4131,
  2905,
  928,
  3174,
  2201,
  2962,
  986,
  3457,
  290,
  176,
  2802,
  3831,
  2489,
  2584,
  4545,
  3681,
  2911,
  2860,
  2852,
  2768,
  4223,
  2262,
  1590,
  3482,
  2584,
  3658,
  4324,
  904,
  702],
 [2397,
  4309,
  4139,
  4550,
  3492,
  3820,
  2161,
  4983,
  4216,
  4909,
  4015,
  3999,
  4385,
  2313,
  2612,
  2055,
  2748,
  3385,
  3547,
  2151,
  1141,
  1347,
  1290,
  1874,
  3417,
  0,
  1735,
  3368,
  1536,
  441,
  3569,
  3511,
  2923,
  3063,
  1088,
  2175,
  2397,
  1350,
  2454,
  1693,
  2157,
  2775,
  2257,
  2440,
  3579,
  1883,
  962,
  5014,
  2849,
  4729,
  2245,
  2580,
  271,
  1541,
  2302,
  3343,
  4055,
  3432,
  3434,
  769,
  4429,
  3087,
  1290,
  4737,
  1676,
  1093,
  3458,
  2334,
  4551,
  215,
  1951,
  1981,
  4080,
  1290,
  4769,
  4516,
  3261,
  3059],
 [2654,
  4213,
  4043,
  4454,
  3396,
  3724,
  2418,
  4887,
  4120,
  4813,
  3919,
  3903,
  4289,
  2570,
  2524,
  1959,
  2653,
  3289,
  3451,
  2055,
  1398,
  1604,
  1547,
  2131,
  3321,
  1755,
  0,
  3625,
  858,
  1482,
  2941,
  3415,
  3180,
  2984,
  1345,
  2432,
  2654,
  736,
  1798,
  1950,
  2414,
  1503,
  1862,
  2361,
  3836,
  1804,
  1219,
  4918,
  3106,
  4633,
  2502,
  2501,
  1652,
  1798,
  2559,
  3247,
  3959,
  3336,
  3338,
  1280,
  4333,
  2991,
  1547,
  4641,
  998,
  1023,
  3362,
  687,
  4455,
  1540,
  1196,
  1902,
  3984,
  1547,
  4673,
  4420,
  3165,
  2963],
 [2391,
  4107,
  3937,
  4348,
  3290,
  3618,
  2155,
  4781,
  4014,
  4707,
  3813,
  3797,
  4183,
  1801,
  3076,
  2519,
  2934,
  3849,
  4011,
  2615,
  2709,
  2915,
  2018,
  2338,
  3881,
  3195,
  3490,
  0,
  3291,
  2754,
  4033,
  3975,
  343,
  4130,
  2190,
  1290,
  870,
  2918,
  3954,
  1554,
  1272,
  4275,
  3757,
  3507,
  505,
  2774,
  2327,
  4812,
  2843,
  4527,
  1838,
  3198,
  2924,
  2005,
  1082,
  3807,
  3853,
  3896,
  3898,
  2552,
  4227,
  3042,
  2744,
  4535,
  3431,
  2661,
  3256,
  3585,
  4349,
  3973,
  3519,
  3860,
  3878,
  2744,
  4567,
  4314,
  3725,
  3523],
 [2341,
  4253,
  4083,
  4494,
  3436,
  3764,
  2105,
  4927,
  4160,
  4853,
  3959,
  3943,
  4329,
  2257,
  2556,
  1999,
  2692,
  3329,
  3491,
  2095,
  1085,
  1291,
  1234,
  1818,
  3361,
  1442,
  506,
  3312,
  0,
  1169,
  3513,
  3455,
  2867,
  3007,
  1032,
  2119,
  2341,
  423,
  2146,
  1637,
  2101,
  1921,
  2201,
  2384,
  3523,
  1827,
  906,
  4958,
  2793,
  4673,
  2189,
  2524,
  1339,
  1485,
  2246,
  3287,
  3999,
  3376,
  3378,
  967,
  4373,
  3031,
  1234,
  4681,
  685,
  710,
  3402,
  1105,
  4495,
  1227,
  1544,
  1925,
  4024,
  1234,
  4713,
  4460,
  3205,
  3003],
 [1956,
  3868,
  3698,
  4109,
  3051,
  3379,
  1720,
  4542,
  3775,
  4468,
  3574,
  3558,
  3944,
  1872,
  2171,
  1614,
  2307,
  2944,
  3106,
  1710,
  700,
  906,
  849,
  1433,
  2976,
  441,
  1481,
  2927,
  1282,
  0,
  3128,
  3070,
  2482,
  2622,
  647,
  1734,
  1956,
  909,
  2013,
  1252,
  1716,
  2334,
  1816,
  1999,
  3138,
  1442,
  521,
  4573,
  2408,
  4288,
  1804,
  2139,
  170,
  1100,
  1861,
  2902,
  3614,
  2991,
  2993,
  328,
  3988,
  2646,
  849,
  4296,
  1422,
  652,
  3017,
  1576,
  4110,
  656,
  1510,
  1540,
  3639,
  849,
  4328,
  4075,
  2820,
  2618],
 [2940,
  3863,
  3169,
  4104,
  3046,
  3135,
  2973,
  4735,
  3770,
  2450,
  3569,
  3553,
  4345,
  3125,
  2174,
  1707,
  2303,
  589,
  1342,
  1598,
  2003,
  1784,
  2420,
  2686,
  152,
  3597,
  2917,
  4180,
  3693,
  3156,
  0,
  1306,
  3735,
  97,
  2699,
  2987,
  3209,
  3320,
  1234,
  2505,
  2969,
  1555,
  1037,
  1389,
  4391,
  2002,
  2729,
  4568,
  2972,
  4283,
  3057,
  1080,
  3326,
  2353,
  3114,
  1138,
  3609,
  442,
  328,
  2954,
  3983,
  2641,
  2134,
  4697,
  3833,
  3063,
  3012,
  2402,
  2920,
  4375,
  1812,
  1140,
  3634,
  2134,
  3810,
  4476,
  1056,
  854],
 [2606,
  3529,
  3359,
  3770,
  2712,
  3040,
  2639,
  4203,
  3436,
  1600,
  3235,
  3219,
  3605,
  2791,
  1840,
  1373,
  1969,
  1397,
  1559,
  1264,
  2271,
  2052,
  2086,
  2352,
  1429,
  3263,
  3185,
  3846,
  3359,
  2822,
  1581,
  0,
  3401,
  1678,
  2365,
  2653,
  2875,
  2986,
  1502,
  2171,
  2635,
  1823,
  1305,
  1055,
  4057,
  1668,
  2395,
  4234,
  2638,
  3949,
  2723,
  746,
  2992,
  2019,
  2780,
  631,
  3275,
  1444,
  1446,
  2620,
  3649,
  2307,
  2402,
  3957,
  3499,
  2729,
  2678,
  2670,
  3771,
  4041,
  2080,
  1408,
  3300,
  2402,
  3989,
  3736,
  330,
  452],
 [2048,
  3764,
  3594,
  4005,
  2947,
  3275,
  1812,
  4438,
  3671,
  4364,
  3470,
  3454,
  3840,
  1458,
  2733,
  2176,
  2591,
  3506,
  3668,
  2272,
  2366,
  2572,
  1675,
  1995,
  3538,
  2852,
  3147,
  978,
  2948,
  2411,
  3690,
  3632,
  0,
  3787,
  1847,
  947,
  527,
  2575,
  3611,
  1211,
  929,
  3932,
  3414,
  3164,
  1189,
  2431,
  1984,
  4469,
  2500,
  4184,
  1495,
  2855,
  2581,
  1662,
  739,
  3464,
  3510,
  3553,
  3555,
  2209,
  3884,
  2699,
  2401,
  4192,
  3088,
  2318,
  2913,
  3242,
  4006,
  3630,
  3176,
  3517,
  3535,
  2401,
  4224,
  3971,
  3382,
  3180],
 [3037,
  3960,
  3266,
  4201,
  3143,
  3232,
  3070,
  4832,
  3867,
  2547,
  3666,
  3650,
  4442,
  3222,
  2271,
  1804,
  2400,
  686,
  1439,
  1695,
  2046,
  1827,
  2517,
  2783,
  249,
  3694,
  2960,
  4277,
  3790,
  3253,
  97,
  1403,
  3832,
  0,
  2327,
  3084,
  3306,
  3417,
  1277,
  2602,
  3066,
  1598,
  1080,
  1486,
  4488,
  2099,
  2826,
  4665,
  3069,
  4380,
  3154,
  1177,
  3423,
  2450,
  3211,
  1235,
  3706,
  539,
  425,
  3051,
  4080,
  2738,
  2177,
  4794,
  3930,
  3160,
  3109,
  2445,
  3017,
  4472,
  1855,
  1183,
  3731,
  2177,
  3907,
  4573,
  1153,
  951],
 [1309,
  3221,
  3051,
  3462,
  2404,
  2732,
  1073,
  3895,
  3128,
  3821,
  2927,
  2911,
  3297,
  1225,
  1524,
  967,
  1660,
  2297,
  2459,
  1063,
  716,
  849,
  202,
  786,
  2329,
  1379,
  1674,
  2280,
  1475,
  938,
  2481,
  2423,
  1835,
  2578,
  0,
  1087,
  1309,
  1102,
  2402,
  605,
  1069,
  2723,
  2205,
  1955,
  2491,
  1222,
  511,
  3926,
  1761,
  3641,
  1157,
  1646,
  1108,
  453,
  1214,
  2255,
  2967,
  2344,
  2346,
  736,
  3341,
  1999,
  847,
  3649,
  1615,
  845,
  2370,
  1769,
  3463,
  2157,
  1703,
  1483,
  2992,
  847,
  3681,
  3428,
  2173,
  1971],
 [1712,
  3428,
  3258,
  3669,
  2611,
  2939,
  1476,
  4102,
  3335,
  4028,
  3134,
  3118,
  3504,
  1122,
  2014,
  1457,
  2150,
  2787,
  2949,
  1553,
  1647,
  1853,
  956,
  1276,
  2819,
  2133,
  2428,
  1441,
  2229,
  1692,
  2971,
  2913,
  996,
  3068,
  1128,
  0,
  470,
  1856,
  2892,
  492,
  210,
  3213,
  2695,
  2445,
  1652,
  1712,
  1265,
  4133,
  2164,
  3848,
  1054,
  2136,
  1862,
  943,
  668,
  2745,
  3174,
  2834,
  2836,
  1490,
  3548,
  2489,
  1682,
  3856,
  2369,
  1599,
  2577,
  2523,
  3670,
  2911,
  2457,
  2798,
  3199,
  1682,
  3888,
  3635,
  2663,
  2461],
 [1521,
  3237,
  3067,
  3478,
  2420,
  2748,
  1285,
  3911,
  3144,
  3837,
  2943,
  2927,
  3313,
  931,
  2206,
  1649,
  2064,
  2979,
  3141,
  1745,
  1839,
  2045,
  1148,
  1468,
  3011,
  2325,
  2620,
  997,
  2421,
  1884,
  3163,
  3105,
  552,
  3260,
  1320,
  420,
  0,
  2048,
  3084,
  684,
  402,
  3405,
  2887,
  2637,
  1208,
  1904,
  1457,
  3942,
  1973,
  3657,
  968,
  2328,
  2054,
  1135,
  354,
  2937,
  2983,
  3026,
  3028,
  1682,
  3357,
  2172,
  1874,
  3665,
  2561,
  1791,
  2386,
  2715,
  3479,
  3103,
  2649,
  2990,
  3008,
  1874,
  3697,
  3444,
  2855,
  2653],
 [2267,
  4179,
  4009,
  4420,
  3362,
  3690,
  2031,
  4853,
  4086,
  4779,
  3885,
  3869,
  4255,
  2183,
  2482,
  1925,
  2618,
  3255,
  3417,
  2021,
  1011,
  1217,
  1160,
  1744,
  3287,
  1270,
  572,
  3238,
  373,
  1095,
  3439,
  3381,
  2793,
  2933,
  958,
  2045,
  2267,
  0,
  2072,
  1563,
  2027,
  1987,
  2127,
  2310,
  3449,
  1753,
  832,
  4884,
  2719,
  4599,
  2115,
  2450,
  1265,
  1411,
  2172,
  3213,
  3925,
  3302,
  3304,
  893,
  4299,
  2957,
  1160,
  4607,
  513,
  636,
  3328,
  1171,
  4421,
  1055,
  1470,
  1851,
  3950,
  1160,
  4639,
  4386,
  3131,
  2929],
 [2911,
  3834,
  3664,
  4075,
  3017,
  3345,
  2944,
  4508,
  3741,
  3257,
  3540,
  3524,
  3910,
  3096,
  2145,
  1581,
  2274,
  1682,
  1844,
  1569,
  1497,
  1278,
  2391,
  2657,
  1714,
  3140,
  1665,
  4151,
  2243,
  2077,
  1276,
  1808,
  3706,
  1319,
  1778,
  2958,
  3180,
  1870,
  0,
  2476,
  2940,
  321,
  257,
  696,
  4362,
  1426,
  1782,
  4539,
  2943,
  4254,
  3028,
  836,
  2247,
  2324,
  3085,
  1640,
  3580,
  1729,
  1731,
  1875,
  3954,
  2612,
  1628,
  4262,
  2383,
  1613,
  2983,
  1212,
  4076,
  2925,
  777,
  634,
  3605,
  1628,
  4294,
  4041,
  1558,
  1356],
 [1220,
  2936,
  2766,
  3177,
  2119,
  2447,
  984,
  3610,
  2843,
  3536,
  2642,
  2626,
  3012,
  630,
  1544,
  987,
  1763,
  2317,
  2479,
  1083,
  1177,
  1383,
  486,
  806,
  2349,
  1663,
  1958,
  1685,
  1759,
  1222,
  2501,
  2443,
  1240,
  2598,
  765,
  492,
  714,
  1386,
  2422,
  0,
  474,
  2743,
  2225,
  1975,
  1896,
  1242,
  795,
  3641,
  1672,
  3356,
  562,
  1666,
  1392,
  473,
  619,
  2275,
  2682,
  2364,
  2366,
  1020,
  3056,
  1871,
  1212,
  3364,
  1899,
  1129,
  2085,
  2053,
  3178,
  2441,
  1987,
  2328,
  2707,
  1212,
  3396,
  3143,
  2193,
  1991],
 [1502,
  3218,
  3048,
  3459,
  2401,
  2729,
  1266,
  3892,
  3125,
  3818,
  2924,
  2908,
  3294,
  912,
  1804,
  1247,
  1940,
  2577,
  2739,
  1343,
  1437,
  1643,
  746,
  1066,
  2609,
  1923,
  2218,
  1967,
  2019,
  1482,
  2761,
  2703,
  1522,
  2858,
  918,
  774,
  996,
  1646,
  2682,
  282,
  0,
  3003,
  2485,
  2235,
  2178,
  1502,
  1055,
  3923,
  1954,
  3638,
  844,
  1926,
  1652,
  733,
  901,
  2535,
  2964,
  2624,
  2626,
  1280,
  3338,
  2279,
  1472,
  3646,
  2159,
  1389,
  2367,
  2313,
  3460,
  2701,
  2247,
  2588,
  2989,
  1472,
  3678,
  3425,
  2453,
  2251],
 [3229,
  4152,
  3982,
  4393,
  3335,
  3663,
  3262,
  4826,
  4059,
  3575,
  3858,
  3842,
  4228,
  3414,
  2463,
  1899,
  2592,
  2000,
  2162,
  1887,
  1815,
  1596,
  2709,
  2975,
  2032,
  2983,
  1344,
  4469,
  2086,
  2395,
  1594,
  2126,
  4024,
  1637,
  2096,
  3276,
  3498,
  1964,
  424,
  2794,
  3258,
  0,
  575,
  1014,
  4680,
  1744,
  2100,
  4857,
  3261,
  4572,
  3346,
  1154,
  2565,
  2642,
  3403,
  1958,
  3898,
  2047,
  2049,
  2193,
  4272,
  2930,
  1946,
  4580,
  2226,
  1838,
  3301,
  1409,
  4394,
  2768,
  1002,
  952,
  3923,
  1946,
  4612,
  4359,
  1876,
  1674],
 [2666,
  3589,
  3419,
  3830,
  2772,
  3100,
  2699,
  4263,
  3496,
  3012,
  3295,
  3279,
  3665,
  2851,
  1900,
  1336,
  2029,
  1437,
  1599,
  1324,
  1252,
  1033,
  2146,
  2412,
  1469,
  2273,
  2166,
  3906,
  2369,
  1832,
  1031,
  1563,
  3461,
  1074,
  1533,
  2713,
  2935,
  1996,
  203,
  2231,
  2695,
  524,
  0,
  451,
  4117,
  1181,
  1537,
  4294,
  2698,
  4009,
  2783,
  591,
  2002,
  2079,
  2840,
  1395,
  3335,
  1484,
  1486,
  1630,
  3709,
  2367,
  1383,
  4017,
  2509,
  1739,
  2738,
  1651,
  3831,
  3051,
  781,
  389,
  3360,
  1383,
  4049,
  3796,
  1313,
  1111],
 [2802,
  3554,
  3384,
  3795,
  2737,
  3065,
  2566,
  4228,
  3461,
  2882,
  3260,
  3244,
  3630,
  2718,
  1865,
  1300,
  1994,
  1307,
  1469,
  793,
  1216,
  997,
  1641,
  2279,
  1339,
  2237,
  2130,
  3773,
  2333,
  1796,
  901,
  1433,
  3328,
  944,
  1497,
  2580,
  2802,
  1960,
  447,
  2098,
  2562,
  768,
  250,
  0,
  3984,
  1145,
  1501,
  4259,
  2663,
  3974,
  2650,
  461,
  1966,
  1946,
  2707,
  1265,
  3300,
  1354,
  1356,
  1594,
  3674,
  2332,
  1347,
  3982,
  2473,
  1703,
  2703,
  1615,
  3796,
  3015,
  1025,
  353,
  3325,
  1347,
  4014,
  3761,
  1183,
  981],
 [2648,
  4364,
  4194,
  4605,
  3547,
  3875,
  2412,
  5038,
  4271,
  4964,
  4070,
  4054,
  4440,
  2058,
  3333,
  2776,
  3191,
  4106,
  4268,
  2872,
  2966,
  3172,
  2275,
  2595,
  4138,
  3452,
  3747,
  257,
  3548,
  3011,
  4290,
  4232,
  600,
  4387,
  2447,
  1547,
  1127,
  3175,
  4211,
  1811,
  1529,
  4532,
  4014,
  3764,
  0,
  3031,
  2584,
  5069,
  3100,
  4784,
  2095,
  3455,
  3181,
  2262,
  1339,
  4064,
  4110,
  4153,
  4155,
  2809,
  4484,
  3299,
  3001,
  4792,
  3688,
  2918,
  3513,
  3842,
  4606,
  4230,
  3776,
  4117,
  4135,
  3001,
  4824,
  4571,
  3982,
  3780],
 [2152,
  2918,
  2748,
  3159,
  2101,
  2429,
  1916,
  3592,
  2825,
  3518,
  2624,
  2608,
  2994,
  2082,
  1229,
  664,
  1358,
  2052,
  2214,
  760,
  562,
  343,
  987,
  1629,
  2084,
  1583,
  1476,
  3137,
  1992,
  1142,
  1646,
  2178,
  2692,
  1689,
  843,
  1944,
  2166,
  1619,
  1080,
  1462,
  1926,
  1401,
  883,
  1066,
  3348,
  0,
  847,
  3623,
  2027,
  3338,
  2014,
  1206,
  1312,
  1296,
  2071,
  2010,
  2664,
  2099,
  2101,
  940,
  3038,
  1696,
  693,
  3346,
  2132,
  1362,
  2067,
  961,
  3160,
  2674,
  544,
  607,
  2689,
  693,
  3378,
  3125,
  1928,
  1726],
 [1638,
  3533,
  3363,
  3774,
  2716,
  3044,
  1402,
  4207,
  3440,
  4133,
  3239,
  3223,
  3609,
  1554,
  1844,
  1279,
  1973,
  2667,
  2829,
  1375,
  382,
  588,
  531,
  1115,
  2699,
  868,
  1163,
  2609,
  964,
  427,
  2261,
  2793,
  2164,
  2304,
  329,
  1416,
  1638,
  591,
  1695,
  934,
  1398,
  2016,
  1498,
  1681,
  2820,
  1124,
  0,
  4238,
  2090,
  3953,
  1486,
  1821,
  597,
  782,
  1543,
  2625,
  3279,
  2714,
  2716,
  225,
  3653,
  2311,
  531,
  3961,
  1104,
  334,
  2682,
  1258,
  3775,
  1646,
  1192,
  1222,
  3304,
  531,
  3993,
  3740,
  2543,
  2341],
 [2401,
  1237,
  2030,
  1116,
  1805,
  2133,
  2774,
  1237,
  850,
  2995,
  925,
  1218,
  1845,
  3071,
  2411,
  2991,
  2187,
  4224,
  3675,
  3087,
  3808,
  3589,
  3467,
  2834,
  4256,
  4644,
  4722,
  4559,
  4740,
  4203,
  4408,
  4350,
  4114,
  4505,
  3746,
  3779,
  3804,
  4367,
  4329,
  3552,
  3761,
  4650,
  4132,
  3882,
  4770,
  3246,
  3776,
  0,
  1846,
  306,
  3004,
  3573,
  4373,
  3597,
  3460,
  4052,
  983,
  4271,
  4273,
  4001,
  683,
  1771,
  3939,
  2197,
  4880,
  4110,
  1749,
  4207,
  2204,
  5422,
  3790,
  3853,
  773,
  3939,
  1704,
  1353,
  4100,
  3898],
 [928,
  1264,
  1094,
  1505,
  447,
  775,
  1301,
  1938,
  1171,
  1864,
  970,
  954,
  1340,
  1598,
  839,
  1419,
  615,
  2652,
  2814,
  1515,
  2236,
  2017,
  2092,
  1397,
  2684,
  3269,
  3150,
  3086,
  3365,
  2828,
  2836,
  2778,
  2641,
  2933,
  2371,
  2306,
  2331,
  2992,
  2757,
  2177,
  2288,
  3078,
  2560,
  2310,
  3297,
  1674,
  2401,
  1969,
  0,
  1684,
  1531,
  2001,
  2998,
  2025,
  1987,
  2610,
  1010,
  2699,
  2701,
  2626,
  1384,
  199,
  2367,
  1692,
  3505,
  2735,
  413,
  2635,
  1506,
  4047,
  2218,
  2281,
  1035,
  2367,
  1724,
  1471,
  2528,
  2326],
 [2121,
  931,
  2146,
  810,
  1499,
  1827,
  2494,
  1282,
  1064,
  2916,
  970,
  825,
  1539,
  2791,
  2131,
  2711,
  1907,
  3944,
  3652,
  2807,
  3528,
  3309,
  3187,
  2554,
  3976,
  4364,
  4442,
  4279,
  4460,
  3923,
  4128,
  4070,
  3834,
  4225,
  3466,
  3499,
  3524,
  4087,
  4049,
  3272,
  3481,
  4370,
  3852,
  3602,
  4490,
  2966,
  3496,
  691,
  1566,
  0,
  2724,
  3293,
  4093,
  3317,
  3180,
  3902,
  677,
  3991,
  3993,
  3721,
  728,
  1491,
  3659,
  1891,
  4600,
  3830,
  1443,
  3927,
  2035,
  5142,
  3510,
  3573,
  467,
  3659,
  1617,
  1047,
  3820,
  3618],
 [1091,
  2807,
  2637,
  3048,
  1990,
  2318,
  855,
  3481,
  2714,
  3407,
  2513,
  2497,
  2883,
  501,
  1858,
  2048,
  1634,
  3378,
  3540,
  2144,
  2238,
  2444,
  1547,
  990,
  3410,
  2724,
  3019,
  1555,
  2820,
  2283,
  3562,
  3504,
  1110,
  3659,
  1719,
  819,
  800,
  2447,
  3483,
  1083,
  801,
  3804,
  3286,
  3036,
  1766,
  2303,
  1856,
  3512,
  1543,
  3227,
  0,
  2727,
  2453,
  1534,
  456,
  3336,
  2553,
  3425,
  3427,
  2081,
  2927,
  1742,
  2273,
  3235,
  2960,
  2190,
  1956,
  3114,
  3049,
  3502,
  3048,
  3389,
  2578,
  2273,
  3267,
  3014,
  3254,
  3052],
 [2075,
  2998,
  2828,
  3239,
  2181,
  2509,
  2108,
  3672,
  2905,
  2421,
  2704,
  2688,
  3074,
  2260,
  1309,
  842,
  1438,
  846,
  1008,
  733,
  1699,
  1480,
  1555,
  1821,
  878,
  2732,
  2613,
  3315,
  2828,
  2291,
  1030,
  972,
  2870,
  1127,
  1834,
  2122,
  2344,
  2455,
  1150,
  1640,
  2104,
  1471,
  953,
  703,
  3526,
  1137,
  1864,
  3703,
  2107,
  3418,
  2192,
  0,
  2461,
  1488,
  2249,
  804,
  2744,
  893,
  895,
  2089,
  3118,
  1776,
  1830,
  3426,
  2968,
  2198,
  2147,
  2098,
  3240,
  3510,
  1728,
  1056,
  2769,
  1830,
  3458,
  3205,
  722,
  520],
 [2126,
  4038,
  3868,
  4279,
  3221,
  3549,
  1890,
  4712,
  3945,
  4638,
  3744,
  3728,
  4114,
  2042,
  2341,
  1784,
  2477,
  3114,
  3276,
  1880,
  870,
  1076,
  1019,
  1603,
  3146,
  271,
  1651,
  3097,
  1452,
  170,
  3298,
  3240,
  2652,
  2792,
  817,
  1904,
  2126,
  1079,
  2183,
  1422,
  1886,
  2504,
  1986,
  2169,
  3308,
  1612,
  691,
  4743,
  2578,
  4458,
  1974,
  2309,
  0,
  1270,
  2031,
  3072,
  3784,
  3161,
  3163,
  498,
  4158,
  2816,
  1019,
  4466,
  1592,
  822,
  3187,
  1746,
  4280,
  486,
  1680,
  1710,
  3809,
  1019,
  4498,
  4245,
  2990,
  2788],
 [856,
  2572,
  2402,
  2813,
  1755,
  2083,
  620,
  3246,
  2479,
  3172,
  2278,
  2262,
  2648,
  960,
  1301,
  1031,
  1077,
  2361,
  2523,
  1127,
  1221,
  1427,
  530,
  333,
  2393,
  1707,
  2002,
  2448,
  1803,
  1266,
  2545,
  2487,
  2003,
  2642,
  809,
  1097,
  1319,
  1430,
  2466,
  615,
  1079,
  2787,
  2269,
  2019,
  2659,
  1286,
  839,
  3277,
  1308,
  2992,
  893,
  1710,
  1436,
  0,
  1349,
  2319,
  2318,
  2408,
  2410,
  1064,
  2692,
  1507,
  1256,
  3000,
  1943,
  1173,
  1721,
  2097,
  2814,
  2485,
  2031,
  2372,
  2343,
  1256,
  3032,
  2779,
  2237,
  2035],
 [1158,
  2874,
  2704,
  3115,
  2057,
  2385,
  922,
  3548,
  2781,
  3474,
  2580,
  2564,
  2950,
  568,
  1925,
  2106,
  1701,
  3436,
  3598,
  2202,
  2296,
  2502,
  1605,
  1057,
  3468,
  2782,
  3077,
  1375,
  2878,
  2341,
  3620,
  3562,
  930,
  3717,
  1777,
  877,
  605,
  2505,
  3541,
  1141,
  859,
  3862,
  3344,
  3094,
  1586,
  2361,
  1914,
  3579,
  1610,
  3294,
  531,
  2785,
  2511,
  1592,
  0,
  3394,
  2620,
  3483,
  3485,
  2139,
  2994,
  1809,
  2331,
  3302,
  3018,
  2248,
  2023,
  3172,
  3116,
  3560,
  3106,
  3447,
  2645,
  2331,
  3334,
  3081,
  3312,
  3110],
 [2635,
  3558,
  3388,
  3799,
  2741,
  3069,
  2668,
  4232,
  3465,
  1978,
  3264,
  3248,
  3634,
  2820,
  1869,
  1402,
  1998,
  1017,
  565,
  1293,
  2300,
  2081,
  2115,
  2381,
  963,
  3292,
  3214,
  3875,
  3388,
  2851,
  1115,
  631,
  3430,
  1212,
  2394,
  2682,
  2904,
  3015,
  1531,
  2200,
  2664,
  1852,
  1334,
  1084,
  4086,
  1697,
  2424,
  4263,
  2667,
  3978,
  2752,
  775,
  3021,
  2048,
  2809,
  0,
  3304,
  978,
  980,
  2649,
  3678,
  2336,
  2431,
  3986,
  3528,
  2758,
  2707,
  2699,
  2448,
  4070,
  2109,
  1437,
  3329,
  2431,
  4018,
  3765,
  301,
  549],
 [1569,
  642,
  1422,
  606,
  880,
  1208,
  1942,
  1392,
  625,
  2387,
  424,
  386,
  1385,
  2239,
  1579,
  2159,
  1355,
  3392,
  3061,
  2255,
  2976,
  2757,
  2635,
  2002,
  3424,
  3812,
  3890,
  3727,
  3908,
  3371,
  3576,
  3518,
  3282,
  3673,
  2914,
  2947,
  2972,
  3535,
  3497,
  2720,
  2929,
  3818,
  3300,
  3050,
  3938,
  2414,
  2944,
  1423,
  1014,
  703,
  2172,
  2741,
  3541,
  2765,
  2628,
  3350,
  0,
  3439,
  3441,
  3169,
  838,
  939,
  3107,
  1737,
  4048,
  3278,
  862,
  3375,
  1596,
  4590,
  2958,
  3021,
  263,
  3107,
  1178,
  843,
  3268,
  3066],
 [3141,
  3689,
  2727,
  3930,
  3247,
  2693,
  3174,
  4293,
  4042,
  2008,
  3841,
  3825,
  3903,
  3326,
  2375,
  1908,
  2504,
  488,
  705,
  1799,
  2806,
  2587,
  2621,
  2887,
  553,
  3798,
  3720,
  4381,
  3894,
  3357,
  705,
  1507,
  3936,
  802,
  2900,
  3188,
  3410,
  3521,
  2037,
  2706,
  3170,
  2358,
  1840,
  1590,
  4592,
  2203,
  2930,
  4876,
  3173,
  4352,
  3258,
  1281,
  3527,
  2554,
  3315,
  829,
  3814,
  0,
  377,
  3155,
  4255,
  2842,
  2937,
  4255,
  4034,
  3264,
  3284,
  3205,
  2478,
  4576,
  2615,
  1943,
  3906,
  2937,
  3368,
  4034,
  1257,
  1055],
 [2819,
  3742,
  2841,
  3983,
  2925,
  2807,
  2852,
  4407,
  3649,
  2122,
  3448,
  3432,
  4017,
  3004,
  2053,
  1586,
  2182,
  261,
  819,
  1477,
  2484,
  2265,
  2299,
  2565,
  176,
  3476,
  3398,
  4059,
  3572,
  3035,
  328,
  1185,
  3614,
  425,
  2578,
  2866,
  3088,
  3199,
  1715,
  2384,
  2848,
  2036,
  1518,
  1268,
  4270,
  1881,
  2608,
  4447,
  2851,
  4162,
  2936,
  959,
  3205,
  2232,
  2993,
  943,
  3488,
  114,
  0,
  2833,
  3862,
  2520,
  2615,
  4369,
  3712,
  2942,
  2891,
  2883,
  2592,
  4254,
  2293,
  1621,
  3513,
  2615,
  3482,
  4148,
  935,
  733],
 [1628,
  3540,
  3370,
  3781,
  2723,
  3051,
  1392,
  4214,
  3447,
  4140,
  3246,
  3230,
  3616,
  1544,
  1843,
  1286,
  1979,
  2616,
  2778,
  1382,
  372,
  578,
  521,
  1105,
  2648,
  1851,
  1153,
  2599,
  954,
  456,
  2800,
  2742,
  2154,
  2294,
  319,
  1406,
  1628,
  581,
  1685,
  924,
  1388,
  2006,
  1488,
  1671,
  2810,
  1114,
  193,
  4245,
  2080,
  3960,
  1476,
  1811,
  626,
  772,
  1533,
  2574,
  3286,
  2663,
  2665,
  0,
  3660,
  2318,
  521,
  3968,
  1094,
  324,
  2689,
  1248,
  3782,
  1636,
  1182,
  1212,
  3311,
  521,
  4000,
  3747,
  2492,
  2290],
 [2103,
  1230,
  1347,
  1471,
  2007,
  1790,
  2476,
  706,
  552,
  2312,
  627,
  920,
  1838,
  2773,
  2113,
  2693,
  1889,
  4011,
  2992,
  2789,
  3510,
  3291,
  3169,
  2536,
  4076,
  4346,
  4424,
  4261,
  4442,
  3905,
  4228,
  4262,
  3816,
  4325,
  3448,
  3481,
  3506,
  4069,
  4031,
  3254,
  3463,
  4352,
  3834,
  3584,
  4472,
  2948,
  3478,
  933,
  1548,
  648,
  2706,
  3275,
  4075,
  3299,
  3162,
  3369,
  976,
  3898,
  3900,
  3703,
  0,
  1473,
  3641,
  2190,
  4582,
  3812,
  2257,
  3909,
  1521,
  5124,
  3492,
  3555,
  1115,
  3641,
  1021,
  1969,
  3670,
  3810],
 [886,
  1222,
  1052,
  1463,
  405,
  733,
  1259,
  1896,
  1129,
  1822,
  928,
  912,
  1298,
  1556,
  656,
  1236,
  432,
  2469,
  2558,
  1332,
  2053,
  1834,
  1952,
  1319,
  2501,
  3129,
  2967,
  3044,
  3225,
  2688,
  2653,
  2595,
  2599,
  2750,
  2231,
  2264,
  2289,
  2852,
  2574,
  1994,
  2246,
  2895,
  2377,
  2127,
  3255,
  1491,
  2261,
  1927,
  331,
  1642,
  1489,
  1818,
  2858,
  1842,
  1945,
  2427,
  968,
  2516,
  2518,
  2486,
  1342,
  0,
  2184,
  1650,
  3365,
  2595,
  371,
  2452,
  1464,
  3907,
  2035,
  2098,
  993,
  2184,
  1682,
  1429,
  2345,
  2143],
 [1621,
  3533,
  3363,
  3774,
  2716,
  3044,
  1385,
  4207,
  3440,
  4133,
  3239,
  3223,
  3609,
  1537,
  1836,
  1279,
  1972,
  2609,
  2771,
  1375,
  404,
  610,
  514,
  1098,
  2641,
  890,
  1185,
  2592,
  986,
  449,
  2793,
  2735,
  2147,
  2890,
  312,
  1399,
  1621,
  613,
  1816,
  917,
  1381,
  2137,
  1520,
  2267,
  2803,
  1534,
  186,
  4238,
  2073,
  3953,
  1469,
  1958,
  619,
  765,
  1526,
  2567,
  3279,
  2656,
  2658,
  247,
  3653,
  2311,
  0,
  3961,
  1126,
  356,
  2682,
  1280,
  3775,
  1668,
  1214,
  1244,
  3304,
  0,
  3993,
  3740,
  2485,
  2283],
 [1902,
  872,
  1927,
  944,
  1280,
  1608,
  2275,
  2623,
  1856,
  2697,
  1655,
  1617,
  352,
  2572,
  1912,
  2492,
  1688,
  3725,
  3433,
  2588,
  3309,
  3090,
  2968,
  2335,
  3757,
  4145,
  4223,
  4060,
  4241,
  3704,
  3909,
  3851,
  3615,
  4006,
  3247,
  3280,
  3305,
  3868,
  3830,
  3053,
  3262,
  4151,
  3633,
  3383,
  4271,
  2747,
  3277,
  2654,
  1347,
  1934,
  2505,
  3074,
  3874,
  3098,
  2961,
  3683,
  1231,
  3772,
  3774,
  3502,
  2069,
  1272,
  3440,
  0,
  4381,
  3611,
  1224,
  3708,
  2339,
  4923,
  3291,
  3354,
  1494,
  3440,
  2409,
  647,
  3601,
  3399],
 [2631,
  4543,
  4373,
  4784,
  3726,
  4054,
  2395,
  5217,
  4450,
  5143,
  4249,
  4233,
  4619,
  2547,
  2846,
  2289,
  2982,
  3619,
  3781,
  2385,
  1375,
  1581,
  1524,
  2108,
  3651,
  1067,
  796,
  3602,
  290,
  1459,
  3803,
  3745,
  3157,
  3297,
  1322,
  2409,
  2631,
  713,
  2436,
  1927,
  2391,
  2211,
  2491,
  2674,
  3813,
  2117,
  1196,
  5248,
  3083,
  4963,
  2479,
  2814,
  1338,
  1775,
  2536,
  3577,
  4289,
  3666,
  3668,
  1257,
  4663,
  3321,
  1524,
  4971,
  0,
  1000,
  3692,
  1395,
  4785,
  852,
  1834,
  2215,
  4314,
  1524,
  5003,
  4750,
  3495,
  3293],
 [1932,
  3844,
  3674,
  4085,
  3027,
  3355,
  1696,
  4518,
  3751,
  4444,
  3550,
  3534,
  3920,
  1848,
  2147,
  1590,
  2283,
  2920,
  3082,
  1686,
  676,
  882,
  825,
  1409,
  2952,
  1527,
  829,
  2903,
  630,
  760,
  3104,
  3046,
  2458,
  2598,
  623,
  1710,
  1932,
  257,
  1737,
  1228,
  1692,
  2058,
  1792,
  1975,
  3114,
  1418,
  497,
  4549,
  2384,
  4264,
  1780,
  2115,
  930,
  1076,
  1837,
  2878,
  3590,
  2967,
  2969,
  558,
  3964,
  2622,
  825,
  4272,
  770,
  0,
  2993,
  1428,
  4086,
  1312,
  1135,
  1516,
  3615,
  825,
  4304,
  4051,
  2796,
  2594],
 [1210,
  859,
  1148,
  1100,
  501,
  829,
  1583,
  1533,
  766,
  1918,
  565,
  549,
  1026,
  1880,
  1220,
  1800,
  996,
  3033,
  2654,
  1896,
  2617,
  2398,
  2276,
  1643,
  3065,
  3453,
  3531,
  3368,
  3549,
  3012,
  3217,
  3159,
  2923,
  3314,
  2555,
  2588,
  2613,
  3176,
  3138,
  2361,
  2570,
  3459,
  2941,
  2691,
  3579,
  2055,
  2585,
  1564,
  655,
  1279,
  1813,
  2382,
  3182,
  2406,
  2269,
  2991,
  605,
  3080,
  3082,
  2810,
  979,
  580,
  2748,
  1378,
  3689,
  2919,
  0,
  3016,
  1737,
  4231,
  2599,
  2662,
  630,
  2748,
  1319,
  1157,
  2909,
  2707],
 [2628,
  3504,
  3334,
  3745,
  2687,
  3015,
  2392,
  4178,
  3411,
  4104,
  3210,
  3194,
  3580,
  2544,
  1815,
  1250,
  1944,
  2580,
  2742,
  1346,
  1372,
  947,
  1521,
  2105,
  2612,
  2524,
  1129,
  3599,
  1627,
  1456,
  2232,
  2706,
  3154,
  2275,
  1319,
  2406,
  2628,
  1254,
  1089,
  1924,
  2388,
  1410,
  1166,
  1652,
  3810,
  1095,
  1193,
  4209,
  2613,
  3924,
  2476,
  1792,
  1626,
  1772,
  2533,
  2538,
  3250,
  2627,
  2629,
  1254,
  3624,
  2282,
  1297,
  3932,
  1767,
  997,
  2653,
  0,
  3746,
  2309,
  487,
  1193,
  3275,
  1297,
  3964,
  3711,
  2456,
  2254],
 [2227,
  1856,
  894,
  2097,
  1201,
  860,
  2600,
  2030,
  2209,
  791,
  2008,
  1992,
  2070,
  2897,
  2237,
  2817,
  2013,
  2546,
  1527,
  2913,
  3634,
  3415,
  3293,
  2660,
  2611,
  4470,
  4548,
  4385,
  4566,
  4029,
  2763,
  1331,
  3940,
  2860,
  3572,
  3605,
  3630,
  4193,
  3327,
  3378,
  3587,
  3648,
  3130,
  2880,
  4596,
  3072,
  3602,
  3007,
  1672,
  2125,
  2830,
  2571,
  4199,
  3423,
  3286,
  1904,
  1981,
  2433,
  2435,
  3827,
  1661,
  1597,
  3765,
  2422,
  4706,
  3936,
  1451,
  4033,
  0,
  5248,
  3616,
  3233,
  2073,
  3765,
  1480,
  2201,
  2205,
  2345],
 [3215,
  5127,
  4957,
  5368,
  4310,
  4638,
  2979,
  5801,
  5034,
  5727,
  4833,
  4817,
  5203,
  3131,
  3430,
  2873,
  3566,
  4203,
  4365,
  2969,
  1959,
  2165,
  2108,
  2692,
  4235,
  215,
  1520,
  4186,
  1321,
  656,
  4387,
  4329,
  3741,
  3881,
  1906,
  2993,
  3215,
  1297,
  3020,
  2511,
  2975,
  2935,
  3075,
  3258,
  4397,
  2701,
  1780,
  5832,
  3667,
  5547,
  3063,
  3398,
  486,
  2359,
  3413,
  4161,
  4873,
  4250,
  4252,
  984,
  5247,
  3905,
  2234,
  5555,
  1461,
  1584,
  4276,
  2119,
  5369,
  0,
  2418,
  2799,
  4898,
  2234,
  5587,
  5334,
  4079,
  3877],
 [2265,
  3017,
  2847,
  3258,
  2200,
  2528,
  2029,
  3691,
  2924,
  3617,
  2723,
  2707,
  3093,
  2181,
  1328,
  763,
  1457,
  2093,
  2255,
  859,
  679,
  460,
  1476,
  1742,
  2125,
  1700,
  1593,
  3236,
  1796,
  1259,
  2277,
  2219,
  2791,
  1788,
  960,
  2043,
  2265,
  1423,
  1179,
  1561,
  2025,
  1500,
  982,
  1165,
  3447,
  608,
  964,
  3722,
  2126,
  3437,
  2113,
  1305,
  1429,
  1409,
  2463,
  2051,
  2763,
  2140,
  2142,
  1057,
  3137,
  1795,
  810,
  3445,
  1936,
  1166,
  2166,
  1078,
  3259,
  2478,
  0,
  706,
  2788,
  810,
  3477,
  3224,
  1969,
  1767],
 [2449,
  3201,
  3031,
  3442,
  2384,
  2712,
  2213,
  3875,
  3108,
  3801,
  2907,
  2891,
  3277,
  2365,
  1512,
  947,
  1641,
  1658,
  1820,
  1043,
  863,
  644,
  1660,
  1926,
  1690,
  1884,
  1777,
  3420,
  1980,
  1443,
  1842,
  1784,
  2975,
  1295,
  1144,
  2227,
  2449,
  1607,
  686,
  1745,
  2209,
  1007,
  489,
  672,
  3631,
  792,
  1148,
  3906,
  2310,
  3621,
  2297,
  812,
  1613,
  1593,
  2647,
  1616,
  2947,
  1705,
  1707,
  1241,
  3321,
  1979,
  994,
  3629,
  2120,
  1350,
  2350,
  1262,
  3443,
  2662,
  699,
  0,
  2972,
  994,
  3661,
  3408,
  1534,
  1332],
 [1654,
  464,
  1679,
  705,
  1032,
  1360,
  2027,
  1364,
  597,
  2449,
  396,
  358,
  1072,
  2324,
  1664,
  2244,
  1440,
  3477,
  3185,
  2340,
  3061,
  2842,
  2720,
  2087,
  3509,
  3897,
  3975,
  3812,
  3993,
  3456,
  3661,
  3603,
  3367,
  3758,
  2999,
  3032,
  3057,
  3620,
  3582,
  2805,
  3014,
  3903,
  3385,
  3135,
  4023,
  2499,
  3029,
  1395,
  1099,
  537,
  2257,
  2826,
  3626,
  2850,
  2713,
  3435,
  210,
  3524,
  3526,
  3254,
  810,
  1024,
  3192,
  1424,
  4133,
  3363,
  976,
  3460,
  1568,
  4675,
  3043,
  3488,
  0,
  3192,
  1150,
  1203,
  3353,
  3151],
 [1621,
  3533,
  3363,
  3774,
  2716,
  3044,
  1385,
  4207,
  3440,
  4133,
  3239,
  3223,
  3609,
  1537,
  1836,
  1279,
  1972,
  2609,
  2771,
  1375,
  404,
  610,
  514,
  1098,
  2641,
  890,
  1185,
  2592,
  986,
  449,
  2793,
  2735,
  2147,
  2890,
  312,
  1399,
  1621,
  613,
  1816,
  917,
  1381,
  2137,
  1520,
  2267,
  2803,
  1534,
  186,
  4238,
  2073,
  3953,
  1469,
  1958,
  619,
  765,
  1819,
  2567,
  3279,
  2656,
  2658,
  247,
  3653,
  2311,
  0,
  3961,
  1126,
  356,
  2682,
  1280,
  3775,
  1668,
  1214,
  1244,
  3304,
  0,
  3993,
  3740,
  2485,
  2283],
 [2012,
  1454,
  326,
  1695,
  986,
  769,
  2385,
  1580,
  1361,
  1291,
  1160,
  1144,
  1855,
  2682,
  2022,
  2602,
  1798,
  2984,
  1965,
  2698,
  3419,
  3200,
  3078,
  2445,
  3049,
  4255,
  4333,
  4170,
  4351,
  3814,
  3201,
  1831,
  3725,
  3298,
  3357,
  3390,
  3415,
  3978,
  3940,
  3163,
  3372,
  4261,
  3743,
  3493,
  4381,
  2857,
  3387,
  1960,
  1457,
  1675,
  2615,
  3184,
  3984,
  3208,
  3071,
  2342,
  1200,
  2871,
  2873,
  3612,
  1211,
  1382,
  3550,
  2207,
  4491,
  3721,
  1236,
  3818,
  500,
  5033,
  3401,
  3846,
  1225,
  3550,
  0,
  1986,
  2643,
  2783],
 [1681,
  538,
  1706,
  297,
  1059,
  1387,
  2054,
  2402,
  1635,
  2476,
  1434,
  1396,
  295,
  2351,
  1691,
  2271,
  1467,
  3504,
  3212,
  2367,
  3088,
  2869,
  2747,
  2114,
  3536,
  3924,
  4002,
  3839,
  4020,
  3483,
  3688,
  3630,
  3394,
  3785,
  3026,
  3059,
  3084,
  3647,
  3609,
  2832,
  3041,
  3930,
  3412,
  3162,
  4050,
  2526,
  3056,
  1240,
  1126,
  904,
  2284,
  2853,
  3653,
  2877,
  2740,
  3462,
  1010,
  3551,
  3553,
  3281,
  1848,
  1051,
  3219,
  647,
  4160,
  3390,
  1003,
  3487,
  2118,
  4702,
  3070,
  3515,
  646,
  3219,
  2188,
  0,
  3380,
  3178],
 [2625,
  3279,
  3109,
  3520,
  2462,
  2790,
  2389,
  3953,
  3186,
  2279,
  2985,
  2969,
  3355,
  2541,
  1590,
  1123,
  1719,
  1318,
  866,
  1014,
  2021,
  1802,
  1836,
  2102,
  1179,
  3013,
  2935,
  3596,
  3109,
  2572,
  1331,
  330,
  3151,
  1428,
  2115,
  2403,
  2625,
  2736,
  1252,
  1921,
  2385,
  1573,
  1055,
  805,
  3807,
  1418,
  2145,
  3984,
  2388,
  3699,
  2473,
  496,
  2742,
  1769,
  2823,
  301,
  3025,
  1194,
  1196,
  2370,
  3399,
  2057,
  2152,
  3707,
  3249,
  2479,
  2428,
  2420,
  3521,
  3791,
  1830,
  1158,
  3050,
  2152,
  3739,
  3486,
  0,
  202],
 [2423,
  3077,
  2907,
  3318,
  2260,
  2588,
  2187,
  3751,
  2984,
  2520,
  2783,
  2767,
  3153,
  2339,
  1388,
  921,
  1517,
  945,
  1107,
  812,
  1819,
  1600,
  1634,
  1900,
  977,
  2811,
  2733,
  3394,
  2907,
  2370,
  1129,
  452,
  2949,
  1226,
  1913,
  2201,
  2423,
  2534,
  1050,
  1719,
  2183,
  1371,
  853,
  603,
  3605,
  1216,
  1943,
  3782,
  2186,
  3497,
  2271,
  294,
  2540,
  1567,
  2621,
  503,
  2823,
  992,
  994,
  2168,
  3197,
  1855,
  1950,
  3505,
  3047,
  2277,
  2226,
  2218,
  3319,
  3589,
  1628,
  956,
  2848,
  1950,
  3537,
  3284,
  202,
  0]]
