[[0,
  767,
  595,
  4141,
  137,
  4458,
  873,
  1677,
  977,
  2352,
  3986,
  1032,
  962,
  4630,
  409,
  3221,
  3491,
  890,
  209,
  3868,
  512,
  2661,
  4661,
  1763,
  3769,
  2139,
  1559,
  2741,
  781,
  670,
  1628,
  2467,
  4149,
  1068,
  1869,
  3566,
  801,
  2783,
  2003,
  598,
  1210,
  956,
  1641,
  2181,
  1699,
  1826,
  4100,
  3224,
  1177,
  707,
  2513,
  316,
  872,
  757,
  1517,
  1390,
  722,
  3479,
  1480,
  1126,
  4694,
  1974,
  1404,
  3245,
  3407,
  4427,
  3467,
  1531],
 [694,
  0,
  920,
  3530,
  831,
  3847,
  508,
  1066,
  1013,
  1741,
  3375,
  1268,
  1339,
  4019,
  706,
  2610,
  2880,
  279,
  825,
  3257,
  603,
  2050,
  4050,
  1152,
  3158,
  1528,
  948,
  2130,
  334,
  180,
  1017,
  1856,
  3538,
  1304,
  1258,
  2955,
  618,
  2172,
  2034,
  1917,
  1265,
  2105,
  1672,
  2212,
  1730,
  1857,
  3489,
  2613,
  566,
  1401,
  1902,
  1010,
  261,
  802,
  1548,
  1421,
  1099,
  2868,
  1511,
  1378,
  4083,
  1363,
  1640,
  2634,
  2796,
  3816,
  2856,
  920],
 [698,
  961,
  0,
  4335,
  835,
  4652,
  412,
  1871,
  1381,
  2546,
  4180,
  1846,
  419,
  4824,
  252,
  3415,
  3685,
  1084,
  386,
  4062,
  355,
  2855,
  4855,
  1957,
  3963,
  2333,
  1753,
  2935,
  586,
  740,
  1822,
  2661,
  4343,
  1882,
  2063,
  3760,
  1423,
  2977,
  2738,
  1296,
  1969,
  2809,
  2376,
  2916,
  2434,
  2561,
  4294,
  3418,
  1371,
  1405,
  2707,
  1014,
  1066,
  1607,
  2252,
  2125,
  179,
  3673,
  2215,
  1824,
  4888,
  2168,
  2218,
  3437,
  3599,
  4621,
  3661,
  1725],
 [3916,
  3335,
  4142,
  0,
  4037,
  709,
  3730,
  2969,
  3284,
  1452,
  237,
  3599,
  4561,
  952,
  3928,
  1527,
  421,
  3501,
  4047,
  798,
  3825,
  1143,
  912,
  3382,
  2666,
  3338,
  3219,
  3102,
  3556,
  3402,
  3015,
  2043,
  400,
  3575,
  2488,
  2463,
  3547,
  1659,
  5256,
  4362,
  4487,
  5327,
  4894,
  5434,
  4952,
  5079,
  520,
  1342,
  2919,
  4471,
  1291,
  4080,
  3440,
  3731,
  4770,
  4643,
  4321,
  409,
  4733,
  3873,
  1016,
  3173,
  3434,
  637,
  775,
  749,
  1099,
  2823],
 [137,
  966,
  732,
  4244,
  0,
  4561,
  1010,
  1782,
  840,
  2455,
  4089,
  895,
  1099,
  4733,
  546,
  3326,
  3594,
  1027,
  346,
  3971,
  649,
  2764,
  4764,
  1868,
  3895,
  2244,
  1582,
  2846,
  918,
  807,
  1733,
  2570,
  4252,
  931,
  1974,
  3692,
  664,
  2888,
  1866,
  461,
  1073,
  819,
  1504,
  2044,
  1562,
  1689,
  4203,
  3329,
  1282,
  570,
  2616,
  179,
  1009,
  620,
  1380,
  1253,
  859,
  3582,
  1343,
  989,
  4797,
  2079,
  1267,
  3348,
  3510,
  4530,
  3572,
  1636],
 [4502,
  3921,
  4728,
  586,
  4623,
  0,
  4316,
  3555,
  3870,
  2038,
  449,
  4185,
  5147,
  777,
  4514,
  2113,
  1007,
  4087,
  4633,
  1384,
  4411,
  1729,
  203,
  3641,
  3252,
  3924,
  3805,
  3688,
  4142,
  3988,
  3601,
  2629,
  265,
  4161,
  3074,
  3049,
  4133,
  2245,
  5842,
  4948,
  5073,
  5913,
  5480,
  6020,
  5538,
  5665,
  1106,
  1928,
  3505,
  5057,
  1877,
  4666,
  4026,
  4317,
  5356,
  5229,
  4907,
  995,
  5319,
  4459,
  841,
  3759,
  4020,
  1223,
  1361,
  860,
  1685,
  3409],
 [986,
  549,
  412,
  3923,
  1123,
  4238,
  0,
  1459,
  969,
  2132,
  3766,
  1434,
  831,
  4410,
  464,
  3003,
  3273,
  672,
  664,
  3650,
  361,
  2441,
  4443,
  1545,
  3551,
  1921,
  1341,
  2523,
  174,
  328,
  1410,
  2247,
  3931,
  1470,
  1651,
  3348,
  1011,
  2565,
  2326,
  2209,
  1557,
  2397,
  1964,
  2504,
  2022,
  2149,
  3882,
  3006,
  959,
  1693,
  2295,
  1302,
  654,
  1195,
  1840,
  1713,
  591,
  3261,
  1803,
  1544,
  4474,
  1756,
  1806,
  3027,
  3187,
  4209,
  3249,
  1313],
 [2088,
  1957,
  2541,
  3478,
  1951,
  3795,
  2129,
  0,
  1594,
  1689,
  3323,
  1054,
  2960,
  3967,
  2497,
  2558,
  2828,
  1900,
  2297,
  3205,
  2224,
  1998,
  3998,
  492,
  3106,
  462,
  1618,
  2078,
  1955,
  1801,
  1414,
  1804,
  3486,
  1254,
  877,
  2903,
  1857,
  2120,
  3655,
  2276,
  2886,
  2634,
  3293,
  3833,
  3351,
  3478,
  3437,
  2561,
  1318,
  2385,
  1850,
  1994,
  1839,
  2041,
  3169,
  3042,
  2720,
  2816,
  3132,
  1328,
  4031,
  297,
  889,
  2582,
  2744,
  3764,
  2804,
  146],
 [890,
  363,
  1283,
  3643,
  753,
  3960,
  871,
  1179,
  0,
  1854,
  3488,
  702,
  1702,
  4132,
  1299,
  2723,
  2993,
  642,
  1099,
  3370,
  966,
  2163,
  4163,
  1265,
  3271,
  1641,
  979,
  2243,
  697,
  543,
  1130,
  1969,
  3651,
  738,
  1371,
  3068,
  263,
  2285,
  2397,
  1078,
  1628,
  1436,
  2035,
  2575,
  2093,
  2220,
  3602,
  2726,
  679,
  1187,
  2015,
  796,
  312,
  447,
  1911,
  1784,
  1462,
  2981,
  1874,
  1196,
  4196,
  1476,
  1074,
  2747,
  2909,
  3929,
  2969,
  1033],
 [2979,
  2398,
  3205,
  1789,
  3100,
  2106,
  2793,
  2032,
  2347,
  0,
  1634,
  2662,
  3624,
  2278,
  2991,
  1332,
  1139,
  2564,
  3110,
  1516,
  2888,
  309,
  2309,
  2118,
  1901,
  2401,
  2282,
  881,
  2619,
  2465,
  2078,
  591,
  1797,
  2638,
  1551,
  1698,
  2610,
  894,
  4319,
  3425,
  3550,
  4390,
  3957,
  4497,
  4015,
  4142,
  1748,
  1335,
  1982,
  3534,
  161,
  3143,
  2503,
  2794,
  3833,
  3706,
  3384,
  1127,
  3796,
  2936,
  2342,
  2236,
  2497,
  893,
  1055,
  2075,
  1144,
  1886],
 [4937,
  4356,
  5163,
  506,
  5058,
  472,
  4751,
  3990,
  4305,
  1958,
  0,
  4620,
  5582,
  697,
  4949,
  2033,
  927,
  4522,
  5068,
  1304,
  4846,
  1649,
  675,
  4076,
  3172,
  4359,
  4240,
  2839,
  4577,
  4423,
  4036,
  2549,
  163,
  4596,
  3509,
  2969,
  4568,
  2165,
  6277,
  5383,
  5508,
  6348,
  5915,
  6455,
  5973,
  6100,
  1026,
  1848,
  3940,
  5492,
  1797,
  5101,
  4461,
  4752,
  5791,
  5664,
  5342,
  915,
  5754,
  4894,
  761,
  4194,
  4455,
  1143,
  1281,
  780,
  1605,
  3844],
 [1034,
  903,
  1629,
  3771,
  897,
  4088,
  1618,
  1307,
  540,
  1982,
  3616,
  0,
  1996,
  4260,
  1443,
  2851,
  3121,
  1182,
  1243,
  3498,
  1546,
  2291,
  4291,
  1393,
  3399,
  1442,
  1107,
  2371,
  1444,
  1290,
  1258,
  2097,
  3779,
  200,
  1499,
  3196,
  803,
  2413,
  3144,
  1222,
  2375,
  1580,
  2782,
  3322,
  2840,
  2967,
  3730,
  2854,
  807,
  1331,
  2143,
  940,
  852,
  987,
  2658,
  2531,
  1756,
  3109,
  2621,
  274,
  4324,
  1607,
  372,
  2875,
  3037,
  4057,
  3097,
  1161],
 [1065,
  1210,
  419,
  4584,
  1202,
  4901,
  831,
  2120,
  1630,
  2795,
  4429,
  2097,
  0,
  5073,
  619,
  3664,
  3934,
  1333,
  753,
  4311,
  722,
  3104,
  5104,
  2206,
  4212,
  2582,
  2002,
  3184,
  1005,
  1159,
  2071,
  2910,
  4592,
  2131,
  2312,
  4009,
  1672,
  3226,
  3157,
  1663,
  2388,
  2021,
  2795,
  3335,
  2853,
  2980,
  4543,
  3667,
  1620,
  1772,
  2956,
  1381,
  1315,
  1856,
  2671,
  2544,
  240,
  3922,
  2634,
  2191,
  5137,
  2417,
  2469,
  3688,
  3850,
  4870,
  3910,
  1974],
 [5109,
  4528,
  5335,
  875,
  5230,
  612,
  4923,
  4162,
  4477,
  2130,
  738,
  4792,
  5754,
  0,
  5121,
  1767,
  1099,
  4694,
  5240,
  762,
  5018,
  1821,
  815,
  4248,
  3344,
  4531,
  4412,
  3011,
  4749,
  4595,
  4208,
  2721,
  554,
  4768,
  3681,
  3141,
  4740,
  2337,
  6449,
  5555,
  5680,
  6520,
  6087,
  6627,
  6145,
  6272,
  530,
  1582,
  4112,
  5664,
  1969,
  5273,
  4633,
  4924,
  5963,
  5836,
  5514,
  1087,
  5926,
  5066,
  64,
  4366,
  4627,
  1315,
  1453,
  203,
  1777,
  4016],
 [425,
  657,
  252,
  4031,
  562,
  4348,
  464,
  1567,
  1077,
  2242,
  3876,
  1457,
  619,
  4520,
  0,
  3111,
  3381,
  780,
  200,
  3758,
  103,
  2551,
  4551,
  1653,
  3659,
  2029,
  1449,
  2631,
  372,
  526,
  1518,
  2357,
  4039,
  1493,
  1759,
  3456,
  1119,
  2673,
  2524,
  1023,
  1755,
  1381,
  2162,
  2702,
  2220,
  2347,
  3990,
  3114,
  1067,
  1132,
  2403,
  741,
  762,
  1303,
  2038,
  1911,
  379,
  3369,
  2001,
  1551,
  4584,
  1864,
  1829,
  3135,
  3297,
  4317,
  3357,
  1421],
 [3944,
  3363,
  4170,
  1814,
  4065,
  2131,
  3758,
  2997,
  3312,
  1503,
  1659,
  3627,
  4589,
  2303,
  3956,
  0,
  1164,
  3529,
  4075,
  1541,
  3853,
  1194,
  2334,
  3410,
  1410,
  3366,
  3247,
  1846,
  3584,
  3430,
  3043,
  2094,
  1822,
  3603,
  2516,
  1207,
  3575,
  403,
  5284,
  4390,
  4515,
  5355,
  4922,
  5462,
  4980,
  5107,
  1773,
  405,
  2947,
  4499,
  1342,
  4108,
  3468,
  3759,
  4798,
  4671,
  4349,
  1152,
  4761,
  3901,
  2367,
  3201,
  3462,
  918,
  1080,
  2100,
  684,
  2851],
 [4010,
  3429,
  4236,
  1112,
  4131,
  1429,
  3824,
  3063,
  3378,
  1031,
  957,
  3693,
  4655,
  1601,
  4022,
  1106,
  0,
  3595,
  4141,
  839,
  3919,
  722,
  1632,
  3476,
  2245,
  3432,
  3313,
  1912,
  3650,
  3496,
  3109,
  1622,
  1120,
  3669,
  2582,
  2042,
  3641,
  1238,
  5350,
  4456,
  4581,
  5421,
  4988,
  5528,
  5046,
  5173,
  1071,
  921,
  3013,
  4565,
  870,
  4174,
  3534,
  3825,
  4864,
  4737,
  4415,
  450,
  4827,
  3967,
  1665,
  3267,
  3528,
  216,
  354,
  1398,
  678,
  2917],
 [1366,
  785,
  1592,
  3251,
  1487,
  3568,
  1180,
  787,
  734,
  1462,
  3096,
  989,
  2011,
  3740,
  1378,
  2331,
  2601,
  0,
  1497,
  2978,
  1275,
  1771,
  3771,
  873,
  2879,
  1249,
  669,
  1851,
  1006,
  852,
  738,
  1575,
  3259,
  1025,
  979,
  2676,
  997,
  1893,
  2706,
  1812,
  1937,
  2777,
  2344,
  2884,
  2402,
  2529,
  3210,
  2334,
  287,
  1921,
  1623,
  1530,
  890,
  1181,
  2220,
  2093,
  1771,
  2589,
  2183,
  1099,
  3804,
  1084,
  1361,
  2355,
  2517,
  3537,
  2577,
  641],
 [225,
  791,
  386,
  4165,
  362,
  4482,
  664,
  1701,
  1202,
  2376,
  4010,
  1257,
  753,
  4654,
  200,
  3245,
  3515,
  914,
  0,
  3892,
  303,
  2685,
  4685,
  1787,
  3793,
  2163,
  1583,
  2765,
  572,
  726,
  1652,
  2491,
  4173,
  1293,
  1893,
  3590,
  1026,
  2807,
  2724,
  823,
  1955,
  1181,
  2362,
  2902,
  2420,
  2547,
  4124,
  3248,
  1201,
  932,
  2537,
  541,
  896,
  982,
  2238,
  2111,
  513,
  3503,
  2201,
  1351,
  4718,
  1998,
  1629,
  3269,
  3431,
  4451,
  3491,
  1555],
 [4492,
  3911,
  4718,
  1176,
  4613,
  1493,
  4306,
  3545,
  3860,
  1513,
  1021,
  4175,
  5137,
  762,
  4504,
  1005,
  482,
  4077,
  4623,
  0,
  4401,
  1204,
  1696,
  3631,
  2727,
  3914,
  3795,
  2394,
  4132,
  3978,
  3591,
  2104,
  1184,
  4151,
  3064,
  2524,
  4123,
  1720,
  5832,
  4938,
  5063,
  5903,
  5470,
  6010,
  5528,
  5655,
  232,
  820,
  3495,
  5047,
  1352,
  4656,
  4016,
  4307,
  5346,
  5219,
  4897,
  470,
  5309,
  4449,
  826,
  3749,
  4010,
  698,
  836,
  559,
  651,
  3399],
 [528,
  644,
  370,
  4018,
  665,
  4335,
  361,
  1554,
  1064,
  2229,
  3863,
  1529,
  722,
  4507,
  103,
  3098,
  3368,
  767,
  303,
  3745,
  0,
  2538,
  4538,
  1640,
  3646,
  2016,
  1436,
  2618,
  269,
  423,
  1505,
  2344,
  4026,
  1565,
  1746,
  3443,
  1106,
  2660,
  2421,
  1126,
  1652,
  2492,
  2059,
  2599,
  2117,
  2244,
  3977,
  3101,
  1054,
  1235,
  2390,
  844,
  749,
  1290,
  1935,
  1808,
  482,
  3356,
  1898,
  1654,
  4571,
  1851,
  1901,
  3122,
  3284,
  4304,
  3344,
  1408],
 [3288,
  2707,
  3514,
  1480,
  2894,
  1797,
  3102,
  2341,
  2656,
  309,
  1325,
  2971,
  3418,
  1969,
  2785,
  1263,
  830,
  2873,
  3419,
  1207,
  2682,
  0,
  2000,
  2754,
  2210,
  2803,
  2591,
  1190,
  2928,
  2259,
  1872,
  900,
  1488,
  2947,
  1345,
  2007,
  2404,
  1203,
  4628,
  3734,
  3859,
  4699,
  4266,
  4806,
  4324,
  4451,
  1439,
  1078,
  1776,
  3843,
  148,
  3452,
  2297,
  3103,
  4142,
  4015,
  3693,
  818,
  4105,
  3245,
  2033,
  2638,
  2806,
  584,
  746,
  1766,
  835,
  2195],
 [4814,
  4233,
  5040,
  383,
  4935,
  371,
  4628,
  3867,
  4182,
  1835,
  246,
  4497,
  5459,
  574,
  4826,
  1910,
  804,
  4399,
  4945,
  1181,
  4723,
  1526,
  0,
  4280,
  3049,
  4329,
  4117,
  2716,
  4454,
  4300,
  3913,
  2426,
  62,
  4473,
  3386,
  2846,
  4445,
  2042,
  6154,
  5260,
  5385,
  6225,
  5792,
  6332,
  5850,
  5977,
  903,
  1725,
  3817,
  5369,
  1674,
  4978,
  4338,
  4629,
  5668,
  5541,
  5219,
  792,
  5631,
  4771,
  638,
  4164,
  4332,
  1020,
  1158,
  657,
  1482,
  3721],
 [1593,
  1462,
  2188,
  3970,
  1456,
  4287,
  2177,
  492,
  1099,
  2181,
  3815,
  559,
  2555,
  4459,
  2002,
  3050,
  3320,
  1741,
  1802,
  3697,
  2105,
  2490,
  4490,
  0,
  3598,
  954,
  1666,
  2570,
  2003,
  1849,
  1423,
  2296,
  3978,
  759,
  1369,
  3395,
  1362,
  2612,
  3703,
  1781,
  2934,
  2139,
  3341,
  3881,
  3399,
  3526,
  3929,
  3053,
  1366,
  1890,
  2342,
  1499,
  1411,
  1546,
  3217,
  3090,
  2315,
  3308,
  3180,
  833,
  4523,
  789,
  394,
  3074,
  3236,
  4256,
  3296,
  346],
 [2520,
  1939,
  2746,
  2720,
  2641,
  3037,
  2334,
  1573,
  1888,
  931,
  2565,
  2203,
  3165,
  3209,
  2532,
  1800,
  2070,
  2105,
  2651,
  2447,
  2429,
  1240,
  3240,
  1659,
  0,
  1942,
  1823,
  1320,
  2160,
  2006,
  1619,
  1044,
  2728,
  2179,
  1092,
  2145,
  2151,
  1362,
  3860,
  2966,
  3091,
  3931,
  3498,
  4038,
  3556,
  3683,
  2679,
  1803,
  1523,
  3075,
  1092,
  2684,
  2044,
  2335,
  3374,
  3247,
  2925,
  2058,
  3337,
  2477,
  3273,
  1777,
  2038,
  1824,
  1986,
  3006,
  2046,
  1427],
 [2550,
  1840,
  2647,
  3584,
  2413,
  3901,
  2235,
  462,
  1789,
  1795,
  3429,
  1516,
  3066,
  4073,
  2433,
  2664,
  2934,
  2006,
  2552,
  3311,
  2330,
  2104,
  4104,
  954,
  3212,
  0,
  1724,
  2184,
  2061,
  1907,
  1520,
  1910,
  3592,
  1716,
  983,
  3009,
  2052,
  2226,
  3761,
  2738,
  2992,
  3096,
  3399,
  3939,
  3457,
  3584,
  3543,
  2667,
  1424,
  2847,
  1956,
  2456,
  1945,
  2236,
  3275,
  3148,
  2826,
  2922,
  3238,
  1790,
  4137,
  165,
  1351,
  2688,
  2850,
  3870,
  2910,
  608],
 [697,
  116,
  923,
  3533,
  834,
  3850,
  511,
  1069,
  536,
  1744,
  3378,
  1001,
  1342,
  4022,
  709,
  2613,
  2883,
  282,
  828,
  3260,
  606,
  2053,
  4053,
  1155,
  3161,
  1531,
  0,
  2133,
  337,
  183,
  1020,
  1859,
  3541,
  1037,
  1261,
  2958,
  578,
  2175,
  2037,
  1920,
  1268,
  2108,
  1675,
  2215,
  1733,
  1860,
  3492,
  2616,
  569,
  1404,
  1905,
  1013,
  221,
  762,
  1551,
  1424,
  1102,
  2871,
  1514,
  1111,
  4086,
  1366,
  1373,
  2637,
  2799,
  3819,
  2859,
  923],
 [2098,
  1517,
  2324,
  2296,
  2219,
  2613,
  1912,
  1151,
  1466,
  507,
  2141,
  1781,
  2743,
  2785,
  2110,
  1378,
  1646,
  1683,
  2229,
  2023,
  2007,
  816,
  2816,
  1237,
  1947,
  1520,
  1401,
  0,
  1738,
  1584,
  1197,
  622,
  2304,
  1757,
  670,
  1744,
  1729,
  940,
  3438,
  2544,
  2669,
  3509,
  3076,
  3616,
  3134,
  3261,
  2255,
  1381,
  1101,
  2653,
  668,
  2262,
  1622,
  1913,
  2952,
  2825,
  2503,
  1634,
  2915,
  1831,
  2849,
  1448,
  1616,
  1400,
  1562,
  2582,
  1624,
  1005],
 [812,
  375,
  586,
  3749,
  949,
  4066,
  174,
  1285,
  795,
  1960,
  3594,
  1487,
  1005,
  4238,
  372,
  2829,
  3099,
  498,
  572,
  3476,
  269,
  2269,
  4269,
  1371,
  3377,
  1747,
  1167,
  2349,
  0,
  154,
  1236,
  2073,
  3757,
  1523,
  2162,
  3174,
  837,
  2391,
  2152,
  2035,
  1383,
  2223,
  1790,
  2330,
  1848,
  1975,
  3708,
  2832,
  785,
  1519,
  2121,
  1128,
  480,
  1021,
  1666,
  1539,
  765,
  3087,
  1629,
  1597,
  4302,
  1582,
  1754,
  2853,
  3015,
  4035,
  3075,
  1139],
 [658,
  221,
  740,
  3595,
  795,
  3912,
  328,
  1131,
  641,
  1806,
  3440,
  1333,
  1159,
  4084,
  526,
  2675,
  2945,
  344,
  726,
  3322,
  423,
  2115,
  4115,
  1217,
  3223,
  1593,
  1013,
  2195,
  154,
  0,
  1082,
  1919,
  3603,
  1369,
  2008,
  3020,
  683,
  2237,
  1998,
  1881,
  1229,
  2069,
  1636,
  2176,
  1694,
  1821,
  3554,
  2678,
  631,
  1365,
  1967,
  974,
  326,
  867,
  1512,
  1385,
  919,
  2933,
  1475,
  1443,
  4148,
  1428,
  1600,
  2699,
  2861,
  3881,
  2921,
  985],
 [1708,
  1127,
  1934,
  2513,
  1829,
  2830,
  1522,
  761,
  1076,
  724,
  2358,
  1331,
  2211,
  3002,
  1720,
  1593,
  1863,
  1293,
  1839,
  2240,
  1617,
  1033,
  3033,
  847,
  2141,
  1223,
  1011,
  1113,
  1348,
  1194,
  0,
  837,
  2521,
  1367,
  241,
  1938,
  1339,
  1155,
  3048,
  2154,
  2279,
  3119,
  2686,
  3226,
  2744,
  2871,
  2472,
  1596,
  711,
  2263,
  885,
  1872,
  1232,
  1523,
  2562,
  2435,
  1971,
  1851,
  2525,
  1441,
  3066,
  1058,
  1226,
  1617,
  1779,
  2799,
  1839,
  615],
 [3860,
  3279,
  4086,
  2169,
  3981,
  2486,
  3674,
  2913,
  3228,
  1858,
  2014,
  3543,
  4363,
  2658,
  3872,
  757,
  1519,
  3445,
  3991,
  1896,
  3769,
  1549,
  2689,
  2999,
  1326,
  3375,
  3163,
  1762,
  3500,
  3346,
  2959,
  0,
  2177,
  3519,
  2393,
  1123,
  3491,
  319,
  5200,
  4306,
  4431,
  5271,
  4838,
  5378,
  4896,
  5023,
  2128,
  760,
  2863,
  4415,
  1697,
  4024,
  3384,
  3675,
  4714,
  4587,
  4123,
  1507,
  4677,
  3593,
  2722,
  3210,
  3378,
  1273,
  1435,
  2455,
  1003,
  2767],
 [4279,
  3698,
  4505,
  363,
  4400,
  329,
  4093,
  3332,
  3647,
  1815,
  226,
  3962,
  4782,
  554,
  4291,
  1890,
  784,
  3864,
  4410,
  1161,
  4188,
  1506,
  532,
  3418,
  3029,
  3794,
  3582,
  2696,
  3919,
  3765,
  3378,
  2406,
  0,
  3938,
  2812,
  2826,
  3910,
  2022,
  5619,
  4725,
  4850,
  5690,
  5257,
  5797,
  5315,
  5442,
  883,
  1705,
  3282,
  4834,
  1654,
  4443,
  3803,
  4094,
  5133,
  5006,
  4542,
  772,
  5096,
  4012,
  618,
  3629,
  3797,
  1000,
  1138,
  637,
  1462,
  3186],
 [1543,
  1412,
  2138,
  4280,
  1406,
  4594,
  2127,
  1816,
  1049,
  2491,
  4125,
  689,
  2505,
  4769,
  1952,
  3360,
  3630,
  1691,
  1752,
  4007,
  2055,
  2800,
  4800,
  1902,
  3908,
  2278,
  1616,
  2880,
  1953,
  1799,
  1767,
  2604,
  4288,
  0,
  2693,
  3705,
  1312,
  2922,
  3653,
  1731,
  2884,
  2089,
  3291,
  3831,
  3349,
  3476,
  4239,
  3363,
  1316,
  1840,
  2652,
  1449,
  1361,
  1496,
  3167,
  3040,
  2265,
  3618,
  3130,
  783,
  4830,
  2113,
  1061,
  3384,
  3546,
  4566,
  3606,
  1670],
 [1893,
  1312,
  2119,
  2734,
  2014,
  3051,
  1707,
  946,
  1261,
  945,
  2579,
  1516,
  2396,
  3223,
  1905,
  1814,
  2084,
  1478,
  2024,
  2461,
  1802,
  1254,
  3254,
  1032,
  2383,
  983,
  1196,
  1348,
  1533,
  1379,
  992,
  1058,
  2742,
  1552,
  0,
  2159,
  1524,
  1376,
  3233,
  2339,
  2464,
  3304,
  2871,
  3411,
  2929,
  3056,
  2690,
  1817,
  896,
  2448,
  1103,
  2057,
  1417,
  1708,
  2747,
  2620,
  2156,
  2069,
  2710,
  1626,
  3287,
  818,
  1411,
  1835,
  2000,
  3017,
  2060,
  800],
 [2723,
  2142,
  2949,
  2920,
  2844,
  3237,
  2537,
  1776,
  2091,
  1131,
  2765,
  2406,
  3226,
  3409,
  2735,
  1465,
  2270,
  2308,
  2854,
  2647,
  2632,
  1440,
  3440,
  1862,
  203,
  2238,
  2026,
  965,
  2363,
  2209,
  1822,
  1247,
  2928,
  2382,
  1256,
  0,
  2354,
  1027,
  4063,
  3169,
  3294,
  4134,
  3701,
  4241,
  3759,
  3886,
  2879,
  1468,
  1726,
  3278,
  1292,
  2887,
  2247,
  2538,
  3577,
  3450,
  2986,
  2258,
  3540,
  2456,
  3473,
  2073,
  2241,
  2024,
  2186,
  3206,
  1711,
  1630],
 [627,
  546,
  1222,
  3823,
  490,
  4140,
  1054,
  1362,
  420,
  2034,
  3668,
  839,
  1589,
  4312,
  1036,
  2906,
  3173,
  825,
  836,
  3550,
  1139,
  2343,
  4343,
  1448,
  3475,
  1824,
  1162,
  2440,
  880,
  726,
  1313,
  2150,
  3831,
  875,
  2239,
  3272,
  0,
  2468,
  2580,
  815,
  1811,
  1173,
  2218,
  2758,
  2276,
  2403,
  3782,
  2909,
  862,
  924,
  2195,
  533,
  495,
  184,
  2094,
  1967,
  1349,
  3161,
  2057,
  933,
  4376,
  1659,
  1211,
  2927,
  3089,
  4109,
  3152,
  1216],
 [3541,
  2960,
  3767,
  2804,
  3662,
  3121,
  3355,
  2594,
  2909,
  1949,
  2649,
  3224,
  4044,
  2603,
  3553,
  990,
  2154,
  3126,
  3672,
  1841,
  3450,
  2184,
  3324,
  2680,
  1007,
  3056,
  2844,
  1443,
  3181,
  3027,
  2640,
  2065,
  2812,
  3200,
  2074,
  804,
  3172,
  0,
  4881,
  3987,
  4112,
  4952,
  4519,
  5059,
  4577,
  4704,
  2073,
  1019,
  2544,
  4096,
  2110,
  3705,
  3065,
  3356,
  4395,
  4268,
  3804,
  2142,
  4358,
  3274,
  2667,
  2891,
  3059,
  1908,
  2070,
  2400,
  1262,
  2448],
 [1534,
  1815,
  2458,
  5186,
  1397,
  5506,
  2046,
  2725,
  2235,
  3397,
  5031,
  2927,
  2877,
  5678,
  2244,
  4269,
  4536,
  1938,
  2444,
  4913,
  2141,
  3706,
  5706,
  2811,
  4838,
  3187,
  2607,
  3789,
  1872,
  1718,
  2676,
  3513,
  5194,
  2963,
  3602,
  4635,
  2277,
  3831,
  0,
  1227,
  614,
  725,
  847,
  561,
  905,
  1032,
  5145,
  4272,
  2225,
  1364,
  3558,
  1217,
  1920,
  2461,
  416,
  596,
  2637,
  4524,
  413,
  3037,
  5742,
  3022,
  3194,
  4290,
  4452,
  5472,
  4515,
  2579],
 [694,
  1387,
  1289,
  5385,
  557,
  5702,
  2242,
  2921,
  1261,
  3596,
  5230,
  1316,
  1656,
  5874,
  1103,
  4465,
  4732,
  2134,
  903,
  5109,
  1206,
  3905,
  5902,
  3007,
  5013,
  3383,
  2803,
  3985,
  2068,
  1914,
  2872,
  3711,
  5390,
  1352,
  3798,
  4831,
  1085,
  4027,
  1405,
  0,
  612,
  358,
  1043,
  1583,
  1101,
  1228,
  5344,
  4468,
  2421,
  524,
  3757,
  377,
  2116,
  1041,
  919,
  792,
  1416,
  4720,
  882,
  1410,
  5938,
  3218,
  1688,
  4486,
  4651,
  5668,
  4711,
  2775],
 [1173,
  1399,
  2042,
  4770,
  1036,
  5090,
  1630,
  2309,
  1819,
  2984,
  4618,
  1795,
  2461,
  5262,
  1828,
  3853,
  4123,
  1522,
  1382,
  4500,
  1725,
  3293,
  5293,
  2395,
  4401,
  2771,
  2191,
  3373,
  1456,
  1302,
  2260,
  3099,
  4781,
  2547,
  3186,
  4198,
  1861,
  3415,
  793,
  652,
  0,
  864,
  431,
  971,
  489,
  616,
  4732,
  3856,
  1809,
  1003,
  3145,
  856,
  1504,
  2045,
  307,
  180,
  2221,
  4111,
  270,
  1889,
  5326,
  2606,
  2778,
  3877,
  4039,
  5059,
  4099,
  2163],
 [809,
  1502,
  1404,
  4782,
  672,
  5099,
  2357,
  2318,
  1376,
  2993,
  4627,
  1431,
  1771,
  5271,
  1218,
  3862,
  4132,
  2249,
  1018,
  4509,
  1321,
  3302,
  5302,
  2404,
  4410,
  2780,
  2118,
  3382,
  2183,
  2029,
  2269,
  3108,
  4790,
  1467,
  3195,
  4207,
  1200,
  3424,
  1520,
  316,
  727,
  0,
  1158,
  1698,
  1216,
  1343,
  4741,
  3865,
  1818,
  639,
  3154,
  492,
  2231,
  1156,
  1034,
  907,
  1531,
  4120,
  997,
  1525,
  5335,
  2615,
  1803,
  3886,
  4048,
  5068,
  4108,
  2172],
 [1620,
  1687,
  2330,
  5061,
  1483,
  5378,
  1918,
  2597,
  2107,
  3272,
  4906,
  2799,
  2749,
  5550,
  2116,
  4141,
  4411,
  1810,
  2316,
  4788,
  2013,
  3581,
  5581,
  2683,
  4689,
  3059,
  2479,
  3661,
  1744,
  1590,
  2548,
  3387,
  5069,
  2835,
  3474,
  4486,
  2149,
  3703,
  1155,
  1099,
  486,
  1226,
  0,
  1333,
  58,
  185,
  5020,
  4144,
  2097,
  1450,
  3433,
  1303,
  1792,
  2333,
  418,
  542,
  2509,
  4399,
  632,
  2909,
  5614,
  2894,
  3066,
  4165,
  4327,
  5347,
  4387,
  2451],
 [1852,
  2133,
  2776,
  5507,
  1715,
  5824,
  2364,
  3043,
  2553,
  3718,
  5352,
  3245,
  3195,
  5996,
  2562,
  4587,
  4857,
  2256,
  2762,
  5234,
  2459,
  4027,
  6027,
  3129,
  5135,
  3505,
  2925,
  4107,
  2190,
  2036,
  2994,
  3833,
  5515,
  3281,
  3920,
  4932,
  2595,
  4149,
  318,
  1545,
  932,
  1043,
  1165,
  0,
  1223,
  1350,
  5466,
  4590,
  2543,
  1682,
  3879,
  1535,
  2238,
  2779,
  734,
  914,
  2955,
  4845,
  731,
  3355,
  6060,
  3340,
  3512,
  4611,
  4773,
  5793,
  4833,
  2897],
 [1678,
  1745,
  2388,
  5119,
  1541,
  5436,
  1976,
  2655,
  2165,
  3330,
  4964,
  2857,
  2807,
  5608,
  2174,
  4199,
  4469,
  1868,
  2374,
  4846,
  2071,
  3639,
  5639,
  2741,
  4747,
  3117,
  2537,
  3719,
  1802,
  1648,
  2606,
  3445,
  5127,
  2893,
  3532,
  4544,
  2207,
  3761,
  1213,
  1157,
  544,
  1284,
  58,
  1391,
  0,
  127,
  5078,
  4202,
  2155,
  1508,
  3491,
  1361,
  1850,
  2391,
  476,
  600,
  2567,
  4457,
  690,
  2967,
  5672,
  2952,
  3124,
  4223,
  4385,
  5405,
  4445,
  2509],
 [1805,
  1872,
  2515,
  5246,
  1668,
  5563,
  2103,
  2782,
  2292,
  3457,
  5091,
  2984,
  2934,
  5735,
  2301,
  4326,
  4596,
  1995,
  2501,
  4973,
  2198,
  3766,
  5766,
  2868,
  4874,
  3244,
  2664,
  3846,
  1929,
  1775,
  2733,
  3572,
  5254,
  3020,
  3659,
  4671,
  2334,
  3888,
  1340,
  1284,
  671,
  1411,
  185,
  1518,
  127,
  0,
  5205,
  4329,
  2282,
  1635,
  3618,
  1488,
  1977,
  2518,
  603,
  727,
  2694,
  4584,
  817,
  3094,
  5799,
  3079,
  3251,
  4350,
  4512,
  5532,
  4572,
  2636],
 [4162,
  3581,
  4388,
  1285,
  4283,
  1142,
  3976,
  3215,
  3530,
  1698,
  1253,
  3849,
  4665,
  530,
  4174,
  1237,
  667,
  3747,
  4293,
  232,
  4071,
  1389,
  1345,
  3301,
  2912,
  3677,
  3465,
  2579,
  3802,
  3648,
  3261,
  2289,
  964,
  3821,
  2734,
  2709,
  3793,
  1905,
  5502,
  4608,
  4733,
  5573,
  5140,
  5680,
  5198,
  5325,
  0,
  1052,
  3165,
  4717,
  1537,
  4326,
  3686,
  3977,
  5016,
  4889,
  4425,
  655,
  4979,
  4119,
  594,
  3512,
  3684,
  883,
  1021,
  327,
  883,
  3069],
 [3882,
  3301,
  4108,
  1703,
  4003,
  2020,
  3696,
  2935,
  3250,
  1392,
  1548,
  3569,
  4385,
  1584,
  3894,
  185,
  1156,
  3467,
  4013,
  822,
  3791,
  1083,
  2223,
  3021,
  1348,
  3397,
  3185,
  1784,
  3522,
  3368,
  2981,
  1983,
  1711,
  3541,
  2454,
  1145,
  3513,
  588,
  5222,
  4328,
  4453,
  5293,
  4860,
  5400,
  4918,
  5045,
  1054,
  0,
  2885,
  4437,
  1231,
  4046,
  3406,
  3697,
  4736,
  4609,
  4145,
  1144,
  4699,
  3615,
  1648,
  3232,
  3404,
  807,
  969,
  1381,
  243,
  2789],
 [1243,
  662,
  1469,
  2964,
  1364,
  3281,
  1057,
  500,
  611,
  1175,
  2809,
  866,
  1746,
  3453,
  1255,
  2044,
  2314,
  828,
  1374,
  2691,
  1152,
  1484,
  3484,
  586,
  2592,
  962,
  546,
  1564,
  883,
  729,
  451,
  1290,
  2972,
  902,
  1377,
  2389,
  874,
  1606,
  2583,
  1689,
  1814,
  2654,
  2221,
  2761,
  2279,
  2406,
  2923,
  2047,
  0,
  1798,
  1336,
  1407,
  767,
  1058,
  2097,
  1970,
  1506,
  2302,
  2060,
  976,
  3517,
  797,
  969,
  2068,
  2230,
  3250,
  2290,
  354],
 [904,
  1597,
  1499,
  4877,
  767,
  5194,
  1777,
  2413,
  1471,
  3088,
  4722,
  1526,
  1866,
  5366,
  1313,
  3957,
  4227,
  1794,
  1113,
  4604,
  1416,
  3397,
  5397,
  2499,
  4505,
  2875,
  2213,
  3477,
  1685,
  1574,
  2364,
  3203,
  4885,
  1562,
  3290,
  4302,
  1295,
  3519,
  2151,
  746,
  1358,
  1104,
  1789,
  2329,
  1847,
  1974,
  4836,
  3960,
  1913,
  0,
  3249,
  587,
  1546,
  1251,
  1665,
  1538,
  1626,
  4215,
  1628,
  1620,
  5430,
  2710,
  1898,
  3981,
  4143,
  5163,
  4203,
  2267],
 [2873,
  2292,
  3099,
  1628,
  2994,
  1945,
  2954,
  1926,
  2508,
  161,
  1473,
  2556,
  3376,
  2117,
  2885,
  1493,
  978,
  2725,
  3004,
  1355,
  2782,
  148,
  2148,
  2012,
  2062,
  2388,
  2176,
  1042,
  2513,
  2359,
  1972,
  752,
  1636,
  2532,
  1712,
  1859,
  2771,
  1055,
  4480,
  3319,
  3444,
  4284,
  3851,
  4391,
  4176,
  4036,
  1587,
  1525,
  1876,
  3695,
  0,
  3037,
  2397,
  2955,
  3727,
  3600,
  3136,
  966,
  3690,
  2830,
  2181,
  2223,
  2658,
  732,
  894,
  1914,
  983,
  2047],
 [317,
  1010,
  912,
  4290,
  180,
  4607,
  1190,
  1826,
  884,
  2501,
  4135,
  939,
  1279,
  4779,
  726,
  3370,
  3640,
  1207,
  526,
  4017,
  829,
  2810,
  4810,
  1912,
  3918,
  2288,
  1626,
  2890,
  1098,
  987,
  1777,
  2614,
  4298,
  975,
  2018,
  3715,
  708,
  2932,
  1687,
  282,
  894,
  640,
  1325,
  1865,
  1383,
  1510,
  4249,
  3373,
  1326,
  391,
  2662,
  0,
  959,
  664,
  1201,
  1074,
  1039,
  3628,
  1164,
  1033,
  4843,
  2123,
  1311,
  3394,
  3556,
  4576,
  3616,
  1680],
 [984,
  201,
  1121,
  3721,
  847,
  4038,
  709,
  1257,
  315,
  1932,
  3566,
  780,
  1540,
  4210,
  907,
  2801,
  3071,
  480,
  1193,
  3448,
  804,
  2241,
  4241,
  1343,
  3349,
  1719,
  1057,
  2321,
  535,
  381,
  1208,
  2045,
  3729,
  816,
  1449,
  3146,
  357,
  2363,
  2235,
  1172,
  1466,
  1530,
  1873,
  2413,
  1931,
  2058,
  3680,
  2804,
  757,
  1281,
  2093,
  890,
  0,
  541,
  1749,
  1622,
  1300,
  3059,
  1712,
  890,
  4274,
  1554,
  1152,
  2825,
  2987,
  4007,
  3047,
  1111],
 [443,
  699,
  1038,
  3979,
  306,
  4296,
  1316,
  1515,
  573,
  2190,
  3824,
  655,
  1405,
  4468,
  852,
  3059,
  3329,
  978,
  652,
  3706,
  955,
  2499,
  4499,
  1601,
  3607,
  1977,
  1315,
  2579,
  1224,
  879,
  1466,
  2303,
  3987,
  691,
  1707,
  3404,
  397,
  2621,
  2036,
  631,
  1243,
  989,
  1674,
  2214,
  1732,
  1859,
  3938,
  3062,
  1015,
  740,
  2351,
  349,
  648,
  0,
  1550,
  1423,
  1165,
  3317,
  1513,
  749,
  4532,
  1812,
  1027,
  3083,
  3245,
  4265,
  3305,
  1369],
 [1524,
  1591,
  2234,
  4965,
  1387,
  5282,
  1822,
  2501,
  2011,
  3176,
  4810,
  2476,
  2653,
  5454,
  2020,
  4045,
  4315,
  1714,
  2220,
  4692,
  1917,
  3485,
  5485,
  2587,
  4593,
  2963,
  2383,
  3565,
  1648,
  1494,
  2452,
  3289,
  4973,
  2512,
  2693,
  4390,
  2053,
  3607,
  712,
  1003,
  390,
  783,
  418,
  890,
  476,
  603,
  4924,
  4048,
  2001,
  1354,
  3335,
  1207,
  1696,
  2237,
  0,
  372,
  2413,
  4301,
  189,
  2586,
  5518,
  2798,
  2848,
  4069,
  4231,
  5251,
  4291,
  2355],
 [1417,
  1484,
  2127,
  4858,
  1280,
  5175,
  1715,
  2394,
  1904,
  3069,
  4703,
  2369,
  2546,
  5347,
  1913,
  3938,
  4206,
  1607,
  2113,
  4585,
  1810,
  3378,
  5376,
  2480,
  4486,
  2856,
  2276,
  3458,
  1541,
  1387,
  2345,
  3182,
  4866,
  2405,
  2586,
  4283,
  1946,
  3500,
  952,
  896,
  283,
  1023,
  251,
  1130,
  309,
  436,
  4817,
  3941,
  1894,
  1247,
  3230,
  1100,
  1589,
  2130,
  466,
  0,
  2306,
  4196,
  429,
  2479,
  5411,
  2691,
  2741,
  3960,
  4122,
  5142,
  4184,
  2248],
 [825,
  1140,
  179,
  4514,
  962,
  4831,
  591,
  2050,
  1560,
  2723,
  4357,
  1857,
  240,
  5001,
  379,
  3594,
  3862,
  1263,
  513,
  4241,
  482,
  3032,
  5034,
  2136,
  4142,
  2512,
  1932,
  3114,
  765,
  919,
  2001,
  2838,
  4520,
  2061,
  2242,
  3960,
  1602,
  3156,
  2917,
  1423,
  2148,
  1781,
  2555,
  3095,
  2613,
  2740,
  4471,
  3597,
  1550,
  1532,
  2886,
  1141,
  1245,
  1786,
  2431,
  2304,
  0,
  3850,
  2394,
  1951,
  5065,
  2347,
  2229,
  3616,
  3778,
  4798,
  3840,
  1904],
 [3507,
  2926,
  3733,
  1124,
  3628,
  1441,
  3321,
  2560,
  2875,
  1043,
  969,
  3190,
  4152,
  1613,
  3519,
  1118,
  12,
  3092,
  3638,
  851,
  3416,
  734,
  1644,
  2973,
  2257,
  3022,
  2810,
  2693,
  3147,
  2993,
  2606,
  1634,
  1132,
  3166,
  2040,
  2054,
  3138,
  1250,
  4847,
  3953,
  4078,
  4918,
  4485,
  5025,
  4543,
  4670,
  1083,
  933,
  2510,
  4062,
  882,
  3671,
  3031,
  3322,
  4361,
  4234,
  3912,
  0,
  4324,
  3464,
  1677,
  2857,
  3025,
  228,
  366,
  1410,
  690,
  2414],
 [1403,
  1726,
  2369,
  5098,
  1266,
  5417,
  1957,
  2636,
  2146,
  3309,
  4943,
  2611,
  2788,
  5589,
  2155,
  4180,
  4448,
  1849,
  2355,
  4825,
  2052,
  3618,
  5618,
  2722,
  4749,
  3098,
  2518,
  3700,
  1783,
  1629,
  2587,
  3424,
  5106,
  2647,
  2828,
  4546,
  2188,
  3742,
  523,
  1138,
  525,
  594,
  758,
  701,
  816,
  943,
  5057,
  4183,
  2136,
  1233,
  3470,
  1086,
  1831,
  2372,
  327,
  507,
  2548,
  4436,
  0,
  2721,
  5653,
  2933,
  2983,
  4202,
  4364,
  5384,
  4426,
  2490],
 [1156,
  629,
  1756,
  3495,
  1019,
  3812,
  1344,
  1033,
  266,
  1706,
  3340,
  300,
  2175,
  3984,
  1565,
  2577,
  2845,
  908,
  1365,
  3222,
  1439,
  2015,
  4015,
  1119,
  3146,
  1495,
  833,
  2097,
  1170,
  1016,
  984,
  1821,
  3503,
  336,
  1225,
  2943,
  529,
  2139,
  2870,
  1344,
  2101,
  1702,
  2508,
  3048,
  2566,
  2693,
  3454,
  2580,
  533,
  1453,
  1867,
  1062,
  578,
  713,
  2384,
  2257,
  1935,
  2833,
  2347,
  0,
  4048,
  1330,
  672,
  2599,
  2761,
  3781,
  2823,
  887],
 [4658,
  4077,
  4884,
  939,
  4779,
  548,
  4472,
  3711,
  4026,
  2194,
  802,
  4341,
  5303,
  64,
  4670,
  1831,
  1163,
  4243,
  4789,
  826,
  4567,
  1885,
  751,
  4124,
  3408,
  4080,
  3961,
  3844,
  4298,
  4144,
  4083,
  2785,
  618,
  4317,
  3230,
  3205,
  4289,
  2401,
  6513,
  5104,
  5744,
  6584,
  5636,
  6691,
  5694,
  5821,
  594,
  1646,
  3661,
  5213,
  2033,
  4822,
  4182,
  4473,
  5512,
  5385,
  5063,
  1151,
  5990,
  4615,
  0,
  3915,
  4176,
  1379,
  1517,
  267,
  1841,
  3565],
 [2385,
  1675,
  2482,
  3417,
  2248,
  3734,
  2070,
  297,
  1624,
  1628,
  3262,
  1351,
  2901,
  3906,
  2268,
  2499,
  2767,
  1841,
  2387,
  3144,
  2165,
  1937,
  3937,
  789,
  3068,
  165,
  1559,
  2019,
  1896,
  1742,
  1355,
  1743,
  3425,
  1551,
  818,
  2865,
  1887,
  2061,
  3596,
  2573,
  2827,
  2931,
  3234,
  3774,
  3292,
  3419,
  3376,
  2502,
  1259,
  2682,
  1789,
  2291,
  1780,
  2071,
  3110,
  2983,
  2661,
  2755,
  3073,
  1625,
  3970,
  0,
  1186,
  2521,
  2683,
  3703,
  2745,
  443],
 [1407,
  1276,
  2002,
  3730,
  1270,
  4047,
  1991,
  1548,
  913,
  1941,
  3575,
  373,
  2369,
  4219,
  1816,
  2812,
  3080,
  1555,
  1616,
  3457,
  1919,
  2250,
  4250,
  1166,
  3381,
  1086,
  1480,
  2332,
  1817,
  1663,
  1219,
  2056,
  3738,
  573,
  1460,
  3178,
  1176,
  2374,
  3517,
  1595,
  2748,
  1953,
  3155,
  3695,
  3213,
  3340,
  3689,
  2815,
  1180,
  1704,
  2102,
  1313,
  1225,
  1360,
  3031,
  2904,
  2129,
  3068,
  2994,
  647,
  4283,
  1251,
  0,
  2834,
  2996,
  4016,
  3058,
  1694],
 [3741,
  3160,
  3967,
  896,
  3862,
  1213,
  3555,
  2794,
  3109,
  1277,
  741,
  3424,
  4386,
  1385,
  3753,
  1352,
  246,
  3326,
  3872,
  623,
  3650,
  968,
  1416,
  3207,
  2491,
  3163,
  3044,
  2927,
  3381,
  3227,
  2840,
  1868,
  904,
  3400,
  2313,
  2288,
  3372,
  1484,
  5081,
  4187,
  4312,
  5152,
  4719,
  5259,
  4777,
  4904,
  855,
  1167,
  2744,
  4296,
  1116,
  3905,
  3265,
  3556,
  4595,
  4468,
  4146,
  234,
  4558,
  3698,
  1449,
  2998,
  3259,
  0,
  600,
  1182,
  924,
  2648],
 [4425,
  3844,
  4651,
  1227,
  4546,
  1544,
  4239,
  3478,
  3793,
  1146,
  1072,
  4108,
  5070,
  1716,
  4437,
  752,
  577,
  4010,
  4556,
  954,
  4334,
  837,
  1747,
  3891,
  1891,
  3847,
  3728,
  2327,
  4065,
  3911,
  3524,
  1737,
  1235,
  4084,
  2997,
  1688,
  4056,
  884,
  5765,
  4871,
  4996,
  5836,
  5403,
  5943,
  5461,
  5588,
  1186,
  567,
  3428,
  4980,
  985,
  4589,
  3949,
  4240,
  5279,
  5152,
  4830,
  565,
  5242,
  4382,
  1780,
  3682,
  3943,
  331,
  0,
  1513,
  324,
  3332],
 [4391,
  3810,
  4617,
  958,
  4512,
  815,
  4205,
  3444,
  3759,
  1927,
  821,
  4074,
  5036,
  203,
  4403,
  1564,
  896,
  3976,
  4522,
  559,
  4300,
  1618,
  1018,
  3857,
  3141,
  3813,
  3694,
  3577,
  4031,
  3877,
  3490,
  2518,
  637,
  4050,
  2963,
  2938,
  4022,
  2134,
  7015,
  4837,
  6246,
  7086,
  5369,
  7193,
  5427,
  5554,
  327,
  1379,
  3394,
  4946,
  1766,
  4555,
  3915,
  4206,
  5245,
  5118,
  4796,
  884,
  6492,
  4348,
  267,
  3648,
  3909,
  1112,
  1250,
  0,
  1574,
  3298],
 [4125,
  3544,
  4351,
  1460,
  4246,
  1777,
  3939,
  3178,
  3493,
  1149,
  1305,
  3808,
  4770,
  1415,
  4137,
  428,
  810,
  3710,
  4256,
  653,
  4034,
  840,
  1980,
  3591,
  1591,
  3547,
  3428,
  2027,
  3765,
  3611,
  3224,
  1740,
  1468,
  3784,
  2697,
  1388,
  3756,
  831,
  5465,
  4571,
  4696,
  5536,
  5103,
  5643,
  5161,
  5288,
  885,
  243,
  3128,
  4680,
  988,
  4289,
  3649,
  3940,
  4979,
  4852,
  4530,
  798,
  4942,
  4082,
  1479,
  3382,
  3643,
  564,
  726,
  1212,
  0,
  3032],
 [1942,
  1811,
  2537,
  3622,
  1805,
  3939,
  2275,
  146,
  1448,
  1833,
  3467,
  908,
  2904,
  4111,
  2351,
  2704,
  2972,
  2090,
  2151,
  3349,
  2454,
  2142,
  4142,
  346,
  3273,
  608,
  1764,
  2224,
  2101,
  1947,
  1754,
  1948,
  3630,
  1108,
  1023,
  3070,
  1711,
  2266,
  3801,
  2130,
  3032,
  2488,
  3439,
  3979,
  3497,
  3624,
  3581,
  2707,
  1715,
  2239,
  1994,
  1848,
  1985,
  1895,
  3315,
  3188,
  2664,
  2960,
  3278,
  1182,
  4175,
  443,
  743,
  2726,
  2888,
  3908,
  2950,
  0]]
