[[0,
  4177,
  4577,
  3094,
  627,
  2613,
  1183,
  1533,
  3298,
  3732,
  2685,
  2181,
  2588,
  2655,
  6281,
  4008,
  3729,
  4723,
  4004,
  3717,
  4840,
  2787,
  2467,
  3537,
  3900,
  4261,
  4203,
  5288,
  6554,
  2908,
  2760,
  1568,
  2356,
  385,
  526,
  3505,
  3175,
  3678,
  4028,
  4404,
  3416,
  1927,
  3569,
  3274,
  3021,
  4317,
  6084,
  4492,
  1353,
  5550,
  5519,
  5040,
  4141,
  1964,
  4080,
  4569,
  2271,
  2904,
  5920],
 [3383,
  0,
  894,
  3384,
  4010,
  2903,
  2929,
  4916,
  1021,
  1455,
  1722,
  2572,
  1595,
  2981,
  6587,
  4314,
  4035,
  5029,
  4310,
  4023,
  5146,
  3093,
  2773,
  3843,
  4206,
  4567,
  4509,
  5594,
  6860,
  1230,
  1940,
  2748,
  2747,
  3768,
  3909,
  1274,
  917,
  461,
  345,
  721,
  3722,
  2277,
  3875,
  3580,
  3311,
  4623,
  6390,
  4798,
  4736,
  5856,
  5825,
  5346,
  4447,
  2355,
  4386,
  4875,
  2682,
  3194,
  1945],
 [4034,
  927,
  0,
  4311,
  4661,
  3830,
  3580,
  5567,
  1948,
  2382,
  2373,
  3223,
  2246,
  3908,
  7514,
  5241,
  4962,
  5956,
  5237,
  4950,
  6073,
  4020,
  3700,
  4770,
  5133,
  5494,
  5436,
  6521,
  7787,
  1881,
  2591,
  3399,
  3398,
  4419,
  4560,
  2201,
  1568,
  1190,
  612,
  879,
  4649,
  2928,
  4802,
  4507,
  4238,
  5550,
  7317,
  5725,
  5387,
  6783,
  6752,
  6273,
  5374,
  3006,
  5313,
  5802,
  3609,
  4121,
  2313],
 [3270,
  3468,
  4281,
  0,
  2599,
  1097,
  3618,
  1569,
  2589,
  3023,
  5120,
  4616,
  5023,
  1856,
  5482,
  3209,
  2930,
  3924,
  3205,
  2918,
  4041,
  1988,
  1668,
  2738,
  3101,
  3462,
  3404,
  4489,
  5755,
  5343,
  5195,
  4003,
  4791,
  2842,
  2941,
  2796,
  3695,
  3848,
  3732,
  4108,
  2617,
  4362,
  2770,
  2475,
  689,
  3518,
  5285,
  3693,
  2054,
  4751,
  4720,
  4241,
  3342,
  4399,
  3281,
  3770,
  1562,
  572,
  5211],
 [987,
  3550,
  4363,
  2467,
  0,
  1986,
  1335,
  906,
  2671,
  3105,
  2837,
  2333,
  2740,
  2028,
  5654,
  3381,
  3102,
  4096,
  3377,
  3090,
  4213,
  2160,
  1840,
  2910,
  3273,
  3634,
  3576,
  4661,
  5927,
  3060,
  2912,
  1720,
  2508,
  559,
  658,
  2878,
  3327,
  3930,
  3814,
  4190,
  2789,
  2079,
  2942,
  2647,
  2394,
  3690,
  5457,
  3865,
  726,
  4923,
  4892,
  4413,
  3514,
  2116,
  3453,
  3942,
  1644,
  2277,
  5293],
 [2989,
  3187,
  4000,
  481,
  2318,
  0,
  3337,
  1288,
  2308,
  2742,
  4839,
  4335,
  4742,
  1575,
  5201,
  2928,
  2649,
  3643,
  2924,
  2637,
  3760,
  1707,
  1387,
  2457,
  2820,
  3181,
  3123,
  4208,
  5474,
  5062,
  4914,
  3722,
  4510,
  2561,
  2660,
  2515,
  3414,
  3567,
  3451,
  3827,
  2336,
  4081,
  2489,
  2194,
  408,
  3237,
  5004,
  3412,
  1773,
  4470,
  4439,
  3960,
  3061,
  4118,
  3000,
  3489,
  1281,
  291,
  4930],
 [1071,
  2778,
  3394,
  4165,
  1698,
  3684,
  0,
  2604,
  3684,
  4118,
  1502,
  998,
  1405,
  3726,
  5079,
  5079,
  4800,
  6732,
  5075,
  4788,
  5911,
  3858,
  3538,
  4608,
  6895,
  6534,
  5274,
  6081,
  5352,
  1725,
  1577,
  385,
  1173,
  1456,
  1597,
  3375,
  1992,
  2495,
  2845,
  3221,
  4487,
  744,
  4640,
  4345,
  4092,
  5388,
  6871,
  6963,
  2424,
  6421,
  6312,
  7129,
  5212,
  781,
  5151,
  7432,
  3342,
  3975,
  4445],
 [1867,
  2644,
  3457,
  1561,
  1196,
  1080,
  2215,
  0,
  1765,
  2199,
  3717,
  3213,
  3620,
  1122,
  4748,
  2475,
  2196,
  3190,
  2471,
  2184,
  3307,
  1254,
  934,
  2004,
  2367,
  2728,
  2670,
  3755,
  5021,
  3940,
  3792,
  2600,
  3388,
  1439,
  1538,
  1972,
  2871,
  3024,
  2908,
  3284,
  1883,
  2959,
  2036,
  1741,
  1488,
  2784,
  4551,
  2959,
  651,
  4017,
  3986,
  3507,
  2608,
  2996,
  2547,
  3036,
  738,
  1371,
  4387],
 [3369,
  3567,
  4380,
  2363,
  2698,
  1882,
  3717,
  1668,
  0,
  434,
  5219,
  4715,
  5122,
  1940,
  5566,
  3293,
  3014,
  4008,
  3289,
  3002,
  4125,
  2072,
  1752,
  2822,
  3185,
  3546,
  3488,
  4573,
  5839,
  5442,
  5294,
  4102,
  4890,
  2941,
  3040,
  2895,
  3794,
  3947,
  3831,
  4207,
  2701,
  4461,
  2854,
  2559,
  2290,
  3602,
  5369,
  3777,
  2153,
  4835,
  4804,
  4325,
  3426,
  4498,
  3365,
  3854,
  1661,
  2173,
  5310],
 [2969,
  3167,
  3980,
  1963,
  2298,
  1482,
  3317,
  1268,
  2288,
  0,
  4819,
  4315,
  4722,
  1540,
  5166,
  2893,
  2614,
  3608,
  2889,
  2602,
  3725,
  1672,
  1352,
  2422,
  2785,
  3146,
  3088,
  4173,
  5439,
  5042,
  4894,
  3702,
  4490,
  2541,
  2640,
  2495,
  3394,
  3547,
  3431,
  3807,
  2301,
  4061,
  2454,
  2159,
  1890,
  3202,
  4969,
  3377,
  1753,
  4435,
  4404,
  3925,
  3026,
  4098,
  2965,
  3454,
  1261,
  1773,
  4910],
 [2127,
  1276,
  1892,
  5221,
  2754,
  4740,
  1673,
  3660,
  2182,
  2616,
  0,
  1316,
  339,
  4782,
  6186,
  6135,
  5856,
  7839,
  6131,
  5844,
  8036,
  4914,
  4594,
  5664,
  6027,
  7641,
  6330,
  7188,
  6459,
  223,
  684,
  1492,
  1491,
  2512,
  2653,
  1873,
  490,
  993,
  1343,
  1719,
  5543,
  1021,
  5696,
  5401,
  5148,
  6444,
  7978,
  6619,
  3480,
  7528,
  7419,
  8236,
  6268,
  1099,
  6207,
  6696,
  4398,
  5031,
  2943],
 [1559,
  2487,
  3103,
  4653,
  2186,
  4172,
  1105,
  3092,
  3393,
  3827,
  1211,
  0,
  1114,
  4214,
  5220,
  5567,
  5288,
  6873,
  5563,
  5276,
  7070,
  4346,
  4026,
  5096,
  5459,
  6675,
  5762,
  6222,
  5493,
  1434,
  1286,
  839,
  175,
  1944,
  2085,
  3084,
  1701,
  2204,
  2554,
  2930,
  4975,
  453,
  5128,
  4833,
  4580,
  5876,
  7012,
  7104,
  2912,
  6562,
  6453,
  7270,
  5700,
  217,
  5639,
  6128,
  3830,
  4463,
  4154],
 [1788,
  1572,
  2188,
  4882,
  2415,
  4401,
  1334,
  3321,
  2478,
  2912,
  296,
  977,
  0,
  4443,
  5847,
  5796,
  5517,
  7500,
  5792,
  5505,
  7697,
  4575,
  4255,
  5325,
  5688,
  7302,
  5991,
  6849,
  6120,
  519,
  345,
  1153,
  1152,
  2173,
  2314,
  2169,
  786,
  1289,
  1639,
  2015,
  5204,
  682,
  5357,
  5062,
  4809,
  6105,
  7639,
  6280,
  3141,
  7189,
  7080,
  7897,
  5929,
  760,
  5868,
  6357,
  4059,
  4692,
  3239],
 [2146,
  2344,
  3157,
  1261,
  1475,
  780,
  2494,
  445,
  1465,
  1899,
  3996,
  3492,
  3899,
  0,
  4448,
  2175,
  1896,
  2890,
  2171,
  1884,
  3007,
  954,
  634,
  1704,
  2067,
  2428,
  2370,
  3455,
  4721,
  4219,
  4071,
  2879,
  3667,
  1718,
  1817,
  1672,
  2571,
  2724,
  2608,
  2984,
  1583,
  3238,
  1736,
  1441,
  1188,
  2484,
  4251,
  2659,
  930,
  3717,
  3686,
  3207,
  2308,
  3275,
  2247,
  2736,
  438,
  1071,
  4087],
 [7649,
  6381,
  7346,
  5470,
  5684,
  4989,
  7195,
  4654,
  5502,
  5936,
  7413,
  7214,
  7286,
  4209,
  0,
  2634,
  4493,
  1653,
  2406,
  4481,
  1850,
  3551,
  3990,
  3110,
  1816,
  1455,
  2173,
  1002,
  273,
  6921,
  7631,
  6781,
  7389,
  5927,
  6026,
  5861,
  6608,
  6761,
  6645,
  7021,
  4180,
  7322,
  4333,
  4038,
  5397,
  2587,
  1792,
  1884,
  5139,
  1342,
  1233,
  2050,
  2767,
  7359,
  3464,
  2353,
  4647,
  5280,
  8124],
 [8460,
  7428,
  8241,
  6365,
  6579,
  5884,
  8006,
  5549,
  6549,
  6983,
  8891,
  8025,
  8333,
  5104,
  2903,
  0,
  5388,
  981,
  228,
  5376,
  1048,
  4446,
  4885,
  3299,
  2705,
  2344,
  461,
  1891,
  3176,
  7968,
  8678,
  7592,
  8200,
  8845,
  6921,
  6756,
  7655,
  7808,
  7692,
  8068,
  5075,
  8133,
  5228,
  4933,
  6292,
  293,
  2687,
  750,
  6034,
  1292,
  2122,
  848,
  133,
  8170,
  4359,
  545,
  5542,
  6175,
  9171],
 [3928,
  4106,
  4919,
  3043,
  3257,
  2562,
  4276,
  2227,
  3227,
  3661,
  5138,
  5988,
  5011,
  1782,
  4572,
  2299,
  0,
  3014,
  2295,
  2008,
  3131,
  1078,
  2549,
  1828,
  2191,
  2552,
  2494,
  3579,
  4845,
  4646,
  5356,
  4661,
  6163,
  3500,
  3599,
  3434,
  4333,
  4486,
  4370,
  4746,
  1707,
  6232,
  160,
  455,
  2970,
  2608,
  4375,
  2783,
  2712,
  3841,
  3810,
  3331,
  2432,
  5771,
  2371,
  2860,
  2220,
  2853,
  5849],
 [7378,
  6346,
  7159,
  5283,
  5497,
  4802,
  6924,
  4467,
  5467,
  5901,
  7809,
  6943,
  7251,
  4022,
  1821,
  981,
  4306,
  0,
  753,
  4294,
  197,
  3364,
  3803,
  2217,
  1623,
  1262,
  520,
  809,
  2094,
  6886,
  7596,
  6510,
  7118,
  7763,
  5839,
  5674,
  6573,
  6726,
  6610,
  6986,
  3993,
  7051,
  4146,
  3851,
  5210,
  934,
  1605,
  231,
  4952,
  311,
  1040,
  397,
  1114,
  7088,
  3277,
  700,
  4460,
  5093,
  8089],
 [8456,
  7424,
  8237,
  6361,
  9083,
  5880,
  8002,
  5545,
  6545,
  6979,
  8887,
  8021,
  8329,
  5100,
  2899,
  228,
  5384,
  753,
  0,
  5372,
  870,
  4442,
  4881,
  3295,
  2701,
  2340,
  233,
  1887,
  3172,
  7964,
  8962,
  7588,
  8196,
  8841,
  8982,
  6752,
  7651,
  7804,
  7688,
  8064,
  5071,
  8129,
  5224,
  4929,
  6288,
  461,
  2683,
  522,
  6030,
  1064,
  2118,
  1070,
  361,
  8166,
  4355,
  713,
  5538,
  6171,
  9167],
 [8122,
  7108,
  7921,
  6045,
  8749,
  5564,
  7668,
  5229,
  6229,
  6663,
  8553,
  7687,
  8013,
  4784,
  2564,
  3125,
  5068,
  2144,
  2897,
  0,
  2341,
  4126,
  4565,
  2979,
  2385,
  2024,
  2664,
  1571,
  2837,
  7648,
  8628,
  7254,
  7862,
  8507,
  8648,
  6436,
  7335,
  7488,
  7372,
  7748,
  4755,
  7795,
  4908,
  4613,
  5972,
  3078,
  2367,
  2375,
  5714,
  1833,
  1802,
  2541,
  3258,
  7832,
  4039,
  2844,
  5222,
  5855,
  8851],
 [7575,
  6543,
  7356,
  5480,
  8202,
  4999,
  7121,
  4664,
  5664,
  6098,
  8006,
  7140,
  7448,
  4219,
  2018,
  1048,
  4503,
  197,
  870,
  4491,
  0,
  3561,
  4000,
  2414,
  1820,
  1459,
  637,
  1006,
  2291,
  7083,
  7793,
  6707,
  7315,
  7960,
  8101,
  5871,
  6770,
  6923,
  6807,
  7183,
  4190,
  7248,
  4343,
  4048,
  5407,
  755,
  1802,
  348,
  5149,
  508,
  1237,
  200,
  1181,
  7285,
  3474,
  503,
  4657,
  5290,
  8286],
 [4135,
  4313,
  5126,
  3250,
  3464,
  2769,
  4483,
  2434,
  3434,
  3868,
  5345,
  6195,
  5218,
  1989,
  3494,
  1221,
  2273,
  1936,
  1217,
  930,
  2053,
  0,
  2756,
  3909,
  3315,
  2954,
  1416,
  2501,
  3767,
  4853,
  5563,
  8184,
  6370,
  3707,
  3806,
  3641,
  4540,
  4693,
  4577,
  4953,
  629,
  6439,
  2113,
  1818,
  3177,
  1530,
  3297,
  1705,
  2919,
  2763,
  2732,
  2253,
  1354,
  5978,
  1293,
  1782,
  2427,
  3060,
  6056],
 [4403,
  4581,
  5394,
  3518,
  3732,
  3037,
  4751,
  2702,
  3702,
  4136,
  5613,
  6463,
  5486,
  2257,
  5093,
  2820,
  2541,
  3535,
  2816,
  2529,
  3652,
  1599,
  0,
  1234,
  1700,
  2061,
  3015,
  2514,
  5366,
  5121,
  5831,
  6639,
  6638,
  3975,
  4074,
  3909,
  4808,
  4961,
  4845,
  5221,
  2228,
  6168,
  2381,
  2086,
  3445,
  3129,
  3468,
  3304,
  3187,
  4362,
  2819,
  3852,
  2953,
  6246,
  2792,
  3381,
  2695,
  3328,
  6324],
 [3459,
  3637,
  4450,
  2574,
  2788,
  2093,
  3807,
  1758,
  2758,
  3192,
  4669,
  5519,
  4542,
  1313,
  4149,
  1876,
  1597,
  2591,
  1872,
  1585,
  2708,
  655,
  1094,
  0,
  756,
  1117,
  2071,
  1570,
  4422,
  4177,
  4887,
  4192,
  5694,
  3031,
  3130,
  2965,
  3864,
  4017,
  3901,
  4277,
  1284,
  5119,
  1437,
  1142,
  2501,
  2185,
  3952,
  2360,
  2243,
  3418,
  3387,
  2908,
  2009,
  5302,
  1848,
  2437,
  1751,
  2384,
  5380],
 [4053,
  4231,
  5044,
  3168,
  3382,
  2687,
  4401,
  2352,
  3352,
  3786,
  5263,
  6113,
  5136,
  1907,
  2062,
  2470,
  2191,
  1623,
  2376,
  2179,
  1820,
  1249,
  1688,
  594,
  0,
  361,
  2143,
  814,
  2335,
  4771,
  5481,
  6751,
  6288,
  3625,
  3724,
  3559,
  4458,
  4611,
  4495,
  4871,
  1878,
  5713,
  2031,
  1736,
  3095,
  2557,
  1768,
  1854,
  2837,
  1312,
  1119,
  2020,
  2603,
  5896,
  2092,
  2323,
  2345,
  2978,
  5974],
 [7258,
  4592,
  5405,
  3529,
  3743,
  3048,
  6804,
  2713,
  3713,
  4147,
  5624,
  6823,
  5497,
  2268,
  1701,
  2243,
  2552,
  1262,
  2015,
  2540,
  1459,
  1610,
  2049,
  955,
  361,
  0,
  1782,
  453,
  1974,
  5132,
  5842,
  6390,
  6998,
  3986,
  4085,
  3920,
  4819,
  4972,
  4856,
  5232,
  2239,
  6179,
  2392,
  2097,
  3456,
  2196,
  1407,
  1493,
  3198,
  951,
  758,
  1659,
  2376,
  6257,
  2109,
  1962,
  2706,
  3339,
  6335],
 [7982,
  6950,
  7763,
  5887,
  8609,
  5406,
  7528,
  5071,
  6071,
  6505,
  8413,
  7547,
  8316,
  4626,
  2425,
  461,
  4910,
  520,
  233,
  4898,
  637,
  3968,
  4407,
  2821,
  2227,
  1866,
  0,
  1413,
  2698,
  7490,
  8488,
  7114,
  7722,
  8367,
  8508,
  6278,
  7177,
  7330,
  7214,
  7590,
  4597,
  7655,
  4750,
  4455,
  5814,
  414,
  2209,
  289,
  5556,
  831,
  1644,
  837,
  594,
  7692,
  3881,
  531,
  5064,
  5697,
  8693],
 [6805,
  5045,
  5858,
  3982,
  7432,
  3501,
  6351,
  3166,
  4166,
  4600,
  7236,
  6370,
  7139,
  2721,
  1248,
  1790,
  3005,
  809,
  1562,
  2993,
  1006,
  2063,
  2502,
  1408,
  814,
  453,
  1329,
  0,
  1521,
  5585,
  7311,
  5937,
  6545,
  7190,
  7331,
  4373,
  5272,
  5425,
  5309,
  5685,
  2692,
  6478,
  2845,
  2550,
  3909,
  1743,
  954,
  1040,
  3651,
  498,
  305,
  1206,
  1923,
  6515,
  2626,
  1509,
  3159,
  3792,
  6788],
 [7376,
  5774,
  7073,
  5197,
  8003,
  4716,
  6922,
  4381,
  4895,
  5329,
  7807,
  6941,
  7710,
  3936,
  1819,
  2361,
  4220,
  1380,
  2133,
  4208,
  1577,
  3278,
  3717,
  2837,
  1543,
  1182,
  1900,
  729,
  0,
  8030,
  7882,
  6508,
  7116,
  7761,
  5753,
  5588,
  6001,
  6154,
  6038,
  6414,
  3907,
  7049,
  4060,
  3765,
  5124,
  2314,
  1519,
  1611,
  4866,
  1069,
  960,
  1777,
  2494,
  7086,
  3191,
  2080,
  4374,
  5007,
  7517],
 [2279,
  1053,
  1669,
  5373,
  2906,
  4892,
  1825,
  3812,
  1959,
  2393,
  618,
  1468,
  491,
  4934,
  6338,
  6287,
  6008,
  7002,
  6283,
  5996,
  7119,
  5066,
  4746,
  5816,
  6179,
  6540,
  6482,
  7340,
  6611,
  0,
  836,
  1644,
  1643,
  2664,
  2805,
  1650,
  267,
  770,
  1120,
  1496,
  5695,
  1173,
  5848,
  5553,
  5300,
  6596,
  8130,
  6771,
  3632,
  7680,
  7571,
  7319,
  6420,
  1251,
  6359,
  6848,
  4550,
  5183,
  2720],
 [1443,
  1982,
  2598,
  4537,
  2070,
  4056,
  989,
  2976,
  2888,
  3322,
  706,
  632,
  609,
  4098,
  5502,
  5451,
  5172,
  7155,
  5447,
  5160,
  6283,
  4230,
  3910,
  4980,
  5343,
  5704,
  5646,
  6504,
  5775,
  929,
  0,
  808,
  807,
  1828,
  1969,
  2579,
  1196,
  1699,
  2049,
  2425,
  4859,
  337,
  5012,
  4717,
  4464,
  5760,
  7294,
  5935,
  2796,
  6844,
  6735,
  6483,
  5584,
  415,
  5523,
  6012,
  3714,
  4347,
  3649],
 [868,
  2575,
  3191,
  3962,
  1495,
  3481,
  414,
  2401,
  4166,
  4600,
  1299,
  795,
  1202,
  3523,
  5151,
  4876,
  4597,
  5591,
  4872,
  4585,
  5708,
  3655,
  3335,
  4405,
  4768,
  5129,
  5071,
  6156,
  5424,
  1522,
  1374,
  0,
  970,
  1253,
  1394,
  3172,
  1789,
  2292,
  2642,
  3018,
  4284,
  541,
  4437,
  4142,
  3889,
  5185,
  6943,
  5360,
  2221,
  6418,
  6387,
  5908,
  5009,
  578,
  4948,
  5437,
  3139,
  3772,
  4242],
 [1734,
  2662,
  3278,
  4828,
  2361,
  4347,
  1280,
  3267,
  3568,
  4002,
  1386,
  175,
  1289,
  4389,
  5395,
  5742,
  5463,
  7048,
  5738,
  5451,
  7245,
  4521,
  4201,
  5271,
  5634,
  6850,
  5937,
  6397,
  5668,
  1609,
  1461,
  1014,
  0,
  2119,
  2260,
  3259,
  1876,
  2379,
  2729,
  3105,
  5150,
  628,
  5303,
  5008,
  4755,
  6051,
  7187,
  6226,
  3087,
  6737,
  6628,
  7445,
  5875,
  392,
  5814,
  6303,
  4005,
  4638,
  4329],
 [933,
  3792,
  4605,
  2709,
  242,
  2228,
  1281,
  1148,
  2913,
  3347,
  2783,
  2279,
  2686,
  2270,
  5896,
  3623,
  3344,
  4338,
  3619,
  3332,
  4455,
  2402,
  2082,
  3152,
  3515,
  3876,
  3818,
  4903,
  6169,
  3006,
  2858,
  1666,
  2454,
  0,
  604,
  3120,
  3273,
  3776,
  4056,
  4432,
  3031,
  2025,
  3184,
  2889,
  2636,
  3932,
  5699,
  4107,
  968,
  5165,
  5134,
  4655,
  3756,
  2062,
  3695,
  4184,
  1886,
  2519,
  5535],
 [736,
  3862,
  4478,
  3022,
  555,
  2541,
  1084,
  1461,
  3226,
  3660,
  2586,
  2082,
  2489,
  2583,
  6163,
  3936,
  3657,
  4651,
  3932,
  3645,
  4768,
  2715,
  2395,
  3465,
  3828,
  4189,
  4131,
  5216,
  6436,
  2809,
  2661,
  1469,
  2257,
  313,
  0,
  3433,
  3076,
  3579,
  3929,
  4305,
  3344,
  1828,
  3497,
  3202,
  2949,
  4245,
  6012,
  4420,
  1281,
  5478,
  5447,
  4968,
  4069,
  1865,
  4008,
  4497,
  2199,
  2832,
  5529],
 [3901,
  669,
  1482,
  3036,
  4528,
  2555,
  3447,
  2341,
  673,
  1107,
  2240,
  3090,
  2113,
  2633,
  6239,
  3966,
  3687,
  4681,
  3962,
  3675,
  4798,
  2745,
  2425,
  3495,
  3858,
  4219,
  4161,
  5246,
  6512,
  1748,
  2458,
  3266,
  3265,
  4286,
  4427,
  0,
  1435,
  1049,
  933,
  1536,
  3374,
  2795,
  3527,
  3232,
  2963,
  4275,
  6042,
  4450,
  2826,
  5508,
  5477,
  4998,
  4099,
  2873,
  4038,
  4527,
  2334,
  2846,
  2350],
 [3030,
  786,
  1402,
  6124,
  3657,
  5643,
  2576,
  4563,
  1692,
  2126,
  1369,
  2219,
  1242,
  3652,
  7089,
  4985,
  4706,
  5700,
  4981,
  4694,
  5817,
  3764,
  3444,
  4514,
  4877,
  5238,
  5180,
  6265,
  7362,
  877,
  1587,
  2395,
  2394,
  3415,
  3556,
  1383,
  0,
  503,
  853,
  1229,
  4393,
  1924,
  4546,
  4251,
  6051,
  5294,
  7061,
  5469,
  4383,
  6527,
  6496,
  6017,
  5118,
  2002,
  5057,
  5546,
  5301,
  5934,
  2453],
 [2844,
  672,
  1288,
  5938,
  3471,
  5457,
  2390,
  4377,
  1506,
  1940,
  1183,
  2033,
  1056,
  3466,
  6903,
  4799,
  4520,
  5514,
  4795,
  4508,
  5631,
  3578,
  3258,
  4328,
  4691,
  5052,
  4994,
  6079,
  7176,
  691,
  1401,
  2209,
  2208,
  3229,
  3370,
  1197,
  378,
  0,
  739,
  1115,
  4207,
  1738,
  4360,
  4065,
  5865,
  5108,
  6875,
  5283,
  4197,
  6341,
  6310,
  5831,
  4932,
  1816,
  4871,
  5360,
  5115,
  5748,
  2339],
 [3422,
  315,
  563,
  3699,
  4049,
  3218,
  2968,
  4955,
  1336,
  1770,
  1761,
  2611,
  1634,
  3296,
  6902,
  4629,
  4350,
  5344,
  4625,
  4338,
  5461,
  3408,
  3088,
  4158,
  4521,
  4882,
  4824,
  5909,
  7175,
  1269,
  1979,
  2787,
  2786,
  3807,
  3948,
  1589,
  956,
  578,
  0,
  390,
  4037,
  2316,
  4190,
  3895,
  3626,
  4938,
  6705,
  5113,
  4775,
  6171,
  6140,
  5661,
  4762,
  2394,
  4701,
  5190,
  2997,
  3509,
  1751],
 [3618,
  511,
  666,
  3895,
  4245,
  3414,
  3164,
  5151,
  1532,
  1966,
  1957,
  2807,
  1830,
  3492,
  7098,
  4825,
  4546,
  5540,
  4821,
  4534,
  5657,
  3604,
  3284,
  4354,
  4717,
  5078,
  5020,
  6105,
  7371,
  1465,
  2175,
  2983,
  2982,
  4003,
  4144,
  1785,
  1152,
  774,
  196,
  0,
  4233,
  2512,
  4386,
  4091,
  3822,
  5134,
  6901,
  5309,
  4971,
  6367,
  6336,
  5857,
  4958,
  2590,
  4897,
  5386,
  3193,
  3705,
  1780],
 [16239,
  11500,
  10987,
  9774,
  10651,
  9956,
  15785,
  9621,
  10621,
  11055,
  12532,
  12056,
  12405,
  9176,
  10681,
  8408,
  7957,
  9123,
  8395,
  8117,
  9240,
  8518,
  8617,
  11096,
  10502,
  10141,
  8603,
  9688,
  10954,
  12040,
  12741,
  15371,
  12231,
  10894,
  9667,
  9502,
  11727,
  11880,
  11764,
  12131,
  0,
  15912,
  8126,
  8421,
  10364,
  8708,
  10475,
  8892,
  10097,
  9950,
  9919,
  9440,
  8541,
  11839,
  664,
  8969,
  9614,
  8921,
  13243],
 [1106,
  2613,
  3229,
  4200,
  1733,
  3719,
  652,
  2639,
  3519,
  3953,
  1337,
  833,
  1240,
  3761,
  5165,
  5114,
  4835,
  6818,
  5110,
  4823,
  7015,
  3893,
  3573,
  4643,
  5006,
  6620,
  5309,
  6167,
  5438,
  1560,
  1412,
  471,
  1008,
  1491,
  1632,
  3210,
  1827,
  2330,
  2680,
  3056,
  4522,
  0,
  4675,
  4380,
  4127,
  5423,
  6957,
  5598,
  2459,
  6507,
  6398,
  7215,
  5247,
  616,
  5186,
  5675,
  3377,
  4010,
  4280],
 [3768,
  3946,
  4759,
  2883,
  3097,
  2402,
  4116,
  2067,
  3067,
  3501,
  4978,
  5828,
  4851,
  1622,
  4412,
  2139,
  160,
  2854,
  2135,
  1848,
  2971,
  918,
  2389,
  1668,
  2031,
  2392,
  2334,
  3419,
  4685,
  4486,
  5196,
  4501,
  6003,
  3340,
  3439,
  3274,
  4173,
  4326,
  4210,
  4586,
  1547,
  6072,
  0,
  295,
  2810,
  2448,
  4215,
  2623,
  2552,
  3681,
  3650,
  3171,
  2272,
  5611,
  2211,
  2700,
  2060,
  2693,
  5689],
 [3473,
  3651,
  4464,
  2588,
  2802,
  2107,
  3821,
  1772,
  2772,
  3206,
  4683,
  5533,
  4556,
  1327,
  4117,
  1844,
  455,
  2559,
  1840,
  1553,
  2676,
  623,
  2094,
  1373,
  1736,
  2097,
  2039,
  3124,
  4390,
  4191,
  4901,
  4206,
  5708,
  3045,
  3144,
  2979,
  3878,
  4031,
  3915,
  4291,
  1252,
  5777,
  295,
  0,
  2515,
  2153,
  3920,
  2328,
  2257,
  3386,
  3355,
  2876,
  1977,
  5316,
  1916,
  2405,
  1765,
  2398,
  5394],
 [2581,
  2779,
  3592,
  889,
  1910,
  408,
  2929,
  880,
  1900,
  2334,
  4431,
  3927,
  4334,
  1167,
  4793,
  2520,
  2241,
  3235,
  2516,
  2229,
  3352,
  1299,
  979,
  2049,
  2412,
  2773,
  2715,
  3800,
  5066,
  4654,
  4506,
  3314,
  4102,
  2153,
  2252,
  2107,
  3006,
  3159,
  3043,
  3419,
  1928,
  3673,
  2081,
  1786,
  0,
  2829,
  4596,
  3004,
  1365,
  4062,
  4031,
  3552,
  2653,
  3710,
  2592,
  3081,
  873,
  699,
  4522],
 [8330,
  7298,
  8111,
  6235,
  6449,
  5754,
  7876,
  5419,
  6419,
  6853,
  8761,
  7895,
  8203,
  4974,
  2773,
  293,
  5258,
  952,
  461,
  5246,
  755,
  4316,
  4755,
  3169,
  2575,
  2214,
  414,
  1761,
  3046,
  7838,
  8836,
  7462,
  8070,
  8715,
  6791,
  6626,
  7525,
  7678,
  7562,
  7938,
  4945,
  8003,
  5098,
  4803,
  6162,
  0,
  2557,
  703,
  5904,
  1263,
  1992,
  555,
  426,
  8040,
  4229,
  252,
  5412,
  6045,
  9041],
 [4563,
  4741,
  5554,
  3678,
  3892,
  3197,
  4911,
  2862,
  3862,
  4296,
  5773,
  6623,
  5646,
  2417,
  3216,
  2980,
  2701,
  2777,
  2976,
  2689,
  2974,
  1759,
  2198,
  1318,
  1498,
  1515,
  3175,
  1968,
  3489,
  5281,
  5991,
  5296,
  6798,
  4135,
  4234,
  4069,
  4968,
  5121,
  5005,
  5381,
  2388,
  6867,
  2541,
  2246,
  3605,
  3289,
  0,
  3008,
  3347,
  2466,
  2273,
  3174,
  3113,
  6406,
  1672,
  3477,
  2855,
  3488,
  6484],
 [7609,
  6577,
  7390,
  5514,
  5728,
  5033,
  6747,
  4698,
  5698,
  6132,
  8040,
  7174,
  7482,
  4253,
  2052,
  750,
  4537,
  231,
  522,
  4525,
  348,
  3595,
  4034,
  2448,
  1854,
  1493,
  289,
  1040,
  2325,
  7117,
  7827,
  6741,
  7349,
  5971,
  6070,
  5905,
  6804,
  6957,
  6841,
  7217,
  4224,
  7282,
  4377,
  4082,
  5441,
  703,
  1836,
  0,
  5183,
  542,
  1271,
  548,
  883,
  7319,
  3508,
  756,
  4691,
  5324,
  8320],
 [1216,
  3330,
  4143,
  2247,
  545,
  1766,
  1564,
  686,
  2451,
  2885,
  3066,
  2562,
  2969,
  1808,
  5434,
  3161,
  2882,
  3876,
  3157,
  2870,
  3993,
  1940,
  1620,
  2690,
  3053,
  3414,
  3356,
  4441,
  5707,
  3289,
  3141,
  1949,
  2737,
  788,
  887,
  2658,
  3556,
  4059,
  3594,
  3970,
  2569,
  2308,
  2722,
  2427,
  2174,
  3470,
  5237,
  3645,
  0,
  4703,
  4672,
  4193,
  3294,
  2345,
  3233,
  3722,
  1424,
  2057,
  5073],
 [7067,
  6035,
  6848,
  4972,
  5186,
  4491,
  6205,
  4156,
  5156,
  5590,
  7498,
  6632,
  6940,
  3711,
  1510,
  1292,
  3995,
  311,
  1064,
  3983,
  508,
  3053,
  3492,
  1906,
  1312,
  951,
  831,
  498,
  1783,
  6575,
  7285,
  6199,
  6807,
  5429,
  5528,
  5363,
  6262,
  6415,
  6299,
  6675,
  3682,
  6740,
  3835,
  3540,
  4899,
  1245,
  1294,
  542,
  4641,
  0,
  729,
  708,
  1425,
  6777,
  2966,
  1011,
  4149,
  4782,
  7778],
 [5172,
  5350,
  6163,
  4287,
  4501,
  3806,
  5520,
  3471,
  4471,
  4905,
  6382,
  6601,
  6255,
  3026,
  1479,
  2021,
  3310,
  1040,
  1793,
  3298,
  1237,
  2368,
  3383,
  1713,
  1119,
  758,
  1560,
  305,
  1752,
  5890,
  6600,
  6168,
  6776,
  4744,
  4843,
  4678,
  5577,
  5730,
  5614,
  5990,
  2997,
  6709,
  3150,
  2855,
  4214,
  1974,
  1185,
  1271,
  3956,
  729,
  0,
  1437,
  2154,
  6746,
  2857,
  1740,
  3464,
  4097,
  7093],
 [7775,
  6743,
  7556,
  5680,
  5894,
  5199,
  6913,
  4864,
  5864,
  6298,
  8206,
  7340,
  7648,
  4419,
  2218,
  848,
  4703,
  397,
  1070,
  4691,
  200,
  3761,
  4200,
  2614,
  2020,
  1659,
  837,
  1206,
  2491,
  7283,
  7993,
  6907,
  7515,
  6137,
  6236,
  6071,
  6970,
  7123,
  7007,
  7383,
  4390,
  7448,
  4543,
  4248,
  5607,
  555,
  2002,
  548,
  5349,
  708,
  1437,
  0,
  981,
  7485,
  3674,
  303,
  4857,
  5490,
  8486],
 [8593,
  7561,
  8374,
  6498,
  6712,
  6017,
  8139,
  5682,
  6682,
  7116,
  9024,
  8158,
  8466,
  5237,
  3036,
  133,
  5521,
  1114,
  361,
  5509,
  1181,
  4579,
  5018,
  3432,
  2838,
  2477,
  594,
  2024,
  3309,
  8101,
  8811,
  7725,
  8333,
  6955,
  7054,
  6889,
  7788,
  7941,
  7825,
  8201,
  5208,
  8266,
  5361,
  5066,
  6425,
  426,
  2820,
  883,
  6167,
  1425,
  2255,
  981,
  0,
  8303,
  4492,
  678,
  5675,
  6308,
  9304],
 [1342,
  2270,
  2886,
  4436,
  1969,
  3955,
  888,
  2875,
  3176,
  3610,
  994,
  217,
  897,
  3997,
  5401,
  5350,
  5071,
  7054,
  5346,
  5059,
  7251,
  4129,
  3809,
  4879,
  5242,
  6856,
  5545,
  6403,
  5674,
  1217,
  1069,
  707,
  392,
  1727,
  1868,
  2867,
  1484,
  1987,
  2337,
  2713,
  4758,
  236,
  4911,
  4616,
  4363,
  5659,
  7193,
  5834,
  2695,
  6743,
  6634,
  7451,
  5483,
  0,
  5422,
  5911,
  3613,
  4246,
  3937],
 [10657,
  10835,
  10304,
  9772,
  9986,
  9291,
  11005,
  8956,
  9956,
  10390,
  11867,
  11373,
  11740,
  8511,
  10016,
  7743,
  7301,
  8458,
  7739,
  7452,
  8575,
  7853,
  7934,
  8557,
  9837,
  9476,
  7938,
  9023,
  10289,
  11375,
  12085,
  14706,
  11548,
  10229,
  8984,
  8819,
  11062,
  11215,
  11099,
  11475,
  7260,
  12961,
  7461,
  8340,
  9699,
  8052,
  9819,
  8227,
  9441,
  9285,
  9254,
  8775,
  7876,
  11156,
  0,
  8304,
  8949,
  8238,
  12578],
 [8078,
  7046,
  7859,
  5983,
  6197,
  5502,
  7216,
  5167,
  6167,
  6601,
  8509,
  7643,
  7951,
  4722,
  2521,
  545,
  5006,
  700,
  713,
  4994,
  503,
  4064,
  4503,
  2917,
  2323,
  1962,
  666,
  1509,
  2794,
  7586,
  8296,
  7210,
  7818,
  6440,
  6539,
  6374,
  7273,
  7426,
  7310,
  7686,
  4693,
  7751,
  4846,
  4551,
  5910,
  252,
  2305,
  684,
  5652,
  1011,
  1740,
  303,
  678,
  7788,
  3977,
  0,
  5160,
  5793,
  8789],
 [4599,
  1906,
  2719,
  3398,
  3733,
  2917,
  4145,
  2703,
  1027,
  1461,
  2938,
  3788,
  2811,
  2987,
  6593,
  4320,
  4041,
  5035,
  4316,
  4029,
  5152,
  3099,
  2779,
  3849,
  4212,
  4573,
  4515,
  5600,
  6866,
  2446,
  3156,
  3964,
  3963,
  4984,
  4075,
  1234,
  2133,
  2286,
  2170,
  2546,
  3728,
  3493,
  3881,
  3586,
  3325,
  4629,
  6396,
  4804,
  3188,
  5862,
  5831,
  5352,
  4453,
  3571,
  4392,
  4881,
  0,
  3208,
  3649],
 [3112,
  3310,
  4123,
  624,
  2441,
  939,
  3460,
  1411,
  2431,
  2865,
  4962,
  4458,
  4865,
  1698,
  5324,
  3051,
  2772,
  3766,
  3047,
  2760,
  3883,
  1830,
  1510,
  2580,
  2943,
  3304,
  3246,
  4331,
  5597,
  5185,
  5037,
  3845,
  4633,
  2684,
  2783,
  2638,
  3537,
  3690,
  3574,
  3950,
  2459,
  4204,
  2612,
  2317,
  531,
  3360,
  5127,
  3535,
  1896,
  4593,
  4562,
  4083,
  3184,
  4241,
  3123,
  3612,
  1404,
  0,
  5053],
 [4130,
  898,
  2037,
  3219,
  3554,
  2738,
  3676,
  2524,
  848,
  1282,
  2469,
  3319,
  2342,
  2808,
  6414,
  4141,
  3862,
  4856,
  4137,
  3850,
  4973,
  2920,
  2600,
  3670,
  4033,
  4394,
  4336,
  5421,
  6687,
  1977,
  2687,
  3495,
  3494,
  4515,
  3896,
  1101,
  1664,
  1278,
  1567,
  1765,
  3549,
  3024,
  3702,
  3407,
  3146,
  4450,
  6217,
  4625,
  3009,
  5683,
  5652,
  5173,
  4274,
  3102,
  4213,
  4702,
  2517,
  3029,
  0]]
