[[0,
  766,
  201,
  4084,
  1072,
  585,
  2658,
  5783,
  492,
  4641,
  6067,
  1502,
  2709,
  364,
  6646,
  1352,
  5588,
  3059,
  1486,
  5247,
  816,
  2510,
  1530,
  4320,
  6155,
  5523],
 [766,
  0,
  1069,
  4437,
  1940,
  946,
  3526,
  6136,
  1360,
  4994,
  6420,
  2370,
  1657,
  520,
  6999,
  2220,
  5941,
  3412,
  322,
  5600,
  1684,
  3472,
  478,
  4673,
  6508,
  5876],
 [567,
  1592,
  0,
  4521,
  871,
  987,
  2499,
  6220,
  291,
  5078,
  6504,
  1565,
  3065,
  931,
  7083,
  1151,
  6025,
  3496,
  1842,
  5684,
  615,
  1569,
  1886,
  4757,
  6592,
  5960],
 [1979,
  2647,
  1968,
  0,
  2297,
  1598,
  2613,
  4774,
  2285,
  557,
  5058,
  2435,
  5603,
  2343,
  5637,
  2017,
  4579,
  2050,
  3253,
  4238,
  1886,
  2089,
  3297,
  3311,
  5146,
  4514],
 [1256,
  2442,
  1187,
  4177,
  0,
  1571,
  1193,
  5876,
  844,
  4734,
  6160,
  904,
  3343,
  1620,
  6739,
  280,
  5681,
  3152,
  2120,
  5340,
  445,
  698,
  2164,
  4413,
  6248,
  5616],
 [2500,
  3168,
  2489,
  3499,
  2742,
  0,
  3058,
  5198,
  2730,
  4056,
  5482,
  2880,
  6124,
  2864,
  6061,
  2462,
  5003,
  2474,
  3774,
  4662,
  2331,
  2534,
  3818,
  3735,
  5570,
  4938],
 [2566,
  3752,
  2497,
  4536,
  1111,
  2881,
  0,
  6235,
  2242,
  5093,
  6519,
  1228,
  4653,
  2930,
  7098,
  831,
  6040,
  3511,
  3430,
  5699,
  1843,
  413,
  3474,
  4772,
  6607,
  5975],
 [6008,
  6676,
  5997,
  4029,
  6326,
  5627,
  6642,
  0,
  6314,
  4586,
  1362,
  6464,
  9632,
  6372,
  1941,
  6046,
  503,
  3133,
  7282,
  1324,
  5915,
  6118,
  7326,
  2154,
  1733,
  694],
 [636,
  1402,
  543,
  4230,
  580,
  955,
  2208,
  5929,
  0,
  4787,
  6213,
  1274,
  3409,
  1000,
  6792,
  860,
  5734,
  3205,
  2186,
  5393,
  324,
  1278,
  2230,
  4466,
  6301,
  5669],
 [1422,
  2090,
  1411,
  4540,
  2282,
  1041,
  3868,
  6239,
  1702,
  0,
  6523,
  2712,
  5046,
  1786,
  7102,
  2562,
  6044,
  3515,
  2696,
  5703,
  2026,
  3720,
  2740,
  4776,
  6611,
  5979],
 [5564,
  6232,
  5553,
  3585,
  5882,
  5183,
  6198,
  1510,
  5870,
  4142,
  0,
  6020,
  9188,
  5928,
  579,
  5602,
  1315,
  2689,
  6838,
  880,
  5471,
  5674,
  6882,
  1710,
  1008,
  1250],
 [1338,
  2524,
  1269,
  5152,
  1082,
  1653,
  1458,
  6851,
  1560,
  5709,
  7135,
  0,
  3425,
  1702,
  7714,
  1362,
  6656,
  4127,
  2202,
  6315,
  1078,
  1310,
  2246,
  5388,
  7223,
  6591],
 [2563,
  1379,
  2494,
  5686,
  3051,
  2195,
  4391,
  7385,
  2785,
  6243,
  7669,
  3235,
  0,
  1873,
  8248,
  3331,
  7190,
  4661,
  1057,
  6849,
  3047,
  4243,
  1011,
  5922,
  7757,
  7125],
 [364,
  520,
  565,
  4931,
  1436,
  949,
  3022,
  6630,
  856,
  5488,
  6914,
  1866,
  2122,
  0,
  7493,
  1716,
  6435,
  3906,
  816,
  6094,
  1180,
  2874,
  943,
  5167,
  7002,
  6370],
 [4985,
  5653,
  4974,
  3006,
  5303,
  4604,
  5619,
  2603,
  5291,
  3563,
  2887,
  5441,
  8609,
  5349,
  0,
  5023,
  2408,
  2110,
  6259,
  301,
  4892,
  5095,
  6303,
  1131,
  2975,
  2343],
 [1536,
  2722,
  1467,
  3967,
  280,
  1851,
  913,
  5666,
  1124,
  4524,
  5950,
  624,
  3623,
  1900,
  6529,
  0,
  5471,
  2942,
  2400,
  5130,
  725,
  418,
  2444,
  4203,
  6038,
  5406],
 [5505,
  6173,
  5494,
  3526,
  5823,
  5124,
  6139,
  451,
  5811,
  4083,
  1813,
  5961,
  9129,
  5869,
  1565,
  5543,
  0,
  2630,
  6779,
  821,
  5412,
  5615,
  6823,
  1651,
  1732,
  191],
 [5233,
  5901,
  5222,
  3254,
  5551,
  4852,
  5867,
  2733,
  5539,
  3811,
  3017,
  5689,
  8857,
  5597,
  3596,
  5271,
  2538,
  0,
  6507,
  2197,
  5140,
  5343,
  6551,
  1270,
  3105,
  2473],
 [1062,
  322,
  1663,
  4629,
  2220,
  1138,
  3560,
  6328,
  1954,
  5186,
  6612,
  2404,
  1335,
  816,
  7191,
  2500,
  6133,
  3604,
  0,
  5792,
  2216,
  3412,
  156,
  4865,
  6700,
  6068],
 [4684,
  5352,
  4673,
  2705,
  5002,
  4303,
  5318,
  2302,
  4990,
  3262,
  2586,
  5140,
  8308,
  5048,
  3165,
  4722,
  2107,
  1809,
  5958,
  0,
  4591,
  4794,
  6002,
  830,
  2674,
  2042],
 [753,
  1519,
  660,
  4571,
  729,
  1072,
  2357,
  6270,
  399,
  5128,
  6554,
  2044,
  3251,
  1117,
  7133,
  1009,
  6075,
  3546,
  2028,
  5734,
  0,
  1427,
  2072,
  4807,
  6642,
  6010],
 [2365,
  3551,
  2296,
  4470,
  698,
  2680,
  495,
  6169,
  1542,
  5027,
  6453,
  1027,
  4452,
  2729,
  7032,
  418,
  5974,
  3445,
  3229,
  5633,
  1143,
  0,
  3273,
  4706,
  6541,
  5909],
 [1724,
  540,
  1655,
  4847,
  2212,
  1356,
  3552,
  6546,
  1946,
  5404,
  6830,
  2396,
  1179,
  1034,
  7409,
  2492,
  6351,
  3822,
  218,
  6010,
  2208,
  3404,
  0,
  5083,
  6918,
  6286],
 [5620,
  6288,
  5609,
  3641,
  5938,
  5239,
  6254,
  1472,
  5926,
  4198,
  1756,
  6076,
  9244,
  5984,
  2335,
  5658,
  1277,
  2745,
  6894,
  936,
  5527,
  5730,
  6938,
  0,
  1844,
  1212],
 [6307,
  6975,
  6296,
  4328,
  6625,
  5926,
  6941,
  566,
  6613,
  4885,
  1746,
  6763,
  9931,
  6671,
  2325,
  6345,
  802,
  3432,
  7581,
  1623,
  6214,
  6417,
  7625,
  2453,
  0,
  993],
 [5607,
  6275,
  5596,
  3628,
  5925,
  5226,
  6241,
  529,
  5913,
  4185,
  1891,
  6063,
  9231,
  5971,
  2470,
  5645,
  334,
  2732,
  6881,
  923,
  5514,
  5717,
  6925,
  1327,
  2262,
  0]]
