[[0,
  1489,
  3110,
  732,
  2317,
  2340,
  1967,
  2607,
  2622,
  1263,
  2398,
  2112,
  718,
  1734,
  583,
  2156,
  2951,
  3126,
  2552,
  2774,
  2509,
  1296,
  3606,
  2434,
  2912,
  2963,
  1104,
  3803,
  2498,
  1639,
  2659,
  1921,
  1029,
  1243,
  3088,
  2018,
  3118,
  1869,
  2471,
  3088,
  1840,
  3218,
  2378,
  2507,
  2350,
  1683,
  3469,
  2922,
  1383,
  2130,
  1695,
  2943,
  2642,
  1780,
  1275,
  2438,
  5717,
  2100,
  907,
  2184,
  3076,
  1654,
  1220,
  761,
  1695,
  3710,
  2139,
  1763,
  383,
  2307,
  1934],
 [1515,
  0,
  1621,
  2448,
  3761,
  3784,
  3854,
  4051,
  4118,
  2707,
  909,
  3556,
  1016,
  3282,
  1085,
  3600,
  1462,
  1637,
  4016,
  1285,
  4140,
  409,
  2117,
  2845,
  1423,
  3805,
  1515,
  4482,
  1415,
  2050,
  2913,
  2763,
  1871,
  1152,
  1599,
  2429,
  3529,
  786,
  3313,
  3930,
  2251,
  3897,
  3611,
  2918,
  1364,
  583,
  1980,
  4366,
  2232,
  304,
  2740,
  1454,
  3053,
  2191,
  2117,
  1143,
  7161,
  611,
  811,
  2595,
  1587,
  3202,
  1129,
  2276,
  3139,
  2221,
  3583,
  2605,
  1898,
  481,
  2606],
 [3138,
  1623,
  0,
  4071,
  5384,
  5407,
  5138,
  5674,
  5741,
  4330,
  1025,
  5179,
  2639,
  4905,
  2708,
  5223,
  1187,
  166,
  5639,
  1010,
  5763,
  2032,
  1842,
  4468,
  1078,
  5428,
  3138,
  6105,
  2223,
  3673,
  4536,
  4386,
  3494,
  2775,
  1254,
  4052,
  5152,
  1678,
  4936,
  5553,
  3874,
  5520,
  5234,
  4541,
  2323,
  2206,
  509,
  5989,
  3855,
  1529,
  4160,
  1179,
  4676,
  3814,
  3740,
  2102,
  8784,
  2137,
  2434,
  4218,
  529,
  4825,
  2752,
  3899,
  4762,
  1163,
  5206,
  4228,
  3521,
  1440,
  4229],
 [1613,
  2958,
  4274,
  0,
  1990,
  2013,
  1235,
  2194,
  1922,
  1568,
  3840,
  1794,
  2137,
  1002,
  2002,
  1829,
  4393,
  4290,
  1820,
  4216,
  1777,
  2738,
  5048,
  2004,
  4076,
  2854,
  1555,
  3006,
  3262,
  1209,
  1862,
  1124,
  1005,
  2007,
  4252,
  1588,
  2053,
  2633,
  2362,
  2540,
  1410,
  2421,
  1646,
  2442,
  3114,
  2447,
  4633,
  2509,
  1922,
  2894,
  1821,
  4385,
  2212,
  1350,
  1625,
  3202,
  5304,
  3542,
  2349,
  2119,
  4240,
  922,
  1984,
  1798,
  1918,
  4874,
  1812,
  1654,
  1420,
  3071,
  1825],
 [2429,
  3724,
  5345,
  1891,
  0,
  668,
  1531,
  442,
  950,
  1105,
  4633,
  732,
  2953,
  1247,
  2818,
  765,
  5186,
  5361,
  899,
  5009,
  855,
  3531,
  5841,
  3474,
  5147,
  3245,
  2866,
  3899,
  4573,
  2520,
  2755,
  2017,
  2316,
  3318,
  5323,
  2899,
  2946,
  3944,
  2560,
  2160,
  2721,
  3314,
  2233,
  3335,
  4425,
  3758,
  5704,
  1153,
  2815,
  4205,
  2714,
  5178,
  3523,
  2661,
  2518,
  4513,
  3948,
  4335,
  3142,
  3012,
  5311,
  1619,
  3295,
  2063,
  1455,
  5945,
  357,
  2547,
  2387,
  4382,
  2718],
 [2466,
  4022,
  5338,
  2363,
  974,
  0,
  863,
  635,
  282,
  1142,
  4904,
  769,
  2990,
  1366,
  2855,
  238,
  5457,
  5354,
  231,
  5280,
  187,
  3802,
  6112,
  2806,
  5140,
  2577,
  2606,
  3231,
  4326,
  2260,
  2087,
  1349,
  2069,
  3071,
  5316,
  2639,
  2278,
  3697,
  1892,
  1492,
  2461,
  2646,
  1565,
  2667,
  4178,
  3511,
  5697,
  950,
  2147,
  3958,
  2046,
  5449,
  3014,
  2401,
  1850,
  4266,
  3745,
  4606,
  3413,
  2344,
  5304,
  951,
  3048,
  2100,
  1492,
  5938,
  796,
  1879,
  2815,
  4135,
  2050],
 [1663,
  3159,
  4475,
  1500,
  1491,
  1514,
  0,
  1781,
  1289,
  1069,
  4041,
  1295,
  2187,
  503,
  2052,
  1330,
  4594,
  4491,
  1187,
  4417,
  1311,
  2939,
  5249,
  1943,
  4277,
  2216,
  1743,
  2368,
  3463,
  1397,
  1224,
  486,
  1206,
  2208,
  4453,
  1776,
  1415,
  2834,
  1724,
  1691,
  1598,
  1783,
  797,
  1804,
  3315,
  2648,
  4834,
  2096,
  1284,
  3095,
  1183,
  4586,
  2151,
  1538,
  987,
  3403,
  4891,
  3743,
  2550,
  1481,
  4441,
  227,
  2185,
  1297,
  1419,
  5075,
  1313,
  1016,
  1952,
  3272,
  1187],
 [2656,
  3951,
  5572,
  2118,
  538,
  588,
  1451,
  0,
  870,
  1332,
  4860,
  959,
  3180,
  1474,
  3045,
  1025,
  5413,
  5588,
  819,
  5236,
  775,
  3758,
  6068,
  3542,
  5374,
  3165,
  3093,
  3819,
  4800,
  2747,
  2675,
  1937,
  2543,
  3545,
  5550,
  3126,
  2866,
  4171,
  2480,
  2080,
  2948,
  3234,
  2153,
  3255,
  4652,
  3985,
  5931,
  1073,
  2735,
  4432,
  2634,
  5405,
  3750,
  2888,
  2438,
  4740,
  3868,
  4562,
  3369,
  2932,
  5538,
  1539,
  3522,
  2290,
  1682,
  6172,
  582,
  2467,
  2614,
  4609,
  2638],
 [2244,
  3740,
  5056,
  2081,
  1289,
  516,
  581,
  909,
  0,
  1179,
  4622,
  1084,
  2768,
  1084,
  2633,
  1128,
  5175,
  5072,
  456,
  4998,
  549,
  3520,
  5830,
  2524,
  4858,
  3048,
  2324,
  2949,
  4044,
  1978,
  1805,
  1067,
  1787,
  2789,
  5034,
  2357,
  1996,
  3415,
  2305,
  1963,
  2179,
  2364,
  1069,
  2385,
  3896,
  3229,
  5415,
  1224,
  1865,
  3676,
  1764,
  5167,
  2732,
  2119,
  1568,
  3984,
  4019,
  4324,
  3131,
  2062,
  5022,
  669,
  2766,
  1878,
  1529,
  5656,
  1111,
  1597,
  2533,
  3853,
  1768],
 [1324,
  2619,
  4240,
  786,
  1054,
  1077,
  1022,
  1344,
  1359,
  0,
  3528,
  849,
  1848,
  344,
  1713,
  893,
  4081,
  4256,
  1308,
  3904,
  1264,
  2426,
  4736,
  2210,
  4042,
  3489,
  1761,
  3390,
  3468,
  1415,
  2246,
  1508,
  1211,
  2213,
  4218,
  1794,
  2437,
  2839,
  2587,
  2404,
  1616,
  2805,
  1510,
  2283,
  3320,
  2653,
  4599,
  1659,
  1641,
  3100,
  2105,
  4073,
  2418,
  1556,
  1391,
  3408,
  4454,
  3230,
  2037,
  1960,
  4206,
  1110,
  2190,
  958,
  350,
  4840,
  876,
  2038,
  1282,
  3277,
  1971],
 [2429,
  914,
  1028,
  3090,
  4675,
  4698,
  4325,
  4965,
  5032,
  3621,
  0,
  4470,
  1930,
  4092,
  1999,
  4514,
  553,
  1044,
  4930,
  376,
  5054,
  1323,
  1208,
  3759,
  669,
  4719,
  2429,
  5396,
  2329,
  2964,
  3827,
  3677,
  2785,
  2066,
  845,
  3343,
  4443,
  1700,
  4227,
  4844,
  3165,
  4811,
  4525,
  3832,
  1914,
  1497,
  1387,
  5280,
  3146,
  1120,
  3451,
  545,
  3967,
  3105,
  3031,
  1693,
  8075,
  1428,
  1725,
  3509,
  994,
  4012,
  2043,
  3190,
  4053,
  1628,
  4497,
  3519,
  2812,
  1031,
  3520],
 [1697,
  2992,
  4613,
  1159,
  815,
  838,
  769,
  1105,
  1120,
  373,
  3901,
  0,
  2221,
  515,
  2086,
  654,
  4454,
  4629,
  1069,
  4277,
  1025,
  2799,
  5109,
  2583,
  4415,
  3236,
  2134,
  3137,
  3841,
  1788,
  1993,
  1255,
  1584,
  2586,
  4591,
  2167,
  2184,
  3212,
  2493,
  2151,
  1989,
  2552,
  1257,
  2656,
  3693,
  3026,
  4972,
  1420,
  2014,
  3473,
  1952,
  4446,
  2791,
  1929,
  1764,
  3781,
  4215,
  3603,
  2410,
  2333,
  4579,
  857,
  2563,
  1331,
  723,
  5213,
  637,
  1785,
  1655,
  3650,
  2344],
 [736,
  771,
  2392,
  1468,
  3053,
  3076,
  2703,
  3343,
  3358,
  1999,
  1680,
  2848,
  0,
  2470,
  306,
  2892,
  2233,
  2408,
  3288,
  2056,
  3245,
  578,
  2888,
  3166,
  2194,
  3699,
  1836,
  4803,
  1736,
  2371,
  3234,
  2657,
  1765,
  1473,
  2370,
  2750,
  3850,
  1107,
  3207,
  3824,
  2572,
  4218,
  2960,
  3239,
  1588,
  904,
  2751,
  3658,
  2119,
  1368,
  2431,
  2225,
  3374,
  2512,
  2011,
  1676,
  6453,
  1382,
  189,
  2916,
  2358,
  2390,
  1450,
  1497,
  2431,
  2992,
  2875,
  2499,
  1119,
  1545,
  2927],
 [1890,
  3185,
  4806,
  1352,
  988,
  1011,
  693,
  1278,
  1293,
  566,
  4094,
  792,
  2414,
  0,
  2279,
  827,
  4647,
  4822,
  1242,
  4470,
  1198,
  2992,
  5302,
  2636,
  4608,
  3160,
  2327,
  3061,
  4034,
  1981,
  1917,
  1179,
  1777,
  2779,
  4784,
  2360,
  2108,
  3405,
  2417,
  2075,
  2182,
  2476,
  1181,
  2497,
  3886,
  3219,
  5165,
  1593,
  1977,
  3666,
  1876,
  4639,
  2844,
  2122,
  1680,
  3974,
  4388,
  3796,
  2603,
  2174,
  4772,
  781,
  2756,
  1524,
  916,
  5406,
  810,
  1709,
  1848,
  3843,
  1880],
 [544,
  906,
  2527,
  1276,
  2861,
  2884,
  2511,
  3151,
  3166,
  1807,
  1815,
  2656,
  135,
  2278,
  0,
  2700,
  2368,
  2543,
  3096,
  2191,
  3071,
  713,
  3023,
  2604,
  2329,
  3507,
  1971,
  4241,
  1871,
  1809,
  2672,
  2465,
  1573,
  1608,
  2505,
  2188,
  3288,
  1242,
  3015,
  3632,
  2010,
  3656,
  2768,
  2677,
  1723,
  1039,
  2886,
  3466,
  1927,
  1503,
  2239,
  2360,
  2812,
  1950,
  1819,
  1811,
  6261,
  1517,
  324,
  2354,
  2493,
  2198,
  1585,
  1305,
  2239,
  3127,
  2683,
  2307,
  927,
  1680,
  2365],
 [2228,
  3523,
  5144,
  1690,
  736,
  184,
  1047,
  577,
  466,
  904,
  4432,
  531,
  2752,
  1550,
  2617,
  0,
  4985,
  5160,
  415,
  4808,
  371,
  3330,
  5640,
  2990,
  4946,
  2761,
  2790,
  3415,
  4510,
  2444,
  2271,
  1533,
  2253,
  3255,
  5122,
  2823,
  2462,
  3881,
  2076,
  1676,
  2645,
  2830,
  1535,
  2851,
  4362,
  3695,
  5503,
  892,
  2331,
  4142,
  2230,
  4977,
  3198,
  2585,
  2034,
  4450,
  3687,
  4134,
  2941,
  2528,
  5110,
  1135,
  3232,
  1862,
  1254,
  5744,
  558,
  2063,
  2186,
  4319,
  2234],
 [2982,
  1467,
  1209,
  3643,
  5228,
  5251,
  4878,
  5518,
  5533,
  4174,
  553,
  5023,
  2483,
  4645,
  2552,
  5067,
  0,
  1225,
  5483,
  177,
  5438,
  1876,
  655,
  4312,
  1222,
  5272,
  2982,
  5949,
  2882,
  3517,
  4380,
  4230,
  3338,
  2619,
  1398,
  3896,
  4996,
  2253,
  4780,
  5397,
  3718,
  5364,
  5078,
  4385,
  2467,
  2050,
  1568,
  5833,
  3699,
  1673,
  4004,
  8,
  4520,
  3658,
  3584,
  2246,
  8628,
  1981,
  2278,
  4062,
  1547,
  4994,
  2596,
  3743,
  4606,
  2181,
  5050,
  4072,
  3365,
  1584,
  4073],
 [3154,
  1639,
  166,
  3815,
  5400,
  5423,
  5368,
  5690,
  5705,
  4346,
  1041,
  5195,
  2655,
  4614,
  2724,
  5239,
  1203,
  0,
  5654,
  1026,
  5610,
  2048,
  1858,
  4484,
  1094,
  5444,
  3154,
  6121,
  2239,
  3689,
  4552,
  4402,
  3510,
  2791,
  1270,
  4068,
  5168,
  1694,
  4952,
  5569,
  3890,
  5536,
  5250,
  4557,
  2339,
  2222,
  459,
  6005,
  3871,
  1545,
  4176,
  1195,
  4692,
  3830,
  3756,
  2118,
  8800,
  2153,
  2450,
  4234,
  363,
  5166,
  2768,
  3915,
  4778,
  997,
  5222,
  4244,
  3537,
  1456,
  4245],
 [2346,
  3842,
  5158,
  1808,
  1391,
  618,
  683,
  1011,
  102,
  1281,
  4724,
  1186,
  2870,
  1186,
  2735,
  1230,
  5277,
  5174,
  0,
  5100,
  651,
  3622,
  5932,
  2626,
  4960,
  3150,
  2426,
  3051,
  4146,
  2080,
  1907,
  1169,
  1889,
  2891,
  5136,
  2459,
  2098,
  3517,
  2407,
  2065,
  2281,
  2466,
  1171,
  2487,
  3998,
  3331,
  5517,
  1326,
  1967,
  3778,
  1866,
  5269,
  2834,
  2221,
  1670,
  4086,
  4121,
  4426,
  3233,
  2164,
  5124,
  771,
  2868,
  1980,
  1631,
  5758,
  1213,
  1699,
  2635,
  3955,
  1870],
 [2805,
  1290,
  1032,
  3466,
  5051,
  5074,
  5019,
  5341,
  5356,
  3997,
  376,
  4846,
  2306,
  4265,
  2375,
  4890,
  177,
  1048,
  5305,
  0,
  5261,
  1699,
  832,
  4135,
  1045,
  5095,
  2805,
  5772,
  2705,
  3340,
  4203,
  4053,
  3161,
  2442,
  1221,
  3719,
  4819,
  2076,
  4603,
  5220,
  3541,
  5187,
  4901,
  4208,
  2290,
  1873,
  1391,
  5656,
  3522,
  1496,
  3827,
  169,
  4343,
  3481,
  3407,
  2069,
  8451,
  1804,
  2101,
  3885,
  1370,
  4817,
  2419,
  3566,
  4429,
  2004,
  4873,
  3895,
  3188,
  1407,
  3896],
 [2619,
  3914,
  5399,
  2081,
  1127,
  294,
  924,
  601,
  343,
  1295,
  4823,
  922,
  3143,
  1427,
  3008,
  391,
  5376,
  5415,
  292,
  5199,
  0,
  3721,
  6031,
  2867,
  5201,
  2638,
  2667,
  3292,
  4387,
  2321,
  2148,
  1410,
  2130,
  3132,
  5377,
  2700,
  2339,
  3758,
  1953,
  1553,
  2522,
  2707,
  1412,
  2728,
  4239,
  3572,
  5758,
  916,
  2208,
  4019,
  2107,
  5368,
  3075,
  2462,
  1911,
  4327,
  3711,
  4525,
  3332,
  2405,
  5365,
  1012,
  3109,
  2253,
  1645,
  5999,
  949,
  1940,
  2876,
  4196,
  2111],
 [1390,
  325,
  1946,
  2051,
  3636,
  3659,
  3604,
  3926,
  3941,
  2582,
  1234,
  3431,
  891,
  2850,
  960,
  3475,
  1787,
  1962,
  3890,
  1610,
  3846,
  0,
  2442,
  2720,
  1748,
  3680,
  1390,
  4357,
  1290,
  1925,
  2788,
  2638,
  1746,
  1027,
  1924,
  2304,
  3404,
  661,
  3188,
  3805,
  2126,
  3772,
  3486,
  2793,
  1142,
  458,
  2305,
  4241,
  2107,
  922,
  2412,
  1779,
  2928,
  2066,
  1992,
  1230,
  7036,
  936,
  686,
  2470,
  1912,
  3402,
  1004,
  2151,
  3014,
  2546,
  3458,
  2480,
  1773,
  1099,
  2481],
 [3637,
  2122,
  1777,
  4298,
  5883,
  5906,
  5851,
  6173,
  6188,
  4829,
  1208,
  5678,
  3138,
  5097,
  3207,
  5722,
  655,
  1793,
  6137,
  832,
  6093,
  2531,
  0,
  4967,
  1877,
  5927,
  3637,
  6604,
  3537,
  4172,
  5035,
  4885,
  3993,
  3274,
  2053,
  4551,
  5651,
  2908,
  5435,
  6052,
  4373,
  6019,
  5733,
  5040,
  3122,
  2705,
  2136,
  6488,
  4354,
  2328,
  4659,
  663,
  5175,
  4313,
  4239,
  2901,
  9283,
  2636,
  2933,
  4717,
  2202,
  5649,
  3251,
  4398,
  5261,
  2836,
  5705,
  4727,
  4020,
  2239,
  4728],
 [2024,
  2811,
  4127,
  1379,
  3041,
  3064,
  2529,
  3232,
  2793,
  1987,
  3693,
  2836,
  2548,
  2098,
  2413,
  2880,
  4246,
  4143,
  2691,
  4069,
  2815,
  2591,
  4901,
  0,
  3929,
  2375,
  1353,
  2299,
  3115,
  655,
  730,
  1701,
  1065,
  1860,
  4105,
  1034,
  1346,
  2486,
  1883,
  2500,
  1138,
  1714,
  2286,
  502,
  2967,
  2300,
  4486,
  3646,
  1163,
  2747,
  884,
  4238,
  208,
  500,
  1055,
  3055,
  6441,
  3395,
  2202,
  504,
  4093,
  1859,
  1837,
  1814,
  2419,
  4727,
  2863,
  991,
  1831,
  2924,
  750],
 [2008,
  577,
  1544,
  2485,
  4070,
  4093,
  4038,
  4360,
  4375,
  3016,
  1250,
  3865,
  1509,
  3284,
  1578,
  3909,
  1803,
  1560,
  4324,
  1626,
  4280,
  1871,
  2458,
  3154,
  0,
  4114,
  1824,
  4791,
  1145,
  2359,
  3222,
  3072,
  2180,
  1493,
  176,
  2738,
  3838,
  600,
  3622,
  4239,
  2560,
  4206,
  3920,
  3227,
  1245,
  1076,
  1903,
  4675,
  2541,
  451,
  2846,
  1795,
  3362,
  2500,
  2426,
  1024,
  7470,
  1976,
  1304,
  2904,
  1510,
  3836,
  1438,
  2713,
  3448,
  2144,
  3892,
  2914,
  2335,
  362,
  2915],
 [1889,
  3184,
  5214,
  1351,
  1717,
  1740,
  1160,
  1863,
  1424,
  1295,
  4093,
  1521,
  2413,
  729,
  2278,
  1556,
  4646,
  5230,
  1322,
  4469,
  1446,
  2991,
  5301,
  2682,
  5016,
  0,
  2482,
  2793,
  4202,
  2136,
  1963,
  1225,
  1945,
  2947,
  5192,
  2515,
  2154,
  3573,
  2211,
  1811,
  2337,
  2522,
  917,
  2543,
  4054,
  3387,
  5573,
  2178,
  2023,
  3834,
  1922,
  4638,
  2890,
  2277,
  1726,
  4142,
  4973,
  3795,
  2602,
  2220,
  5180,
  490,
  2924,
  1523,
  1645,
  5814,
  1539,
  1755,
  1900,
  4011,
  1926],
 [1001,
  1458,
  2774,
  958,
  2543,
  2566,
  2511,
  2833,
  2848,
  1489,
  2340,
  2338,
  1054,
  1757,
  1123,
  2382,
  2893,
  2790,
  2797,
  2716,
  2753,
  1238,
  3548,
  1844,
  2576,
  2587,
  0,
  3427,
  1762,
  1049,
  2283,
  1545,
  653,
  507,
  2752,
  1428,
  2474,
  1133,
  2095,
  2712,
  1250,
  2842,
  2386,
  1917,
  1614,
  947,
  3133,
  3148,
  1007,
  1394,
  1319,
  2885,
  2052,
  1190,
  899,
  1702,
  5943,
  2042,
  849,
  1594,
  2740,
  2302,
  484,
  1186,
  1921,
  3374,
  2365,
  1387,
  808,
  1571,
  1558],
 [2911,
  3698,
  5014,
  2266,
  2792,
  2815,
  2235,
  2938,
  2499,
  2370,
  4580,
  2596,
  3435,
  1804,
  3300,
  2631,
  5133,
  5030,
  2397,
  4956,
  2521,
  3478,
  5788,
  1633,
  4816,
  2081,
  2240,
  0,
  4002,
  1850,
  914,
  1188,
  1952,
  2747,
  4992,
  2229,
  305,
  3373,
  1589,
  2206,
  2342,
  701,
  1992,
  1494,
  3854,
  3187,
  5373,
  3253,
  1960,
  3634,
  1579,
  5125,
  1841,
  1704,
  1942,
  3942,
  6048,
  4282,
  3089,
  1171,
  4980,
  1565,
  2724,
  2611,
  2720,
  5614,
  2614,
  1480,
  2718,
  3811,
  1445],
 [2305,
  921,
  1929,
  2801,
  4386,
  4409,
  4354,
  4676,
  4691,
  3332,
  1635,
  4181,
  1806,
  3600,
  1875,
  4225,
  2188,
  1945,
  4640,
  2011,
  4596,
  1990,
  2843,
  3470,
  1731,
  4430,
  2140,
  5107,
  0,
  2675,
  3538,
  3388,
  2496,
  1809,
  1907,
  3054,
  4154,
  944,
  3938,
  4555,
  2876,
  4522,
  4236,
  3543,
  671,
  1373,
  2288,
  4991,
  2857,
  795,
  3162,
  2180,
  3678,
  2816,
  2742,
  450,
  7786,
  2361,
  1601,
  3220,
  1895,
  4152,
  1754,
  3029,
  3764,
  2529,
  4208,
  3230,
  2651,
  458,
  3231],
 [1413,
  2200,
  3516,
  768,
  2430,
  2453,
  2174,
  2720,
  2735,
  1376,
  3082,
  2225,
  1937,
  1644,
  1802,
  2269,
  3635,
  3532,
  2336,
  3458,
  2640,
  1980,
  4290,
  809,
  3318,
  2132,
  742,
  2758,
  2504,
  0,
  1189,
  1090,
  454,
  1249,
  3494,
  379,
  1805,
  1875,
  1640,
  2257,
  527,
  2173,
  1931,
  913,
  2356,
  1689,
  3875,
  3035,
  552,
  2136,
  1016,
  3627,
  1017,
  155,
  444,
  2444,
  5830,
  2784,
  1591,
  871,
  3482,
  1847,
  1226,
  1203,
  1808,
  4116,
  2252,
  932,
  1220,
  2313,
  882],
 [1997,
  2784,
  4100,
  1352,
  3014,
  3037,
  2362,
  3304,
  2626,
  1960,
  3666,
  2809,
  2521,
  1931,
  2386,
  2853,
  4219,
  4116,
  2524,
  4042,
  2648,
  2564,
  4874,
  719,
  3902,
  2716,
  1326,
  2132,
  3088,
  936,
  0,
  1674,
  1038,
  1833,
  4078,
  1315,
  1179,
  2459,
  2224,
  2841,
  1428,
  1547,
  2119,
  580,
  2940,
  2273,
  4459,
  3619,
  1136,
  2720,
  665,
  4211,
  927,
  790,
  1028,
  3028,
  6414,
  3368,
  2175,
  257,
  4066,
  1692,
  1810,
  1787,
  2392,
  4700,
  2836,
  772,
  1804,
  2897,
  531],
 [2562,
  3522,
  4838,
  1917,
  2533,
  2556,
  1976,
  2679,
  2240,
  2111,
  4404,
  2337,
  3086,
  1545,
  2951,
  2372,
  4957,
  4854,
  2138,
  4780,
  2262,
  3302,
  5612,
  1457,
  4640,
  1822,
  2064,
  1882,
  3826,
  1674,
  738,
  0,
  1623,
  2571,
  4816,
  2053,
  929,
  3197,
  1330,
  1947,
  2015,
  1297,
  1733,
  1318,
  3678,
  3011,
  5197,
  2994,
  1701,
  3458,
  1403,
  4949,
  1665,
  1528,
  1766,
  3766,
  5789,
  4106,
  2913,
  995,
  4804,
  1306,
  2548,
  2352,
  2461,
  5438,
  2355,
  1221,
  2369,
  3635,
  1269],
 [1215,
  2033,
  3349,
  570,
  2232,
  2255,
  1976,
  2522,
  2537,
  1178,
  2915,
  2027,
  1739,
  1446,
  1604,
  2071,
  3468,
  3365,
  2138,
  3291,
  2442,
  1813,
  4123,
  1191,
  3151,
  1934,
  742,
  2774,
  2337,
  396,
  1630,
  892,
  0,
  1082,
  3327,
  775,
  1821,
  1708,
  1442,
  2059,
  597,
  2189,
  1733,
  1264,
  2189,
  1522,
  3708,
  2837,
  354,
  1969,
  666,
  3460,
  1399,
  537,
  246,
  2277,
  5632,
  2617,
  1424,
  941,
  3315,
  1649,
  1059,
  1005,
  1610,
  3949,
  2054,
  734,
  1022,
  2146,
  905],
 [1372,
  951,
  2267,
  1668,
  3253,
  3276,
  3221,
  3543,
  3558,
  2199,
  1973,
  3048,
  873,
  2467,
  942,
  3092,
  2526,
  2283,
  3507,
  2349,
  3463,
  1057,
  3181,
  2337,
  2069,
  3297,
  1007,
  3974,
  1255,
  1542,
  2405,
  2255,
  1363,
  0,
  2245,
  1921,
  3021,
  626,
  2805,
  3422,
  1743,
  3389,
  3103,
  2410,
  1107,
  440,
  2626,
  3858,
  1724,
  887,
  2029,
  2518,
  2545,
  1683,
  1609,
  1195,
  6653,
  1861,
  668,
  2087,
  2233,
  3019,
  621,
  1896,
  2631,
  2867,
  3075,
  2097,
  1518,
  1064,
  2098],
 [1832,
  401,
  1368,
  2309,
  3894,
  3917,
  3862,
  4184,
  4199,
  2840,
  1074,
  3689,
  1333,
  3108,
  1402,
  3733,
  1627,
  1384,
  4148,
  1450,
  4104,
  1695,
  2282,
  2978,
  1170,
  3938,
  1648,
  4615,
  969,
  2183,
  3046,
  2896,
  2004,
  1317,
  0,
  2562,
  3662,
  424,
  3446,
  4063,
  2384,
  4030,
  3744,
  3051,
  1069,
  900,
  1727,
  4499,
  2365,
  275,
  2670,
  1619,
  3186,
  2324,
  2250,
  848,
  7294,
  1800,
  1128,
  2728,
  1334,
  3660,
  1262,
  2537,
  3272,
  1968,
  3716,
  2738,
  2159,
  186,
  2739],
 [1792,
  2579,
  3895,
  1147,
  2809,
  2832,
  2553,
  3099,
  3114,
  1755,
  3461,
  2604,
  2316,
  2023,
  2181,
  2648,
  4014,
  3911,
  2715,
  3837,
  3019,
  2359,
  4669,
  1188,
  3697,
  2511,
  1121,
  3137,
  2883,
  379,
  1568,
  1469,
  833,
  1628,
  3873,
  0,
  2184,
  2254,
  2019,
  2636,
  906,
  2552,
  2310,
  1292,
  2735,
  2068,
  4254,
  3414,
  931,
  2515,
  1243,
  4006,
  1396,
  534,
  823,
  2823,
  6209,
  3163,
  1970,
  1250,
  3861,
  2226,
  1605,
  1582,
  2187,
  4495,
  2631,
  1311,
  1599,
  2692,
  1261],
 [2516,
  3393,
  4709,
  1871,
  2487,
  2510,
  1930,
  2633,
  2194,
  2065,
  4275,
  2291,
  3040,
  1499,
  2905,
  2326,
  4828,
  4725,
  2092,
  4651,
  2216,
  3173,
  5483,
  1328,
  4511,
  1776,
  1935,
  2210,
  3697,
  1545,
  609,
  883,
  1647,
  2442,
  4687,
  1924,
  0,
  3068,
  1284,
  1901,
  2037,
  1625,
  1687,
  1189,
  3549,
  2882,
  5068,
  2948,
  1655,
  3329,
  1274,
  4820,
  1536,
  1399,
  1637,
  3637,
  5743,
  3977,
  2784,
  866,
  4675,
  1260,
  2419,
  2306,
  2415,
  5309,
  2309,
  1175,
  2323,
  3506,
  1140],
 [1558,
  325,
  1641,
  2035,
  3620,
  3643,
  3588,
  3910,
  3925,
  2566,
  1347,
  3415,
  1059,
  2834,
  1128,
  3459,
  1900,
  1657,
  3874,
  1723,
  3830,
  1968,
  2555,
  2704,
  1443,
  3664,
  1374,
  4341,
  967,
  1909,
  2772,
  2622,
  1730,
  1043,
  1619,
  2288,
  3388,
  0,
  3172,
  3789,
  2110,
  3756,
  3470,
  2777,
  1321,
  626,
  2000,
  4225,
  2091,
  261,
  2396,
  1892,
  2912,
  2050,
  1976,
  1100,
  7020,
  2073,
  854,
  2454,
  1607,
  3386,
  988,
  2263,
  2998,
  2241,
  3442,
  2464,
  1885,
  438,
  2465],
 [2555,
  3569,
  4885,
  1910,
  2625,
  2010,
  2068,
  2317,
  1808,
  2203,
  4451,
  2638,
  3079,
  1637,
  2944,
  2107,
  5004,
  4901,
  1706,
  4827,
  1900,
  3349,
  5659,
  2602,
  4687,
  908,
  2153,
  2205,
  3873,
  1807,
  1660,
  922,
  1616,
  2618,
  4863,
  2186,
  1851,
  3244,
  0,
  617,
  2008,
  2219,
  1438,
  2240,
  3725,
  3058,
  5244,
  2632,
  1694,
  3505,
  1451,
  4996,
  2810,
  1948,
  1397,
  3813,
  5427,
  4153,
  2960,
  1917,
  4851,
  1398,
  2595,
  2345,
  2553,
  5485,
  2447,
  1214,
  2362,
  3682,
  1317],
 [2732,
  3746,
  5062,
  2087,
  2691,
  2207,
  2134,
  2514,
  2005,
  2269,
  4628,
  2495,
  3256,
  1703,
  3121,
  2304,
  5181,
  5078,
  1903,
  5004,
  2097,
  3526,
  5836,
  2779,
  5088,
  1085,
  2330,
  2402,
  4050,
  1984,
  1837,
  1099,
  1793,
  2795,
  5264,
  2363,
  2028,
  3421,
  400,
  0,
  2185,
  2396,
  1635,
  2417,
  3902,
  3235,
  5421,
  2829,
  1871,
  3682,
  1628,
  5173,
  2987,
  2125,
  1574,
  3990,
  5624,
  4330,
  3137,
  2529,
  5028,
  1464,
  2772,
  2522,
  2619,
  5662,
  2513,
  1391,
  2539,
  3859,
  1494],
 [1821,
  2608,
  3924,
  1176,
  2838,
  2861,
  2582,
  3128,
  3143,
  1784,
  3490,
  2633,
  2345,
  2030,
  2210,
  2677,
  4043,
  3940,
  2744,
  3866,
  2868,
  2388,
  4698,
  806,
  3726,
  1952,
  1150,
  2231,
  2912,
  760,
  662,
  910,
  862,
  1657,
  3902,
  1139,
  1278,
  2283,
  1460,
  2077,
  0,
  1646,
  2339,
  667,
  2764,
  2097,
  4283,
  3443,
  960,
  2544,
  489,
  4035,
  1014,
  877,
  852,
  2852,
  6238,
  3192,
  1999,
  344,
  3890,
  1791,
  1634,
  1611,
  2216,
  4524,
  2660,
  596,
  1628,
  2721,
  355],
 [3406,
  4283,
  5599,
  2761,
  3377,
  3400,
  2820,
  3523,
  3084,
  2955,
  5165,
  3181,
  3930,
  2389,
  3795,
  3216,
  5718,
  5615,
  2982,
  5541,
  3106,
  4063,
  6373,
  2218,
  5401,
  2666,
  2825,
  585,
  4587,
  2435,
  1499,
  1773,
  2537,
  3332,
  5577,
  2814,
  890,
  3958,
  2174,
  2791,
  2927,
  0,
  2577,
  2079,
  4439,
  3772,
  5958,
  3838,
  2545,
  4219,
  2164,
  5710,
  2426,
  2289,
  2527,
  4527,
  6633,
  4867,
  3674,
  1756,
  5565,
  2150,
  3309,
  3196,
  3305,
  6199,
  3199,
  2065,
  3213,
  4396,
  2030],
 [2212,
  3708,
  5024,
  1674,
  1616,
  1304,
  908,
  1611,
  1339,
  1618,
  4590,
  1411,
  2736,
  1052,
  2601,
  1401,
  5143,
  5040,
  1237,
  4966,
  1194,
  3488,
  5798,
  2492,
  4826,
  2810,
  2292,
  2707,
  4012,
  1946,
  1773,
  1035,
  1755,
  2757,
  5002,
  2325,
  1964,
  3383,
  2125,
  1725,
  2147,
  2332,
  0,
  2353,
  3864,
  3197,
  5383,
  1926,
  1833,
  3644,
  1732,
  5135,
  2700,
  2087,
  1536,
  3952,
  4721,
  4292,
  3099,
  2030,
  4990,
  643,
  2734,
  1846,
  1968,
  5624,
  1438,
  1565,
  2501,
  3821,
  1736],
 [2163,
  2950,
  4266,
  1518,
  3180,
  3203,
  2924,
  3470,
  3485,
  2126,
  3832,
  2975,
  2687,
  2237,
  2552,
  3019,
  4385,
  4282,
  3086,
  4208,
  3210,
  2730,
  5040,
  139,
  4068,
  2882,
  1492,
  2438,
  3254,
  794,
  869,
  1840,
  1204,
  1999,
  4244,
  1173,
  1485,
  2625,
  2390,
  3007,
  1277,
  1853,
  2681,
  0,
  3106,
  2439,
  4625,
  3785,
  1302,
  2886,
  1023,
  4377,
  347,
  639,
  1194,
  3194,
  6580,
  3534,
  2341,
  643,
  4232,
  2597,
  1976,
  1953,
  2558,
  4866,
  3002,
  1130,
  1970,
  3063,
  889],
 [1634,
  803,
  2119,
  2130,
  3715,
  3738,
  3683,
  4005,
  4020,
  2661,
  1825,
  3510,
  1135,
  2929,
  1204,
  3554,
  2378,
  2135,
  3969,
  2201,
  3925,
  1319,
  3033,
  2799,
  1921,
  3759,
  1469,
  4436,
  801,
  2004,
  2867,
  2717,
  1825,
  1138,
  2097,
  2383,
  3483,
  478,
  3267,
  3884,
  2205,
  3851,
  3565,
  2872,
  0,
  702,
  2478,
  4320,
  2186,
  739,
  2491,
  2370,
  3007,
  2145,
  2071,
  741,
  7115,
  2123,
  930,
  2549,
  2085,
  3481,
  1083,
  2358,
  3093,
  2719,
  3537,
  2559,
  1980,
  916,
  2560],
 [932,
  810,
  2160,
  1593,
  3178,
  3201,
  3146,
  3468,
  3483,
  2124,
  1719,
  2973,
  433,
  2392,
  502,
  3017,
  2272,
  2176,
  3432,
  2095,
  3388,
  617,
  2927,
  2262,
  2233,
  3222,
  932,
  3899,
  1155,
  1467,
  2330,
  2180,
  1288,
  569,
  2409,
  1846,
  2946,
  526,
  2730,
  3347,
  1668,
  3314,
  3028,
  2335,
  1007,
  0,
  2519,
  3783,
  1649,
  787,
  1954,
  2264,
  2470,
  1608,
  1534,
  1095,
  6578,
  1421,
  228,
  2012,
  2126,
  2944,
  546,
  1693,
  2556,
  2760,
  3000,
  2022,
  1315,
  964,
  2023],
 [3497,
  1982,
  509,
  4158,
  5743,
  5766,
  5711,
  6033,
  6048,
  4689,
  1384,
  5538,
  2998,
  4957,
  3067,
  5582,
  1546,
  459,
  5997,
  1369,
  5953,
  2391,
  2201,
  4827,
  1437,
  5787,
  3497,
  6464,
  2582,
  4032,
  4895,
  4745,
  3853,
  3134,
  1613,
  4411,
  5511,
  2037,
  5295,
  5912,
  4233,
  5879,
  5593,
  4900,
  2682,
  2565,
  0,
  6348,
  4214,
  1888,
  4519,
  1538,
  5035,
  4173,
  4099,
  2461,
  9143,
  2496,
  2793,
  4577,
  822,
  5509,
  3111,
  4258,
  5121,
  1456,
  5565,
  4587,
  3880,
  1799,
  4588],
 [3123,
  4418,
  6039,
  2585,
  1631,
  917,
  1780,
  1046,
  1199,
  1799,
  5327,
  1426,
  3647,
  2283,
  3512,
  1014,
  5880,
  6055,
  1148,
  5703,
  1104,
  4225,
  6535,
  3723,
  5841,
  3494,
  3560,
  4148,
  5243,
  3177,
  3004,
  2266,
  2986,
  3988,
  6017,
  3556,
  3195,
  4614,
  2809,
  2409,
  3378,
  3563,
  2482,
  3584,
  5095,
  4428,
  6398,
  0,
  3064,
  4899,
  2963,
  5872,
  3931,
  3318,
  2767,
  5183,
  2795,
  5029,
  3836,
  3261,
  6005,
  1868,
  3965,
  2757,
  2149,
  6639,
  1453,
  2796,
  3081,
  5052,
  2967],
 [1838,
  3530,
  4846,
  1871,
  2330,
  2018,
  1622,
  2325,
  1886,
  1645,
  4412,
  2125,
  2362,
  1704,
  2227,
  2115,
  4965,
  4862,
  1784,
  4788,
  1908,
  3310,
  5620,
  2314,
  4648,
  2587,
  2114,
  2739,
  3834,
  1768,
  1595,
  857,
  1577,
  2579,
  4824,
  2147,
  1786,
  3205,
  2095,
  2273,
  1969,
  2154,
  1379,
  2175,
  3686,
  3019,
  5205,
  2640,
  0,
  3466,
  1554,
  4957,
  2522,
  1909,
  1358,
  3774,
  5435,
  4114,
  2921,
  1852,
  4812,
  1295,
  2556,
  1472,
  1208,
  5446,
  2152,
  1387,
  2323,
  3643,
  1558],
 [2813,
  1298,
  1380,
  2300,
  3885,
  3908,
  3853,
  4175,
  4190,
  2831,
  1086,
  3680,
  2314,
  3099,
  2383,
  3724,
  1639,
  1396,
  4140,
  1462,
  4095,
  1707,
  2294,
  2969,
  1182,
  3929,
  1639,
  4606,
  960,
  2174,
  3037,
  2887,
  1995,
  1308,
  1358,
  2553,
  3653,
  415,
  3437,
  4054,
  2375,
  4021,
  3735,
  3042,
  1060,
  1881,
  1739,
  4490,
  2356,
  0,
  2661,
  1631,
  3177,
  2315,
  2241,
  839,
  7285,
  1812,
  2109,
  2719,
  1346,
  3651,
  1253,
  2528,
  3263,
  1980,
  3707,
  2729,
  2150,
  177,
  2730],
 [1478,
  2265,
  3581,
  833,
  2495,
  2518,
  2239,
  2785,
  2503,
  1441,
  3147,
  2290,
  2002,
  1709,
  1867,
  2334,
  3700,
  3597,
  2401,
  3523,
  2525,
  2045,
  4355,
  1212,
  3383,
  2197,
  807,
  3037,
  2569,
  417,
  1893,
  1155,
  519,
  1314,
  3559,
  796,
  2084,
  1940,
  1705,
  2322,
  784,
  2452,
  1996,
  1316,
  2421,
  1754,
  3940,
  3100,
  617,
  2201,
  0,
  3692,
  1420,
  558,
  509,
  2509,
  5895,
  2849,
  1656,
  1128,
  3547,
  1912,
  1291,
  1268,
  1873,
  4181,
  2317,
  997,
  1285,
  2378,
  1168],
 [2974,
  1459,
  1201,
  3635,
  5220,
  5243,
  5188,
  5510,
  5525,
  4166,
  545,
  5015,
  2475,
  4434,
  2544,
  5059,
  8,
  1217,
  5475,
  169,
  5430,
  1868,
  663,
  4304,
  1214,
  5264,
  2974,
  5941,
  2874,
  3509,
  4372,
  4222,
  3330,
  2611,
  1390,
  3888,
  4988,
  2245,
  4772,
  5389,
  3710,
  5356,
  5070,
  4377,
  2459,
  2042,
  1560,
  5825,
  3691,
  1665,
  3996,
  0,
  4512,
  3650,
  3576,
  2238,
  8620,
  1973,
  2270,
  4054,
  1539,
  4986,
  2588,
  3735,
  4598,
  2173,
  5042,
  4064,
  3357,
  1576,
  4065],
 [1807,
  2594,
  3910,
  1162,
  2824,
  2847,
  2568,
  3114,
  2832,
  1770,
  3476,
  2619,
  2331,
  2038,
  2196,
  2663,
  4029,
  3926,
  2730,
  3852,
  2854,
  2374,
  4684,
  587,
  3712,
  2526,
  1136,
  2924,
  2898,
  438,
  1355,
  1484,
  848,
  1643,
  3888,
  817,
  1971,
  2269,
  2034,
  2651,
  921,
  2339,
  2325,
  691,
  2750,
  2083,
  4269,
  3429,
  946,
  2530,
  1258,
  4021,
  0,
  283,
  838,
  2838,
  6224,
  3178,
  1985,
  1265,
  3876,
  2241,
  1620,
  1597,
  2202,
  4510,
  2646,
  1326,
  1614,
  2707,
  1375],
 [1524,
  2311,
  3627,
  879,
  2541,
  2564,
  2285,
  2831,
  2549,
  1487,
  3193,
  2336,
  2048,
  1755,
  1913,
  2380,
  3746,
  3643,
  2447,
  3569,
  2571,
  2091,
  4401,
  654,
  3429,
  2243,
  853,
  2869,
  2615,
  155,
  1300,
  1201,
  565,
  1360,
  3605,
  534,
  1916,
  1986,
  1751,
  2368,
  638,
  2284,
  2042,
  758,
  2467,
  1800,
  3986,
  3146,
  663,
  2247,
  1127,
  3738,
  862,
  0,
  555,
  2555,
  5941,
  2895,
  1702,
  982,
  3593,
  1958,
  1337,
  1314,
  1919,
  4227,
  2363,
  1043,
  1331,
  2424,
  993],
 [1400,
  2414,
  3730,
  755,
  2417,
  2440,
  2161,
  2707,
  3004,
  1363,
  3296,
  2212,
  1924,
  1631,
  1789,
  2256,
  3849,
  3746,
  2902,
  3672,
  3096,
  2194,
  4504,
  1447,
  3532,
  1688,
  998,
  2528,
  2718,
  652,
  1384,
  646,
  461,
  1463,
  3708,
  1031,
  1575,
  2089,
  1196,
  1813,
  853,
  1943,
  2634,
  1520,
  2570,
  1903,
  4089,
  3022,
  539,
  2350,
  420,
  3841,
  1655,
  793,
  0,
  2658,
  5817,
  2998,
  1805,
  1197,
  3696,
  2178,
  1440,
  1190,
  1795,
  4330,
  2239,
  488,
  1207,
  2527,
  659],
 [1855,
  1024,
  2340,
  2351,
  3936,
  3959,
  3904,
  4226,
  4241,
  2882,
  2046,
  3731,
  1356,
  3150,
  1425,
  3775,
  2599,
  2356,
  4191,
  2422,
  4146,
  1540,
  3254,
  3020,
  2142,
  3980,
  1690,
  4657,
  369,
  2225,
  3088,
  2938,
  2046,
  1359,
  2318,
  2604,
  3704,
  699,
  3488,
  4105,
  2426,
  4072,
  3786,
  3093,
  221,
  923,
  2699,
  4541,
  2407,
  960,
  2712,
  2591,
  3228,
  2366,
  2292,
  0,
  7336,
  2344,
  1151,
  2770,
  2306,
  3702,
  1304,
  2579,
  3314,
  2940,
  3758,
  2780,
  2201,
  1137,
  2781],
 [5727,
  7022,
  8643,
  5189,
  4235,
  3521,
  4384,
  3650,
  3803,
  4403,
  7931,
  4030,
  6251,
  4887,
  6116,
  3618,
  8484,
  8659,
  3752,
  8307,
  3708,
  6829,
  9139,
  6327,
  8445,
  6098,
  6164,
  6752,
  7871,
  5818,
  5608,
  4870,
  5614,
  6616,
  8621,
  6197,
  5799,
  7242,
  5413,
  5013,
  6019,
  6167,
  5086,
  6188,
  7723,
  7056,
  9002,
  2966,
  5668,
  7503,
  5567,
  8476,
  6535,
  5959,
  5371,
  7811,
  0,
  7633,
  6440,
  5865,
  8609,
  4472,
  6593,
  5361,
  4753,
  9243,
  4057,
  5400,
  5685,
  7680,
  5571],
 [2872,
  1357,
  1010,
  3533,
  5118,
  5141,
  5086,
  5408,
  5423,
  4064,
  298,
  4913,
  2373,
  4332,
  2442,
  4957,
  851,
  1026,
  5373,
  674,
  5328,
  1766,
  1506,
  4202,
  812,
  5162,
  2872,
  5839,
  1957,
  3407,
  4270,
  4120,
  3228,
  2509,
  988,
  3786,
  4886,
  1412,
  4670,
  5287,
  3608,
  5254,
  4968,
  4275,
  2057,
  1940,
  1369,
  5723,
  3589,
  1263,
  3894,
  843,
  4410,
  3548,
  3474,
  1836,
  8518,
  0,
  2168,
  3952,
  976,
  4884,
  2486,
  3633,
  4496,
  1610,
  4940,
  3962,
  3255,
  1174,
  3963],
 [1647,
  582,
  2203,
  2308,
  3893,
  3916,
  3861,
  4183,
  4198,
  2839,
  1491,
  3688,
  1148,
  3107,
  1217,
  3732,
  2044,
  2219,
  4148,
  1867,
  4103,
  389,
  2699,
  2977,
  2005,
  3937,
  1647,
  4614,
  1547,
  2182,
  3045,
  2895,
  2003,
  1284,
  2181,
  2561,
  3661,
  918,
  3445,
  4062,
  2383,
  4029,
  3743,
  3050,
  1399,
  715,
  2562,
  4498,
  2364,
  1179,
  2669,
  2036,
  3185,
  2323,
  2249,
  1487,
  7293,
  1193,
  0,
  2727,
  2169,
  3659,
  1261,
  2408,
  3271,
  2803,
  3715,
  2737,
  2030,
  1356,
  2738],
 [2057,
  2844,
  4160,
  1412,
  3074,
  3097,
  2818,
  3364,
  3082,
  2020,
  3726,
  2869,
  2581,
  2288,
  2446,
  2913,
  4279,
  4176,
  2980,
  4102,
  3174,
  2624,
  4934,
  837,
  3962,
  2776,
  1386,
  2424,
  3148,
  688,
  855,
  1734,
  1098,
  1893,
  4138,
  1067,
  1471,
  2519,
  2284,
  2901,
  1171,
  1839,
  2575,
  860,
  3000,
  2333,
  4519,
  3679,
  1196,
  2780,
  1660,
  4271,
  1045,
  533,
  1088,
  3088,
  6474,
  3428,
  2235,
  0,
  4126,
  2491,
  1870,
  1847,
  2452,
  4760,
  2896,
  1576,
  1864,
  2957,
  1526],
 [3106,
  1591,
  529,
  3767,
  5352,
  5375,
  5320,
  5642,
  5657,
  4298,
  993,
  5147,
  2607,
  4566,
  2676,
  5191,
  1546,
  363,
  5607,
  1369,
  5562,
  2000,
  2201,
  4436,
  1046,
  5396,
  3106,
  6073,
  2191,
  3641,
  4504,
  4354,
  3462,
  2743,
  1222,
  4020,
  5120,
  1646,
  4904,
  5521,
  3842,
  5488,
  5202,
  4509,
  2291,
  2174,
  822,
  5957,
  3823,
  1497,
  4128,
  1538,
  4644,
  3782,
  3708,
  2070,
  8752,
  2105,
  2402,
  4186,
  0,
  5118,
  2720,
  3867,
  4730,
  644,
  5174,
  4196,
  3489,
  1408,
  4197],
 [1976,
  3472,
  4788,
  1438,
  1021,
  1044,
  313,
  1272,
  1000,
  911,
  4354,
  816,
  2500,
  816,
  2365,
  1062,
  4907,
  4804,
  898,
  4730,
  855,
  3252,
  5562,
  2256,
  4590,
  2758,
  2056,
  2655,
  3776,
  1710,
  1537,
  799,
  1519,
  2521,
  4766,
  2089,
  1728,
  3147,
  2073,
  1673,
  1911,
  2096,
  779,
  2117,
  3628,
  2961,
  5147,
  1587,
  1597,
  3408,
  1496,
  4899,
  2464,
  1851,
  1300,
  3716,
  4382,
  4056,
  2863,
  1794,
  4754,
  0,
  2498,
  1610,
  1261,
  5388,
  843,
  1329,
  2265,
  3585,
  1500],
 [1090,
  1519,
  2835,
  1047,
  2632,
  2655,
  2600,
  2922,
  2937,
  1578,
  2401,
  2427,
  1115,
  1846,
  1479,
  2471,
  2954,
  2851,
  2887,
  2777,
  2842,
  1299,
  3609,
  1716,
  2637,
  2676,
  386,
  3353,
  1823,
  921,
  1784,
  1634,
  742,
  568,
  2813,
  1300,
  2400,
  1194,
  2184,
  2801,
  1122,
  2768,
  2482,
  1789,
  1675,
  1008,
  3194,
  3237,
  1103,
  1455,
  1611,
  2946,
  1924,
  1062,
  988,
  1763,
  6032,
  2103,
  910,
  1466,
  2801,
  2398,
  0,
  1275,
  2010,
  3435,
  2454,
  1476,
  897,
  1632,
  1477],
 [963,
  2258,
  3879,
  425,
  2010,
  2033,
  1978,
  2300,
  2315,
  956,
  3167,
  1805,
  1487,
  1224,
  1352,
  1849,
  3720,
  3895,
  2264,
  3543,
  2220,
  2065,
  4375,
  1849,
  3921,
  2718,
  1400,
  3486,
  3107,
  1054,
  1917,
  1549,
  850,
  1852,
  3857,
  1433,
  2533,
  2478,
  2226,
  2965,
  1255,
  2901,
  2071,
  1922,
  2959,
  2292,
  4478,
  2615,
  1280,
  2739,
  1744,
  3712,
  2057,
  1195,
  1030,
  3047,
  5410,
  2869,
  1676,
  1599,
  4085,
  2066,
  1829,
  0,
  1388,
  4719,
  1832,
  1518,
  921,
  2916,
  1610],
 [974,
  2269,
  4130,
  436,
  1483,
  1506,
  1451,
  1773,
  1788,
  429,
  3178,
  1278,
  1498,
  697,
  1363,
  1322,
  3731,
  4146,
  1737,
  3554,
  1693,
  2076,
  4386,
  1860,
  3932,
  2729,
  1411,
  3497,
  3118,
  1065,
  1928,
  1560,
  861,
  1863,
  4108,
  1444,
  2544,
  2489,
  2237,
  2833,
  1266,
  2912,
  1939,
  1933,
  2970,
  2303,
  4489,
  2088,
  1291,
  2750,
  1755,
  3723,
  2068,
  1206,
  1041,
  3058,
  4883,
  2880,
  1687,
  1610,
  4096,
  1539,
  1840,
  608,
  0,
  4730,
  1305,
  1529,
  932,
  2927,
  1621],
 [3740,
  2225,
  1163,
  4401,
  5986,
  6009,
  5954,
  6276,
  6343,
  4932,
  1627,
  5781,
  3241,
  5200,
  3310,
  5825,
  2180,
  997,
  6241,
  2003,
  6196,
  2634,
  2835,
  5070,
  1680,
  6030,
  3740,
  6707,
  2825,
  4275,
  5138,
  4988,
  4096,
  3377,
  1856,
  4654,
  5754,
  2280,
  5538,
  6155,
  4476,
  6122,
  5836,
  5143,
  2925,
  2808,
  1077,
  6591,
  4457,
  2131,
  4762,
  2172,
  5278,
  4416,
  4342,
  2704,
  9386,
  2739,
  3036,
  4820,
  644,
  5752,
  3354,
  4501,
  5364,
  0,
  5808,
  4830,
  4123,
  2042,
  4831],
 [2363,
  3658,
  5519,
  1825,
  178,
  916,
  1779,
  778,
  1198,
  1039,
  4567,
  666,
  2887,
  1181,
  2752,
  732,
  5120,
  5535,
  1147,
  4943,
  1103,
  3465,
  5775,
  3249,
  5321,
  3493,
  2800,
  4147,
  4507,
  2454,
  3003,
  2265,
  2250,
  3252,
  5497,
  2833,
  3194,
  3878,
  2808,
  2408,
  2655,
  3562,
  2481,
  3322,
  4359,
  3692,
  5878,
  1331,
  2680,
  4139,
  3144,
  5112,
  3457,
  2595,
  2430,
  4447,
  4126,
  4269,
  3076,
  2999,
  5485,
  1867,
  3229,
  1997,
  1389,
  6119,
  0,
  2795,
  2321,
  4316,
  3010],
 [1695,
  2739,
  4055,
  1050,
  2712,
  2735,
  2319,
  3002,
  2832,
  1658,
  3621,
  2507,
  2219,
  2245,
  2084,
  2551,
  4174,
  4071,
  2730,
  3997,
  2924,
  2519,
  4829,
  1686,
  3857,
  1516,
  1281,
  2356,
  3043,
  891,
  1212,
  474,
  756,
  1788,
  4033,
  1270,
  1403,
  2414,
  1024,
  1641,
  1148,
  1771,
  2462,
  1815,
  2895,
  2228,
  4414,
  3317,
  834,
  2675,
  397,
  4166,
  1894,
  1032,
  537,
  2983,
  6112,
  3323,
  2130,
  1492,
  4021,
  2006,
  1765,
  1485,
  2090,
  4655,
  2534,
  0,
  1502,
  2852,
  263],
 [1073,
  2368,
  4043,
  349,
  1934,
  1957,
  1902,
  2224,
  2239,
  880,
  3277,
  1729,
  1597,
  1148,
  1462,
  1773,
  3830,
  4059,
  2188,
  3653,
  2144,
  2175,
  4485,
  1985,
  3845,
  2642,
  1324,
  3410,
  3031,
  978,
  1841,
  1473,
  774,
  1776,
  4021,
  1357,
  2457,
  2402,
  2150,
  2889,
  1179,
  2825,
  1995,
  1846,
  2883,
  2216,
  4402,
  2539,
  1204,
  2663,
  1668,
  3822,
  1981,
  1119,
  954,
  2971,
  5334,
  2979,
  1786,
  1523,
  4009,
  1990,
  1753,
  707,
  1312,
  4643,
  1756,
  1442,
  0,
  2840,
  1534],
 [1894,
  463,
  1471,
  2371,
  3956,
  3979,
  3924,
  4246,
  4324,
  2902,
  1177,
  3751,
  1395,
  3170,
  1464,
  3795,
  1730,
  1487,
  4222,
  1553,
  4166,
  1798,
  2385,
  3040,
  1273,
  4000,
  1710,
  4677,
  783,
  2245,
  3108,
  2958,
  2066,
  1379,
  1449,
  2624,
  3724,
  486,
  3508,
  4125,
  2446,
  4092,
  3806,
  3113,
  883,
  962,
  1830,
  4561,
  2427,
  337,
  2732,
  1722,
  3248,
  2386,
  2312,
  662,
  7356,
  1903,
  1190,
  2790,
  1437,
  3733,
  1324,
  2599,
  3334,
  2071,
  3778,
  2800,
  2221,
  0,
  2801],
 [1689,
  2476,
  3792,
  1044,
  2706,
  2729,
  2461,
  2996,
  2725,
  1652,
  3358,
  2501,
  2213,
  1920,
  2078,
  2545,
  3911,
  3808,
  2623,
  3734,
  2817,
  2256,
  4566,
  1423,
  3594,
  1726,
  1018,
  2566,
  2780,
  628,
  1422,
  684,
  730,
  1525,
  3770,
  1007,
  1613,
  2151,
  1234,
  1851,
  995,
  1981,
  2207,
  1662,
  2632,
  1965,
  4151,
  3311,
  828,
  2412,
  134,
  3903,
  1631,
  769,
  720,
  2720,
  6106,
  3060,
  1867,
  1339,
  3758,
  2134,
  1502,
  1479,
  2084,
  4392,
  2528,
  370,
  1496,
  2589,
  0]]
