[[0,
  1118,
  2733,
  1156,
  2995,
  3625,
  2274,
  2620,
  4898,
  3071,
  2748,
  2236,
  2134,
  3487,
  957,
  667,
  1081,
  1809,
  3241,
  3151,
  1678,
  963,
  1320,
  2065,
  2719,
  1282,
  1107,
  1323,
  1655,
  2872,
  1371,
  2581,
  1598,
  1658,
  2520,
  553,
  666,
  1210,
  2028,
  3712,
  935,
  1306,
  4012,
  1319,
  1120,
  1367,
  1992,
  1806,
  1533,
  961,
  1437,
  2207,
  2920,
  3398],
 [754,
  0,
  2166,
  650,
  1720,
  3058,
  1707,
  1345,
  4707,
  4195,
  3483,
  2971,
  2869,
  4222,
  465,
  1421,
  478,
  1206,
  3976,
  3886,
  2432,
  1731,
  2055,
  2819,
  3473,
  2036,
  1861,
  2077,
  2409,
  3607,
  2125,
  3335,
  995,
  1091,
  1953,
  1307,
  1401,
  643,
  2782,
  4836,
  1502,
  1115,
  4747,
  752,
  1874,
  797,
  2746,
  1239,
  2268,
  1759,
  2172,
  2961,
  3655,
  4133],
 [2444,
  1690,
  0,
  2340,
  4302,
  1779,
  404,
  4575,
  7406,
  6894,
  5173,
  4661,
  4559,
  5912,
  2155,
  3111,
  2168,
  2197,
  5666,
  5576,
  4122,
  3407,
  3745,
  4509,
  5163,
  3726,
  3551,
  3767,
  4099,
  5297,
  4154,
  5025,
  2308,
  1169,
  650,
  2997,
  3091,
  1782,
  4472,
  7535,
  3192,
  2805,
  6437,
  1431,
  3564,
  2487,
  4436,
  1331,
  3958,
  3449,
  3862,
  4651,
  5345,
  5823],
 [1104,
  730,
  2516,
  0,
  1134,
  3408,
  2057,
  759,
  3216,
  2704,
  2910,
  2398,
  2860,
  3649,
  456,
  1241,
  569,
  1297,
  3403,
  3313,
  2782,
  1802,
  2046,
  3169,
  3823,
  2386,
  2211,
  2427,
  2759,
  3034,
  2455,
  3685,
  1086,
  1441,
  2303,
  1657,
  1392,
  1597,
  3132,
  3345,
  1493,
  1106,
  4174,
  1102,
  2157,
  211,
  3096,
  1589,
  2259,
  1806,
  2163,
  3311,
  3082,
  3560],
 [2701,
  2382,
  3212,
  1899,
  0,
  2625,
  3616,
  1016,
  3847,
  3335,
  3541,
  3029,
  3350,
  4280,
  2051,
  2468,
  1928,
  1957,
  4034,
  3944,
  4324,
  3104,
  3273,
  4711,
  5365,
  3928,
  3753,
  3969,
  4301,
  3665,
  3682,
  5227,
  1746,
  4381,
  3862,
  3254,
  2619,
  2257,
  4674,
  3976,
  2720,
  2333,
  4805,
  2627,
  3813,
  2312,
  4638,
  3114,
  3486,
  3444,
  3390,
  4853,
  3713,
  4191],
 [3031,
  2277,
  587,
  2927,
  4020,
  0,
  991,
  4293,
  7124,
  6612,
  5760,
  5248,
  5146,
  6499,
  2742,
  3698,
  2755,
  2784,
  6253,
  6163,
  4709,
  4008,
  4332,
  5096,
  5750,
  4313,
  4138,
  4354,
  4686,
  5884,
  4741,
  5612,
  2895,
  1756,
  1237,
  3584,
  3678,
  2369,
  5059,
  7253,
  3779,
  3392,
  7024,
  2018,
  4151,
  3074,
  5023,
  1918,
  4545,
  4036,
  4449,
  5238,
  5932,
  6410],
 [2040,
  1286,
  1051,
  1936,
  4466,
  1943,
  0,
  4739,
  5993,
  5481,
  4769,
  4257,
  4155,
  5508,
  1751,
  2707,
  1764,
  1793,
  5262,
  5172,
  3718,
  3017,
  3341,
  4105,
  4759,
  3322,
  3147,
  3363,
  3695,
  4893,
  3750,
  4621,
  1904,
  765,
  246,
  2593,
  2687,
  1378,
  4068,
  6122,
  2788,
  2401,
  6033,
  1027,
  3160,
  2083,
  4032,
  927,
  3554,
  3045,
  3458,
  4247,
  4941,
  5419],
 [2353,
  2034,
  3587,
  1551,
  375,
  3000,
  3991,
  0,
  3499,
  2987,
  3193,
  2681,
  3002,
  3932,
  1703,
  2120,
  1580,
  1609,
  3686,
  3596,
  3976,
  2756,
  2925,
  4363,
  5017,
  3580,
  3405,
  3621,
  3953,
  3317,
  3334,
  4879,
  1398,
  2618,
  4237,
  2862,
  2271,
  1909,
  4326,
  3628,
  2372,
  1985,
  4457,
  2279,
  3465,
  1964,
  4290,
  2766,
  3138,
  3096,
  3042,
  4505,
  3365,
  3843],
 [3794,
  4081,
  5740,
  3598,
  3484,
  6109,
  5281,
  3109,
  0,
  1931,
  1605,
  1490,
  2018,
  2364,
  3750,
  3416,
  3627,
  3656,
  2098,
  2008,
  4573,
  3175,
  3333,
  4786,
  5614,
  3731,
  4002,
  4218,
  4376,
  2126,
  3742,
  5476,
  3445,
  4665,
  5527,
  3280,
  3226,
  3956,
  4923,
  2572,
  3684,
  3483,
  2889,
  4326,
  3873,
  4011,
  4713,
  4813,
  3246,
  3519,
  3450,
  4928,
  1777,
  2255],
 [4757,
  4440,
  6099,
  3957,
  3843,
  6468,
  5640,
  3468,
  2478,
  0,
  4083,
  3968,
  4496,
  4842,
  4109,
  4526,
  3986,
  4015,
  4576,
  4486,
  6382,
  5162,
  5331,
  6769,
  7423,
  5986,
  5811,
  6027,
  6359,
  4376,
  5740,
  7285,
  3804,
  5024,
  5886,
  5310,
  4677,
  4315,
  6732,
  641,
  4778,
  4391,
  5367,
  4685,
  5871,
  4370,
  6696,
  5172,
  5544,
  5502,
  5448,
  6911,
  4255,
  4733],
 [3767,
  4325,
  5984,
  3919,
  3728,
  6353,
  5525,
  3353,
  4653,
  2175,
  0,
  1481,
  1991,
  2284,
  4069,
  3389,
  3871,
  3900,
  647,
  557,
  4372,
  3148,
  3306,
  4759,
  5413,
  3704,
  3801,
  4017,
  4349,
  1946,
  3715,
  5275,
  3689,
  4909,
  5771,
  3253,
  3199,
  4200,
  4722,
  2816,
  3657,
  4056,
  1637,
  4570,
  3846,
  4130,
  4686,
  5057,
  3219,
  3492,
  3423,
  4901,
  172,
  422],
 [3387,
  3070,
  4729,
  2587,
  2473,
  5098,
  4270,
  2098,
  3398,
  920,
  512,
  0,
  1007,
  1251,
  2739,
  2405,
  2616,
  2645,
  1005,
  915,
  3562,
  2164,
  2322,
  3775,
  4603,
  2720,
  2991,
  3207,
  3365,
  785,
  2731,
  4465,
  2434,
  3654,
  4516,
  2269,
  2215,
  2945,
  3912,
  1561,
  2673,
  2472,
  1776,
  3315,
  2862,
  3000,
  3702,
  3802,
  2235,
  2508,
  2439,
  3917,
  684,
  1162],
 [2211,
  3227,
  4599,
  2782,
  2630,
  5255,
  4140,
  2255,
  3829,
  1351,
  943,
  431,
  0,
  1682,
  2583,
  1833,
  2773,
  2802,
  1436,
  1346,
  2816,
  1592,
  1750,
  3203,
  3857,
  2148,
  2245,
  2461,
  2793,
  1067,
  2159,
  3719,
  2591,
  3524,
  4386,
  1697,
  1643,
  3102,
  3166,
  1992,
  2101,
  2500,
  2207,
  3185,
  2290,
  3157,
  3130,
  3672,
  1663,
  1936,
  1867,
  3345,
  1115,
  1593],
 [3634,
  4192,
  5851,
  3709,
  3595,
  6220,
  5392,
  3220,
  4520,
  2042,
  2129,
  1348,
  1858,
  0,
  3861,
  3256,
  3738,
  3767,
  2230,
  2184,
  4413,
  5143,
  5301,
  4626,
  8641,
  5699,
  3842,
  6186,
  4216,
  3630,
  3582,
  8821,
  3556,
  4776,
  5638,
  3120,
  3066,
  4067,
  9225,
  2683,
  5652,
  6051,
  1497,
  4437,
  5577,
  4122,
  4553,
  4924,
  5214,
  3359,
  5418,
  6360,
  4109,
  2387],
 [650,
  447,
  2062,
  582,
  1652,
  2954,
  1603,
  1277,
  3734,
  3222,
  3398,
  2886,
  2784,
  4137,
  0,
  1317,
  410,
  1138,
  3891,
  3801,
  2328,
  1613,
  1970,
  2715,
  3369,
  1932,
  1757,
  1973,
  2305,
  3522,
  2021,
  3231,
  927,
  987,
  1849,
  1203,
  1316,
  539,
  2678,
  4447,
  1381,
  1047,
  4662,
  648,
  1770,
  729,
  2642,
  1135,
  2183,
  1611,
  2087,
  2857,
  3570,
  4048],
 [859,
  1124,
  2739,
  530,
  2356,
  3631,
  2280,
  1981,
  4259,
  3347,
  2939,
  2427,
  2325,
  3678,
  680,
  0,
  1099,
  1827,
  3432,
  3342,
  2320,
  1060,
  1511,
  2707,
  3361,
  1924,
  1749,
  1965,
  2297,
  3063,
  1920,
  3223,
  1616,
  1664,
  2526,
  1201,
  857,
  1216,
  2670,
  3988,
  958,
  667,
  4203,
  1325,
  1773,
  741,
  2634,
  1812,
  1724,
  1440,
  1628,
  2849,
  3111,
  3589],
 [949,
  1153,
  2812,
  845,
  1485,
  3704,
  2353,
  1110,
  3567,
  3055,
  3678,
  3166,
  3064,
  4417,
  660,
  1616,
  0,
  728,
  4171,
  4081,
  2627,
  1912,
  2250,
  3014,
  3668,
  2231,
  2056,
  2272,
  2604,
  3802,
  2320,
  3530,
  517,
  1737,
  2599,
  1502,
  1596,
  1028,
  2977,
  3696,
  1697,
  1310,
  4942,
  1398,
  2069,
  562,
  2941,
  1885,
  2463,
  1910,
  2367,
  3156,
  3850,
  4328],
 [1179,
  425,
  2084,
  1075,
  2205,
  2976,
  1625,
  1830,
  4287,
  3065,
  3908,
  3396,
  3294,
  4647,
  890,
  1846,
  898,
  0,
  4401,
  4311,
  2857,
  2142,
  2480,
  3244,
  3898,
  2461,
  2286,
  2502,
  2834,
  4032,
  2550,
  3760,
  404,
  1009,
  1871,
  1732,
  1826,
  300,
  3207,
  4957,
  1927,
  1540,
  5172,
  670,
  2299,
  1282,
  3171,
  1157,
  2693,
  2140,
  2597,
  3386,
  4080,
  4558],
 [3737,
  4434,
  6098,
  3889,
  3698,
  6462,
  5495,
  3323,
  4623,
  2145,
  579,
  1451,
  1961,
  2254,
  4039,
  3359,
  3841,
  4009,
  0,
  90,
  4342,
  3118,
  3276,
  4729,
  5383,
  3674,
  3771,
  3987,
  4319,
  1916,
  3685,
  5245,
  3798,
  5023,
  5885,
  3223,
  3169,
  4309,
  4692,
  2786,
  3627,
  4026,
  1607,
  4684,
  3816,
  4100,
  4656,
  5171,
  3189,
  3462,
  3393,
  4871,
  407,
  157],
 [3647,
  4344,
  6008,
  3799,
  3747,
  6372,
  5549,
  3372,
  4533,
  2055,
  669,
  1361,
  1871,
  2164,
  3949,
  3269,
  3890,
  3919,
  90,
  0,
  4252,
  3028,
  3186,
  4639,
  5293,
  3584,
  3681,
  3897,
  4229,
  1826,
  3595,
  5155,
  3708,
  4933,
  5795,
  3133,
  3079,
  4219,
  4602,
  2696,
  3537,
  3936,
  1517,
  4594,
  3726,
  4010,
  4566,
  5081,
  3099,
  3372,
  3303,
  4781,
  497,
  247],
 [1765,
  2536,
  4151,
  2671,
  3795,
  5043,
  3692,
  3420,
  5877,
  4153,
  3830,
  3318,
  3216,
  4569,
  2383,
  2097,
  2499,
  3227,
  4323,
  4233,
  0,
  1516,
  1394,
  910,
  1297,
  776,
  601,
  426,
  888,
  3954,
  1421,
  1159,
  3016,
  3076,
  3938,
  1174,
  1748,
  2628,
  606,
  4794,
  2365,
  2743,
  5094,
  2737,
  1205,
  2818,
  551,
  3224,
  1607,
  1022,
  1511,
  634,
  4002,
  4480],
 [1084,
  1857,
  3472,
  1236,
  3062,
  4364,
  3013,
  2687,
  4965,
  2404,
  2081,
  1569,
  1467,
  2820,
  1456,
  706,
  1820,
  2548,
  2574,
  2484,
  1689,
  0,
  817,
  2076,
  2730,
  1021,
  1118,
  1334,
  1666,
  2205,
  1013,
  2592,
  2337,
  2397,
  3259,
  570,
  516,
  1949,
  2039,
  3045,
  974,
  1373,
  3345,
  2058,
  1156,
  1447,
  2003,
  2545,
  1030,
  809,
  934,
  2218,
  2253,
  2731],
 [1655,
  2377,
  3992,
  1768,
  3594,
  4884,
  3533,
  3219,
  5497,
  2872,
  2549,
  2037,
  1935,
  3288,
  2027,
  1238,
  2340,
  3068,
  3042,
  2952,
  1566,
  532,
  0,
  1551,
  2607,
  1051,
  995,
  1211,
  1141,
  2673,
  409,
  2177,
  2857,
  2917,
  3779,
  1095,
  1053,
  2469,
  1916,
  3513,
  1506,
  1905,
  3813,
  2578,
  540,
  1979,
  1478,
  3065,
  347,
  549,
  117,
  1693,
  2721,
  3199],
 [2487,
  3258,
  4873,
  3393,
  5154,
  5765,
  4414,
  4779,
  7057,
  4875,
  4552,
  4040,
  3938,
  5291,
  3105,
  2819,
  3221,
  3949,
  5045,
  4955,
  722,
  2238,
  2116,
  0,
  683,
  1498,
  1323,
  1148,
  821,
  4676,
  1829,
  545,
  3738,
  3798,
  4660,
  1896,
  2470,
  3350,
  946,
  5516,
  3087,
  3465,
  5816,
  3459,
  1782,
  3540,
  484,
  3946,
  2334,
  1744,
  2104,
  269,
  4724,
  5202],
 [3221,
  3992,
  5607,
  4127,
  5888,
  6499,
  5148,
  5513,
  7791,
  5609,
  5286,
  4774,
  4672,
  8694,
  3839,
  3553,
  3955,
  4683,
  5779,
  5689,
  1456,
  2972,
  2850,
  1340,
  0,
  2232,
  2057,
  1882,
  1552,
  8226,
  2877,
  659,
  4472,
  4532,
  5394,
  2630,
  3204,
  4084,
  1060,
  6250,
  3821,
  4199,
  9148,
  4193,
  2661,
  4274,
  1215,
  4680,
  3063,
  2478,
  2967,
  1000,
  5458,
  5936],
 [1130,
  1901,
  3516,
  1947,
  3160,
  4408,
  3057,
  2785,
  5676,
  3494,
  3171,
  2659,
  2557,
  3910,
  1724,
  1438,
  1864,
  2592,
  3664,
  3574,
  859,
  740,
  618,
  1246,
  1900,
  0,
  288,
  504,
  836,
  3295,
  656,
  1762,
  2381,
  2441,
  3303,
  619,
  1089,
  1993,
  1209,
  4135,
  1706,
  2084,
  4435,
  2102,
  405,
  2183,
  1173,
  2589,
  831,
  246,
  735,
  1042,
  3343,
  3821],
 [1330,
  2101,
  3716,
  2236,
  3360,
  4608,
  3257,
  2985,
  5442,
  3718,
  3395,
  2883,
  2781,
  4134,
  1948,
  1662,
  2064,
  2792,
  3888,
  3798,
  571,
  1161,
  1039,
  1030,
  1612,
  421,
  0,
  216,
  794,
  3519,
  1066,
  1474,
  2581,
  2641,
  3503,
  826,
  1313,
  2193,
  921,
  4359,
  1930,
  2380,
  4659,
  2302,
  826,
  2383,
  671,
  2789,
  1252,
  667,
  1156,
  754,
  3567,
  4045],
 [1464,
  2235,
  3850,
  2377,
  3494,
  4742,
  3391,
  3119,
  6106,
  3852,
  3529,
  3017,
  2915,
  4268,
  2082,
  1796,
  2198,
  2926,
  4022,
  3932,
  379,
  1302,
  1180,
  838,
  1420,
  562,
  387,
  0,
  816,
  3653,
  1218,
  1282,
  2715,
  2775,
  3637,
  960,
  1447,
  2327,
  729,
  4493,
  2064,
  2442,
  4793,
  2436,
  967,
  2517,
  479,
  2923,
  1393,
  808,
  1297,
  562,
  3701,
  4179],
 [2027,
  2798,
  4413,
  2933,
  4766,
  5305,
  3954,
  4391,
  6684,
  4038,
  3715,
  3203,
  3101,
  4454,
  2728,
  2382,
  2761,
  3489,
  4208,
  4118,
  707,
  1678,
  1468,
  410,
  1174,
  1483,
  1399,
  1133,
  0,
  3839,
  1008,
  1036,
  3278,
  3338,
  4200,
  1516,
  2027,
  2890,
  1057,
  4679,
  2650,
  3077,
  4979,
  2999,
  961,
  3080,
  337,
  3486,
  1513,
  1143,
  1283,
  552,
  3887,
  4365],
 [3393,
  3740,
  5781,
  3545,
  3143,
  5768,
  5322,
  2768,
  3929,
  1451,
  1043,
  757,
  1267,
  877,
  3765,
  3015,
  3286,
  3315,
  1536,
  1446,
  4172,
  2774,
  2932,
  4385,
  5213,
  3330,
  3601,
  3817,
  3975,
  0,
  3341,
  5075,
  3104,
  4706,
  5568,
  2879,
  2825,
  3615,
  4522,
  2190,
  3283,
  3682,
  1402,
  4367,
  3472,
  3756,
  4312,
  4854,
  2845,
  3118,
  3049,
  4527,
  1215,
  1693],
 [1197,
  1968,
  3583,
  2110,
  3227,
  4475,
  3124,
  2852,
  5839,
  3602,
  3279,
  2767,
  2665,
  4018,
  1898,
  1552,
  1931,
  2659,
  3772,
  3682,
  1157,
  848,
  685,
  1142,
  2198,
  642,
  586,
  802,
  732,
  3403,
  0,
  1768,
  2448,
  2508,
  3370,
  686,
  1197,
  2060,
  1507,
  4243,
  1820,
  2151,
  4543,
  2169,
  131,
  2250,
  1069,
  2656,
  1218,
  313,
  988,
  1284,
  3451,
  3929],
 [2562,
  3333,
  4948,
  3468,
  5301,
  5840,
  4489,
  4926,
  7204,
  4950,
  4627,
  4115,
  4013,
  5366,
  3180,
  2894,
  3296,
  4024,
  5120,
  5030,
  797,
  2401,
  2756,
  918,
  404,
  1573,
  1398,
  1223,
  1468,
  4751,
  2229,
  0,
  3813,
  3873,
  4735,
  1971,
  2545,
  3425,
  401,
  5591,
  3162,
  3612,
  5891,
  3534,
  2013,
  3615,
  1131,
  4021,
  2969,
  1819,
  2844,
  578,
  4799,
  5277],
 [1390,
  636,
  2295,
  1286,
  2147,
  3187,
  1836,
  1772,
  4229,
  4442,
  4119,
  3607,
  3505,
  4858,
  1101,
  2057,
  840,
  211,
  4612,
  4522,
  3068,
  2353,
  2691,
  3455,
  4109,
  2672,
  2497,
  2713,
  3045,
  4243,
  2761,
  3971,
  0,
  1220,
  2082,
  1943,
  2037,
  511,
  3418,
  5083,
  2138,
  1751,
  5383,
  881,
  2510,
  1224,
  3382,
  1368,
  2904,
  2351,
  2808,
  3597,
  4291,
  4769],
 [1275,
  521,
  1446,
  1171,
  2241,
  2338,
  987,
  1866,
  5228,
  4327,
  4004,
  3492,
  3390,
  4743,
  986,
  1942,
  999,
  1028,
  4497,
  4407,
  2953,
  2238,
  2576,
  3340,
  3994,
  2557,
  2382,
  2598,
  2930,
  4128,
  2646,
  3856,
  1139,
  0,
  1233,
  1828,
  1922,
  613,
  3303,
  4968,
  2023,
  1636,
  5268,
  262,
  2395,
  1318,
  3267,
  519,
  2789,
  2236,
  2693,
  3482,
  4176,
  4654],
 [1794,
  1040,
  805,
  1690,
  4220,
  1697,
  346,
  4493,
  5747,
  4846,
  4523,
  4011,
  3909,
  5262,
  1505,
  2461,
  1518,
  1547,
  5016,
  4926,
  3472,
  2757,
  3095,
  3859,
  4513,
  3076,
  2901,
  3117,
  3449,
  4647,
  3165,
  4375,
  1658,
  519,
  0,
  2347,
  2441,
  1132,
  3822,
  5487,
  2542,
  2155,
  5787,
  781,
  2914,
  1837,
  3786,
  681,
  3308,
  2755,
  3212,
  4001,
  4695,
  5173],
 [511,
  1282,
  2897,
  1417,
  3250,
  3789,
  2438,
  2875,
  5153,
  2899,
  2576,
  2064,
  1962,
  3315,
  1212,
  843,
  1245,
  1973,
  3069,
  2979,
  1469,
  797,
  1148,
  1856,
  2510,
  1073,
  898,
  1114,
  1446,
  2700,
  1191,
  2372,
  1762,
  1822,
  2684,
  0,
  494,
  1374,
  1819,
  3540,
  1111,
  1561,
  3840,
  1483,
  940,
  1564,
  1783,
  1970,
  1361,
  781,
  1265,
  1998,
  2748,
  3226],
 [1128,
  1883,
  3498,
  1699,
  2864,
  4390,
  3039,
  2489,
  4767,
  2405,
  2082,
  1570,
  1468,
  2821,
  1500,
  902,
  1846,
  2574,
  2575,
  2485,
  1720,
  496,
  654,
  2107,
  2761,
  1052,
  1149,
  1365,
  1697,
  2206,
  1063,
  2623,
  2363,
  2423,
  3285,
  601,
  0,
  1975,
  2070,
  3046,
  943,
  1121,
  3346,
  2084,
  1194,
  1910,
  2034,
  2571,
  867,
  840,
  771,
  2249,
  2254,
  2732],
 [879,
  125,
  1784,
  775,
  1878,
  2676,
  1325,
  1503,
  3960,
  3931,
  3608,
  3096,
  2994,
  4347,
  590,
  1210,
  603,
  676,
  4101,
  4011,
  2557,
  1842,
  2180,
  2944,
  3598,
  2161,
  1986,
  2202,
  2534,
  3732,
  2250,
  3460,
  787,
  709,
  1571,
  1432,
  1526,
  0,
  2907,
  4572,
  1627,
  1240,
  4872,
  370,
  1999,
  922,
  2871,
  857,
  2393,
  1840,
  2297,
  3086,
  3780,
  4258],
 [2161,
  2932,
  4547,
  3067,
  4900,
  5439,
  4088,
  4525,
  6803,
  4549,
  4226,
  3714,
  3612,
  4965,
  2779,
  2493,
  2895,
  3623,
  4719,
  4629,
  396,
  2000,
  2355,
  1205,
  691,
  1172,
  997,
  822,
  1067,
  4350,
  1828,
  553,
  3412,
  3472,
  4334,
  1570,
  2144,
  3024,
  0,
  5190,
  2761,
  3211,
  5490,
  3133,
  1612,
  3214,
  730,
  3620,
  2568,
  1418,
  2443,
  865,
  4398,
  4876],
 [4116,
  3799,
  5458,
  3316,
  3202,
  5827,
  4999,
  2827,
  1837,
  3768,
  3442,
  3270,
  3780,
  4201,
  3468,
  3885,
  3345,
  3374,
  3935,
  3845,
  5741,
  4521,
  4690,
  6128,
  6782,
  5345,
  5170,
  5386,
  5718,
  3735,
  5099,
  6644,
  3163,
  4383,
  5245,
  4669,
  4036,
  3674,
  6091,
  0,
  4137,
  3750,
  4726,
  4044,
  5230,
  3729,
  6055,
  4531,
  4903,
  4861,
  4807,
  6270,
  3614,
  4092],
 [702,
  1114,
  2729,
  520,
  2346,
  3621,
  2270,
  1971,
  4249,
  2995,
  2672,
  2160,
  2058,
  3411,
  670,
  439,
  1077,
  1805,
  3165,
  3075,
  2295,
  1075,
  1244,
  2682,
  3336,
  1899,
  1724,
  1940,
  2272,
  2796,
  1653,
  3198,
  1594,
  1654,
  2516,
  1181,
  590,
  1206,
  2645,
  3636,
  0,
  657,
  3936,
  1315,
  1784,
  731,
  2609,
  1802,
  1457,
  1415,
  1361,
  2824,
  2844,
  3322],
 [1118,
  1530,
  3145,
  936,
  2250,
  4037,
  2686,
  1875,
  4153,
  2935,
  2612,
  2100,
  1998,
  3351,
  1086,
  855,
  1493,
  2221,
  3105,
  3015,
  2711,
  1491,
  1660,
  3098,
  3752,
  2315,
  2140,
  2356,
  2688,
  2736,
  2069,
  3614,
  2010,
  2070,
  2932,
  1597,
  1006,
  1622,
  3061,
  3576,
  416,
  0,
  3876,
  1731,
  2200,
  1147,
  3025,
  2218,
  1873,
  1831,
  1777,
  3240,
  2784,
  3262],
 [3409,
  4106,
  5626,
  3561,
  3370,
  6662,
  5167,
  2995,
  4295,
  1817,
  1409,
  1123,
  1633,
  777,
  3775,
  3031,
  3513,
  3542,
  2035,
  1989,
  4014,
  2790,
  2948,
  4401,
  5055,
  3346,
  3443,
  3659,
  3991,
  1530,
  3357,
  9311,
  3331,
  4551,
  5552,
  2895,
  2841,
  3842,
  4364,
  2458,
  3299,
  3698,
  0,
  4351,
  3488,
  3772,
  4328,
  4699,
  2861,
  3134,
  3065,
  4543,
  1581,
  2192],
 [1263,
  509,
  1414,
  1159,
  4829,
  2306,
  955,
  5102,
  4300,
  4315,
  3992,
  3480,
  3378,
  4731,
  974,
  1594,
  987,
  1016,
  4485,
  4395,
  2941,
  2226,
  2564,
  3328,
  3982,
  2545,
  2370,
  2586,
  2918,
  4116,
  2634,
  3844,
  1127,
  339,
  1201,
  1816,
  1910,
  601,
  3291,
  4956,
  2011,
  1624,
  5256,
  0,
  2383,
  1306,
  3255,
  487,
  2777,
  2224,
  2681,
  3470,
  4164,
  4642],
 [1066,
  1837,
  3452,
  1972,
  3805,
  4344,
  2993,
  3430,
  5708,
  3471,
  3148,
  2636,
  2534,
  3887,
  1767,
  1421,
  1800,
  2528,
  3641,
  3551,
  1026,
  717,
  554,
  1413,
  2067,
  339,
  455,
  671,
  1003,
  3272,
  639,
  1929,
  2317,
  2377,
  3239,
  555,
  1066,
  1929,
  1376,
  4112,
  1689,
  2116,
  4412,
  2038,
  0,
  2119,
  1340,
  2525,
  767,
  182,
  671,
  1209,
  3320,
  3798],
 [1290,
  1087,
  2702,
  488,
  923,
  3594,
  2243,
  548,
  3005,
  2493,
  2699,
  2187,
  2676,
  3438,
  640,
  1057,
  1050,
  1778,
  3192,
  3102,
  2913,
  1693,
  1862,
  3300,
  3954,
  2517,
  2342,
  2558,
  2890,
  2823,
  2271,
  3816,
  1567,
  1627,
  2489,
  1799,
  1208,
  1179,
  3263,
  3134,
  1309,
  922,
  3963,
  1288,
  2402,
  0,
  3227,
  1775,
  2075,
  2033,
  1979,
  3442,
  2871,
  3349],
 [2135,
  2906,
  4521,
  3041,
  4874,
  5413,
  4062,
  4499,
  6777,
  4523,
  4200,
  3688,
  3586,
  4939,
  2753,
  2467,
  2869,
  3597,
  4693,
  4603,
  370,
  2015,
  1805,
  613,
  837,
  1146,
  971,
  796,
  337,
  4324,
  1345,
  699,
  3386,
  3446,
  4308,
  1544,
  2118,
  2998,
  720,
  5164,
  2735,
  3185,
  5464,
  3107,
  1298,
  3188,
  0,
  3594,
  1850,
  1480,
  1620,
  215,
  4372,
  4850],
 [1934,
  1180,
  927,
  1830,
  4342,
  1819,
  468,
  4615,
  7446,
  4986,
  4663,
  4151,
  4049,
  5402,
  1645,
  2265,
  1658,
  1687,
  5156,
  5066,
  3612,
  2897,
  3235,
  3999,
  4653,
  2938,
  3041,
  3257,
  3589,
  4787,
  3305,
  4515,
  1798,
  659,
  714,
  2487,
  2581,
  1272,
  3962,
  5627,
  2682,
  2295,
  5927,
  921,
  3054,
  1977,
  3926,
  0,
  3448,
  2895,
  3352,
  4141,
  4835,
  5313],
 [2204,
  2928,
  4543,
  2775,
  3598,
  5435,
  4084,
  3223,
  5383,
  2905,
  2582,
  2070,
  1968,
  3321,
  2576,
  1790,
  2891,
  3619,
  3075,
  2985,
  2101,
  1084,
  564,
  1804,
  2568,
  1619,
  1547,
  1763,
  1394,
  2706,
  961,
  2430,
  3408,
  3468,
  4330,
  1646,
  1605,
  3020,
  2468,
  3546,
  2058,
  1855,
  3846,
  3129,
  1092,
  2986,
  1731,
  3616,
  0,
  1101,
  387,
  1946,
  2754,
  3232],
 [1283,
  2007,
  3622,
  1854,
  3693,
  4514,
  3163,
  3318,
  5596,
  3020,
  2697,
  2185,
  2083,
  3436,
  1655,
  1219,
  1970,
  2698,
  3190,
  3100,
  1479,
  491,
  372,
  1599,
  2520,
  792,
  908,
  1124,
  1189,
  2821,
  457,
  2382,
  2487,
  2547,
  3409,
  725,
  864,
  2099,
  1829,
  3661,
  1487,
  2004,
  3961,
  2208,
  588,
  2065,
  1526,
  2695,
  585,
  0,
  489,
  1741,
  2869,
  3347],
 [1617,
  2341,
  3956,
  2188,
  4027,
  4848,
  3497,
  3652,
  5233,
  2755,
  2432,
  1920,
  1818,
  3171,
  1989,
  1203,
  2304,
  3032,
  2925,
  2835,
  1531,
  497,
  414,
  1516,
  2572,
  1016,
  960,
  1176,
  1106,
  2556,
  374,
  2142,
  2821,
  2881,
  3743,
  1059,
  1018,
  2433,
  1881,
  3396,
  1471,
  2338,
  3696,
  2542,
  505,
  2399,
  1443,
  3029,
  230,
  514,
  0,
  1658,
  2604,
  3082],
 [2218,
  2363,
  4604,
  3124,
  4957,
  5496,
  4145,
  4582,
  6860,
  4606,
  4283,
  3771,
  3669,
  5022,
  2836,
  2550,
  2952,
  3680,
  4776,
  4686,
  453,
  2230,
  1847,
  340,
  622,
  1229,
  1054,
  879,
  552,
  4407,
  1560,
  484,
  3469,
  3529,
  4391,
  1627,
  2201,
  3081,
  885,
  5247,
  2818,
  3268,
  5547,
  3190,
  1513,
  3271,
  215,
  3677,
  2065,
  1475,
  1835,
  0,
  4455,
  4933],
 [3939,
  4636,
  6300,
  4091,
  4039,
  6664,
  5841,
  3304,
  4966,
  2488,
  172,
  1653,
  1803,
  2456,
  3881,
  3561,
  4182,
  4211,
  407,
  729,
  4544,
  2960,
  3118,
  4571,
  5585,
  3516,
  3973,
  3829,
  4521,
  1758,
  3887,
  5447,
  4000,
  5225,
  6087,
  3425,
  3371,
  4511,
  4894,
  3129,
  3829,
  4228,
  1809,
  4886,
  4018,
  4302,
  4858,
  5373,
  3391,
  3664,
  3595,
  5073,
  0,
  250],
 [3894,
  4591,
  6255,
  4046,
  3994,
  6619,
  5796,
  3619,
  4921,
  2443,
  422,
  1608,
  2118,
  2411,
  4196,
  3516,
  4137,
  4166,
  157,
  247,
  4499,
  3275,
  3073,
  4886,
  5180,
  3831,
  3928,
  4144,
  4476,
  2073,
  3842,
  5402,
  3595,
  5180,
  6042,
  3380,
  3326,
  4466,
  4489,
  3084,
  3784,
  4183,
  1764,
  4841,
  3973,
  4257,
  4453,
  5328,
  3346,
  3619,
  3550,
  5028,
  250,
  0]]
