[[0,
  2561,
  2546,
  2628,
  1332,
  1671,
  1682,
  1472,
  2163,
  1176,
  3075,
  3303,
  2773,
  2944,
  2640,
  2750,
  1717,
  2894,
  753,
  3007,
  3532,
  2645,
  501,
  1728,
  2567,
  926,
  245,
  3635,
  3578,
  3012,
  3715,
  3881,
  3959,
  2937,
  3032,
  6647,
  5220,
  3632,
  4245,
  4268,
  3836,
  3896,
  3117,
  2037,
  2222,
  3486,
  2842,
  2289,
  1183,
  2259,
  1611,
  6304,
  1311,
  3278,
  2721,
  3134,
  4330,
  3734,
  2850,
  2078,
  994,
  4949,
  3244,
  4317,
  1835,
  5330,
  2130,
  1105,
  638,
  3763,
  1612,
  2665,
  4056,
  3142,
  4271,
  1466,
  3259,
  4468,
  4177],
 [3164,
  0,
  570,
  619,
  2477,
  1546,
  956,
  1347,
  3549,
  2637,
  2514,
  2047,
  2212,
  2383,
  2079,
  2189,
  1181,
  877,
  2982,
  1004,
  1529,
  1282,
  3665,
  3114,
  2006,
  3155,
  3409,
  1632,
  2769,
  2203,
  2906,
  3072,
  3150,
  2128,
  2223,
  5838,
  4411,
  2823,
  3436,
  3459,
  3027,
  3087,
  2308,
  3423,
  614,
  2925,
  1479,
  1833,
  3412,
  1565,
  2445,
  5495,
  2593,
  2717,
  2160,
  2678,
  3521,
  2925,
  2289,
  1055,
  2714,
  4140,
  2435,
  3508,
  1954,
  4521,
  1763,
  3334,
  3802,
  2954,
  2446,
  628,
  3247,
  2333,
  3462,
  2927,
  2803,
  1607,
  3368],
 [3344,
  265,
  0,
  332,
  1507,
  846,
  386,
  647,
  2849,
  1937,
  2694,
  1370,
  2392,
  2563,
  2259,
  2369,
  1059,
  307,
  2282,
  711,
  1236,
  712,
  1751,
  2414,
  2186,
  2455,
  3589,
  1301,
  2949,
  2383,
  3086,
  3252,
  3330,
  2308,
  2403,
  6018,
  4591,
  3003,
  3616,
  3639,
  3207,
  3267,
  2488,
  2723,
  879,
  3105,
  909,
  1263,
  2712,
  995,
  1745,
  5675,
  1893,
  2897,
  2340,
  2108,
  3701,
  3105,
  2469,
  661,
  1169,
  4320,
  2615,
  3688,
  1254,
  4701,
  1193,
  2634,
  1888,
  3134,
  1746,
  369,
  3427,
  2513,
  3642,
  2227,
  2233,
  1669,
  3548],
 [3283,
  190,
  244,
  0,
  2596,
  1090,
  630,
  891,
  3093,
  2181,
  2633,
  1721,
  2331,
  2502,
  2198,
  2308,
  1111,
  551,
  2526,
  678,
  1203,
  956,
  1995,
  2658,
  2125,
  2699,
  3528,
  1306,
  2888,
  2322,
  3025,
  3191,
  3269,
  2247,
  2342,
  5957,
  4530,
  2942,
  3555,
  3578,
  3146,
  3206,
  2427,
  2967,
  804,
  3044,
  1153,
  1507,
  2956,
  1239,
  1989,
  5614,
  2137,
  2836,
  2279,
  2352,
  3640,
  3044,
  2408,
  713,
  1413,
  4259,
  2554,
  3627,
  1498,
  4640,
  1437,
  2878,
  2132,
  3073,
  1990,
  308,
  3366,
  2452,
  3581,
  2471,
  2477,
  1630,
  3487],
 [2393,
  1443,
  1428,
  1510,
  0,
  1451,
  1297,
  1252,
  2561,
  1574,
  1743,
  2932,
  1441,
  1612,
  1308,
  1418,
  599,
  1735,
  1151,
  1889,
  2414,
  2140,
  1080,
  2126,
  1235,
  1324,
  1088,
  2517,
  2054,
  1488,
  2191,
  2357,
  2435,
  1413,
  1508,
  5123,
  3696,
  2108,
  2721,
  2744,
  2312,
  2372,
  1593,
  2435,
  1292,
  2154,
  2337,
  2691,
  1581,
  2423,
  2009,
  4780,
  1709,
  1946,
  1389,
  3536,
  2806,
  2210,
  1518,
  960,
  337,
  3425,
  1720,
  2793,
  1859,
  3806,
  1662,
  1503,
  710,
  2239,
  2010,
  1547,
  2532,
  1618,
  2747,
  1864,
  3661,
  2944,
  2653],
 [1346,
  1547,
  1282,
  1614,
  1079,
  0,
  586,
  392,
  2003,
  1091,
  2831,
  1384,
  2529,
  2700,
  2396,
  2506,
  1210,
  975,
  1436,
  1993,
  2518,
  726,
  905,
  1568,
  2323,
  1609,
  1129,
  2233,
  3086,
  2520,
  3223,
  3389,
  3467,
  2445,
  2540,
  6155,
  4728,
  3140,
  3753,
  3776,
  3344,
  3404,
  2625,
  1877,
  1126,
  3242,
  923,
  1277,
  1866,
  1009,
  899,
  5812,
  1047,
  3034,
  2477,
  2122,
  3838,
  3242,
  2606,
  812,
  741,
  4457,
  2752,
  3825,
  408,
  4838,
  211,
  1788,
  1042,
  3271,
  900,
  1651,
  3564,
  2650,
  3779,
  1381,
  2247,
  2951,
  3685],
 [3185,
  651,
  386,
  718,
  1121,
  460,
  0,
  261,
  2463,
  1551,
  2535,
  1464,
  2233,
  2404,
  2100,
  2210,
  914,
  401,
  1896,
  1097,
  1622,
  806,
  1365,
  2028,
  2027,
  2069,
  1589,
  1431,
  2790,
  2224,
  2927,
  3093,
  3171,
  2149,
  2244,
  5859,
  4432,
  2844,
  3457,
  3480,
  3048,
  3108,
  2329,
  2337,
  830,
  2946,
  1003,
  1357,
  2326,
  1089,
  1359,
  5516,
  1507,
  2738,
  2181,
  2202,
  3542,
  2946,
  2310,
  516,
  783,
  4161,
  2456,
  3529,
  868,
  4542,
  671,
  2248,
  1502,
  2975,
  1360,
  755,
  3268,
  2354,
  3483,
  1841,
  2327,
  2055,
  3389],
 [1545,
  1163,
  774,
  1230,
  1278,
  199,
  388,
  0,
  2202,
  1290,
  2633,
  1583,
  2331,
  2502,
  2198,
  2308,
  1012,
  1174,
  1635,
  1609,
  2134,
  925,
  1104,
  1767,
  2125,
  1808,
  1328,
  1819,
  2888,
  2322,
  3025,
  3191,
  3269,
  2247,
  2342,
  5957,
  4530,
  2942,
  3555,
  3578,
  3146,
  3206,
  2427,
  2076,
  928,
  3044,
  1122,
  1476,
  2065,
  1208,
  1098,
  5614,
  1246,
  2836,
  2279,
  2321,
  3640,
  3044,
  2408,
  614,
  940,
  4259,
  2554,
  3627,
  607,
  4640,
  410,
  1987,
  1241,
  3073,
  1099,
  1143,
  3366,
  2452,
  3581,
  1580,
  2446,
  2567,
  3487],
 [2707,
  3217,
  2980,
  3284,
  3097,
  2032,
  2442,
  2248,
  0,
  1647,
  4840,
  3082,
  4538,
  4709,
  4405,
  4515,
  3482,
  2673,
  1992,
  3663,
  4188,
  2424,
  2266,
  855,
  4332,
  2165,
  2490,
  3931,
  5801,
  5235,
  5938,
  6104,
  6182,
  5160,
  5255,
  8870,
  7443,
  5855,
  6468,
  6491,
  6059,
  6119,
  5340,
  126,
  2982,
  5251,
  2621,
  2068,
  2422,
  2038,
  1098,
  8527,
  1292,
  5043,
  4486,
  2913,
  6553,
  5957,
  4615,
  2668,
  2759,
  7172,
  5467,
  6540,
  1614,
  7553,
  1909,
  2344,
  2403,
  5986,
  1391,
  3349,
  6279,
  5365,
  6494,
  1937,
  3038,
  6691,
  6400],
 [1263,
  2262,
  2025,
  2329,
  1653,
  1077,
  1487,
  1293,
  987,
  0,
  3396,
  2127,
  3094,
  3265,
  2961,
  3071,
  2038,
  1718,
  548,
  2708,
  3233,
  1469,
  822,
  552,
  2888,
  721,
  1046,
  2976,
  4357,
  3791,
  4494,
  4660,
  4738,
  3716,
  3811,
  7426,
  5999,
  4411,
  5024,
  5047,
  4615,
  4675,
  3896,
  861,
  2027,
  3807,
  1666,
  1113,
  978,
  1083,
  435,
  7083,
  135,
  3599,
  3042,
  1958,
  5109,
  4513,
  3171,
  1713,
  1315,
  5728,
  4023,
  5096,
  659,
  6109,
  954,
  900,
  959,
  4542,
  436,
  2394,
  4835,
  3921,
  5050,
  290,
  2083,
  5247,
  4956],
 [2732,
  2273,
  2258,
  2340,
  1288,
  2281,
  2127,
  2082,
  4895,
  3908,
  0,
  3762,
  1131,
  1467,
  418,
  528,
  1429,
  2565,
  3485,
  2719,
  3244,
  2970,
  3233,
  4460,
  1570,
  3658,
  2977,
  3347,
  2868,
  2302,
  3005,
  3171,
  3249,
  2227,
  2322,
  5937,
  4510,
  2922,
  3535,
  3558,
  3126,
  3186,
  2407,
  4769,
  2122,
  2113,
  3167,
  3521,
  3915,
  3253,
  3180,
  5594,
  4043,
  921,
  1244,
  4366,
  3620,
  3024,
  602,
  1790,
  1625,
  4239,
  2534,
  3607,
  2689,
  4620,
  2492,
  3837,
  1998,
  3053,
  4344,
  2377,
  3346,
  2432,
  3561,
  4198,
  4491,
  3758,
  3467],
 [3251,
  1744,
  1370,
  1630,
  2337,
  1613,
  1503,
  1634,
  3103,
  2191,
  4173,
  0,
  3871,
  4042,
  3738,
  3848,
  2452,
  1063,
  2536,
  1541,
  1215,
  658,
  2810,
  2668,
  3665,
  2709,
  3034,
  849,
  2952,
  3862,
  4565,
  4731,
  4809,
  3787,
  3882,
  5600,
  6070,
  4482,
  5095,
  5118,
  4686,
  4746,
  3967,
  2977,
  2468,
  4584,
  461,
  1365,
  2966,
  1097,
  1999,
  5257,
  2147,
  4376,
  3819,
  2210,
  5180,
  4584,
  3948,
  2054,
  1999,
  5799,
  4094,
  5167,
  1508,
  4647,
  1295,
  2888,
  2947,
  4613,
  2000,
  1848,
  4906,
  3992,
  5121,
  2481,
  2243,
  2792,
  5027],
 [4079,
  3620,
  3605,
  3687,
  2635,
  3628,
  3474,
  3429,
  6242,
  5255,
  2108,
  5109,
  0,
  233,
  1361,
  1648,
  2776,
  3912,
  4832,
  4066,
  4591,
  4317,
  4580,
  5807,
  1201,
  5005,
  4324,
  4694,
  3729,
  3163,
  3659,
  3921,
  4040,
  2902,
  2997,
  7284,
  5164,
  3576,
  4326,
  4905,
  3780,
  3977,
  3268,
  6116,
  3469,
  1744,
  4514,
  4868,
  5262,
  4600,
  4527,
  6941,
  5390,
  2377,
  875,
  5713,
  4411,
  3815,
  1949,
  3137,
  2972,
  4893,
  3209,
  4468,
  4036,
  5481,
  3839,
  5184,
  3345,
  3803,
  5691,
  3724,
  4096,
  3293,
  4132,
  5545,
  5838,
  3932,
  4258],
 [3846,
  3387,
  3372,
  3454,
  2402,
  3395,
  3241,
  3196,
  6009,
  5022,
  1875,
  4876,
  529,
  0,
  1128,
  1415,
  2543,
  3679,
  4599,
  3833,
  4358,
  4084,
  4347,
  5574,
  968,
  4772,
  4091,
  4461,
  3496,
  2930,
  3426,
  3688,
  3807,
  2669,
  2764,
  7051,
  4931,
  3343,
  4093,
  4672,
  3547,
  3744,
  3035,
  5883,
  3236,
  1511,
  4281,
  4635,
  5029,
  4367,
  4294,
  6708,
  5157,
  2144,
  642,
  5480,
  4178,
  3582,
  1716,
  2904,
  2739,
  4660,
  2976,
  4235,
  3803,
  5248,
  3606,
  4951,
  3112,
  3570,
  5458,
  3491,
  3863,
  3060,
  3899,
  5312,
  5605,
  3699,
  4025],
 [2718,
  2259,
  2244,
  2326,
  1274,
  2267,
  2113,
  2068,
  4881,
  3894,
  813,
  3748,
  713,
  1049,
  0,
  488,
  1415,
  2551,
  3471,
  2705,
  3230,
  2956,
  3219,
  4446,
  1152,
  3644,
  2963,
  3333,
  2854,
  2288,
  2991,
  3157,
  3235,
  2213,
  2308,
  5923,
  4496,
  2908,
  3521,
  3544,
  3112,
  3172,
  2393,
  4755,
  2108,
  1695,
  3153,
  3507,
  3901,
  3239,
  3166,
  5580,
  4029,
  1016,
  826,
  4352,
  3606,
  3010,
  588,
  1776,
  1611,
  4225,
  2520,
  3593,
  2675,
  4606,
  2478,
  3823,
  1984,
  3039,
  4330,
  2363,
  3332,
  2418,
  3547,
  4184,
  4477,
  3744,
  3453],
 [3154,
  2695,
  2680,
  2762,
  1710,
  2703,
  2549,
  2504,
  5317,
  4330,
  861,
  4184,
  1449,
  1785,
  550,
  0,
  1851,
  2987,
  3907,
  3141,
  3666,
  3392,
  3655,
  4882,
  1888,
  4080,
  3399,
  3769,
  3290,
  2724,
  3427,
  3593,
  3671,
  2649,
  2744,
  6359,
  4932,
  3344,
  3957,
  3980,
  3548,
  3608,
  2829,
  5191,
  2544,
  2431,
  3589,
  3943,
  4337,
  3675,
  3602,
  6016,
  4465,
  920,
  1562,
  4788,
  4042,
  3446,
  1024,
  2212,
  2047,
  4661,
  2956,
  4029,
  3111,
  5042,
  2914,
  4259,
  2420,
  3475,
  4766,
  2799,
  3768,
  2854,
  3983,
  4620,
  4913,
  4180,
  3889],
 [3231,
  844,
  829,
  911,
  1513,
  852,
  698,
  653,
  2855,
  1943,
  2581,
  2333,
  2279,
  2450,
  2146,
  2256,
  0,
  1136,
  2288,
  1290,
  1815,
  1541,
  1757,
  2420,
  2073,
  2461,
  1981,
  1918,
  2836,
  2270,
  2973,
  3139,
  3217,
  2195,
  2290,
  5905,
  4478,
  2890,
  3503,
  3526,
  3094,
  3154,
  2375,
  2729,
  693,
  2992,
  1738,
  2092,
  2718,
  1824,
  1751,
  5562,
  1899,
  2784,
  2227,
  2937,
  3588,
  2992,
  2356,
  361,
  1175,
  4207,
  2502,
  3575,
  1260,
  4588,
  1063,
  2640,
  1894,
  3021,
  1752,
  948,
  3314,
  2400,
  3529,
  2233,
  3062,
  2248,
  3435],
 [1966,
  572,
  307,
  639,
  1459,
  620,
  605,
  599,
  2623,
  1711,
  3001,
  1063,
  2699,
  2870,
  2566,
  2676,
  1417,
  0,
  2056,
  1018,
  1543,
  405,
  1525,
  2188,
  2493,
  2229,
  1749,
  1352,
  3256,
  2690,
  3393,
  3559,
  3637,
  2615,
  2710,
  6325,
  4898,
  3310,
  3923,
  3946,
  3514,
  3574,
  2795,
  2497,
  1186,
  3412,
  602,
  956,
  2486,
  688,
  1519,
  5982,
  1667,
  3204,
  2647,
  1801,
  4008,
  3412,
  2776,
  1019,
  1121,
  4627,
  2922,
  3995,
  1028,
  5008,
  886,
  2408,
  1662,
  3441,
  1520,
  676,
  3734,
  2820,
  3949,
  2001,
  1926,
  1976,
  3855],
 [1270,
  2685,
  2448,
  2752,
  1660,
  1500,
  1910,
  1716,
  1410,
  423,
  3403,
  2550,
  3101,
  3272,
  2968,
  3078,
  2045,
  2141,
  0,
  3131,
  3656,
  1892,
  829,
  975,
  2895,
  173,
  1053,
  3399,
  4364,
  3798,
  4501,
  4667,
  4745,
  3723,
  3818,
  7433,
  6006,
  4418,
  5031,
  5054,
  4622,
  4682,
  3903,
  1284,
  2450,
  3814,
  2089,
  1536,
  430,
  1506,
  858,
  7090,
  558,
  3606,
  3049,
  2381,
  5116,
  4520,
  3178,
  2136,
  1322,
  5735,
  4030,
  5103,
  1082,
  6116,
  1377,
  352,
  966,
  4549,
  859,
  2817,
  4842,
  3928,
  5057,
  713,
  2506,
  5254,
  4963],
 [3608,
  515,
  569,
  325,
  2921,
  1415,
  955,
  1216,
  3418,
  2506,
  2958,
  1683,
  2656,
  2827,
  2523,
  2633,
  1436,
  876,
  2851,
  0,
  1249,
  1281,
  2320,
  2983,
  2450,
  3024,
  3853,
  1268,
  1647,
  2647,
  3350,
  3516,
  3594,
  2572,
  2667,
  6282,
  4855,
  3267,
  3880,
  3903,
  3471,
  3531,
  2752,
  3292,
  1129,
  3369,
  1129,
  1832,
  3281,
  1564,
  2314,
  5939,
  2462,
  3161,
  2604,
  2677,
  3965,
  3369,
  2733,
  1038,
  1738,
  4584,
  2879,
  3952,
  1823,
  4965,
  1762,
  3203,
  2457,
  3398,
  2315,
  633,
  3691,
  2777,
  3906,
  2796,
  2802,
  1487,
  3812],
 [3934,
  841,
  895,
  651,
  3247,
  1741,
  1281,
  1542,
  3744,
  2832,
  3284,
  1211,
  2982,
  3153,
  2849,
  2959,
  1762,
  1202,
  3177,
  326,
  0,
  1607,
  2646,
  3309,
  2776,
  3350,
  4179,
  776,
  1973,
  2973,
  3676,
  3842,
  3920,
  2898,
  2993,
  6608,
  5181,
  3593,
  4206,
  4229,
  3797,
  3857,
  3078,
  3618,
  1455,
  3695,
  1455,
  2158,
  3607,
  1890,
  2640,
  6265,
  2788,
  3487,
  2930,
  3003,
  4291,
  3695,
  3059,
  1364,
  2064,
  4910,
  3205,
  4278,
  2149,
  5291,
  2088,
  3529,
  2783,
  3724,
  2641,
  959,
  4017,
  3103,
  4232,
  3122,
  3128,
  1813,
  4138],
 [2593,
  977,
  712,
  1044,
  1679,
  955,
  1170,
  976,
  2445,
  1533,
  3406,
  658,
  3104,
  3275,
  2971,
  3081,
  1794,
  405,
  1878,
  1423,
  1873,
  0,
  2152,
  2010,
  2898,
  2051,
  2376,
  1507,
  3661,
  3095,
  3798,
  3964,
  4042,
  3020,
  3115,
  6730,
  5303,
  3715,
  4328,
  4351,
  3919,
  3979,
  3200,
  2319,
  1710,
  3817,
  197,
  707,
  2308,
  439,
  1341,
  6387,
  1489,
  3609,
  3052,
  1552,
  4413,
  3817,
  3181,
  1396,
  1341,
  5032,
  3327,
  4400,
  850,
  5413,
  637,
  2230,
  2289,
  3846,
  1342,
  1081,
  4139,
  3225,
  4354,
  1823,
  1677,
  2381,
  4260],
 [754,
  2060,
  2045,
  2127,
  831,
  1170,
  1181,
  971,
  1988,
  1001,
  2574,
  2396,
  2272,
  2443,
  2139,
  2249,
  1216,
  2352,
  578,
  2506,
  3031,
  1738,
  0,
  1553,
  2066,
  751,
  537,
  3134,
  2885,
  2319,
  3022,
  3188,
  3266,
  2244,
  2339,
  5954,
  4527,
  2939,
  3552,
  3575,
  3143,
  3203,
  2424,
  1862,
  1721,
  2985,
  1935,
  2114,
  1008,
  2084,
  1436,
  5611,
  1136,
  2777,
  2220,
  2959,
  3637,
  3041,
  2349,
  1577,
  493,
  4256,
  2551,
  3624,
  1660,
  4637,
  1955,
  930,
  137,
  3070,
  1437,
  2164,
  3363,
  2449,
  3578,
  1291,
  3084,
  3775,
  3484],
 [2809,
  3319,
  3082,
  3386,
  3199,
  2134,
  2544,
  2350,
  435,
  1749,
  4942,
  3184,
  4640,
  4811,
  4507,
  4617,
  3584,
  2775,
  2094,
  3765,
  4290,
  2526,
  2368,
  0,
  4434,
  2267,
  2592,
  4033,
  5903,
  5337,
  6040,
  6206,
  6284,
  5262,
  5357,
  8972,
  7545,
  5957,
  6570,
  6593,
  6161,
  6221,
  5442,
  309,
  3084,
  5353,
  2723,
  2170,
  2524,
  2140,
  1200,
  8629,
  1527,
  5145,
  4588,
  3015,
  6655,
  6059,
  4717,
  2770,
  2861,
  7274,
  5569,
  6642,
  1716,
  7655,
  2011,
  2446,
  2505,
  6088,
  1493,
  3451,
  6381,
  5467,
  6596,
  2039,
  3140,
  6793,
  6502],
 [2805,
  2346,
  2331,
  2413,
  1361,
  2354,
  2200,
  2155,
  4968,
  3981,
  900,
  3835,
  590,
  761,
  465,
  575,
  1502,
  2638,
  3558,
  2792,
  3317,
  3043,
  3306,
  4533,
  0,
  3731,
  3050,
  3420,
  2941,
  2375,
  3078,
  3244,
  3322,
  2300,
  2395,
  6010,
  4583,
  2995,
  3608,
  3631,
  3199,
  3259,
  2480,
  4842,
  2195,
  1303,
  3240,
  3594,
  3988,
  3326,
  3253,
  5667,
  4116,
  1103,
  538,
  4439,
  3693,
  3097,
  675,
  1863,
  1698,
  4312,
  2607,
  3680,
  2762,
  4693,
  2565,
  3910,
  2071,
  3126,
  4417,
  2450,
  3419,
  2505,
  3634,
  4271,
  4564,
  3831,
  3540],
 [1233,
  2648,
  2411,
  2715,
  1623,
  1463,
  1873,
  1679,
  1373,
  386,
  3366,
  2513,
  3064,
  3235,
  2931,
  3041,
  2008,
  2104,
  518,
  3094,
  3619,
  1855,
  792,
  938,
  2858,
  0,
  1016,
  3362,
  4327,
  3761,
  4464,
  4630,
  4708,
  3686,
  3781,
  7396,
  5969,
  4381,
  4994,
  5017,
  4585,
  4645,
  3866,
  1247,
  2413,
  3777,
  2052,
  1499,
  257,
  1469,
  821,
  7053,
  521,
  3569,
  3012,
  2344,
  5079,
  4483,
  3141,
  2099,
  1285,
  5698,
  3993,
  5066,
  1045,
  6079,
  1340,
  179,
  929,
  4512,
  822,
  2780,
  4805,
  3891,
  5020,
  676,
  2469,
  5217,
  4926],
 [697,
  2316,
  2301,
  2383,
  1087,
  1426,
  1437,
  1227,
  1918,
  931,
  2830,
  3058,
  2528,
  2699,
  2395,
  2505,
  1472,
  2649,
  508,
  2762,
  3287,
  2400,
  256,
  1483,
  2322,
  681,
  0,
  3390,
  3141,
  2575,
  3278,
  3444,
  3522,
  2500,
  2595,
  6210,
  4783,
  3195,
  3808,
  3831,
  3399,
  3459,
  2680,
  1792,
  1977,
  3241,
  2597,
  2044,
  938,
  2014,
  1366,
  5867,
  1066,
  3033,
  2476,
  2889,
  3893,
  3297,
  2605,
  1833,
  749,
  4512,
  2807,
  3880,
  1590,
  4893,
  1885,
  860,
  393,
  3326,
  1367,
  2420,
  3619,
  2705,
  3834,
  1221,
  3014,
  4031,
  3740],
 [3974,
  895,
  1025,
  781,
  3287,
  1519,
  1059,
  1320,
  3522,
  2610,
  3324,
  1118,
  3022,
  3193,
  2889,
  2999,
  1802,
  980,
  2955,
  587,
  713,
  1252,
  2424,
  3087,
  2816,
  3128,
  4219,
  0,
  2103,
  3013,
  3716,
  3882,
  3960,
  2938,
  3033,
  6648,
  5221,
  3633,
  4246,
  4269,
  3837,
  3897,
  3118,
  3396,
  1619,
  3735,
  1147,
  1936,
  3385,
  1668,
  2418,
  6305,
  2566,
  3527,
  2970,
  2781,
  4331,
  3735,
  3099,
  1404,
  1842,
  4950,
  3245,
  4318,
  1927,
  4165,
  1866,
  3307,
  2561,
  3764,
  2419,
  999,
  4057,
  3143,
  4272,
  2900,
  2906,
  1943,
  4178],
 [3498,
  3907,
  3892,
  3974,
  2811,
  3915,
  3761,
  3716,
  5661,
  4674,
  3138,
  5396,
  2836,
  3007,
  2703,
  2813,
  3063,
  4199,
  4251,
  4353,
  4878,
  4604,
  3999,
  5226,
  2630,
  4424,
  3743,
  4981,
  0,
  510,
  1323,
  1489,
  1567,
  829,
  924,
  4255,
  2390,
  1717,
  1853,
  1876,
  1921,
  1504,
  385,
  5535,
  3756,
  2324,
  4801,
  5155,
  4681,
  4887,
  5109,
  3912,
  4809,
  3341,
  2784,
  6000,
  1938,
  1342,
  2913,
  3424,
  3048,
  3034,
  1136,
  1034,
  5333,
  2047,
  4126,
  4603,
  4136,
  1371,
  5110,
  4011,
  1664,
  464,
  1879,
  4964,
  6125,
  979,
  1785],
 [3146,
  3555,
  3540,
  3622,
  2459,
  3563,
  3409,
  3364,
  5309,
  4322,
  2786,
  5044,
  2484,
  2655,
  2351,
  2461,
  2711,
  3847,
  3899,
  4001,
  4526,
  4252,
  3647,
  4874,
  2278,
  4072,
  3391,
  4629,
  566,
  0,
  971,
  1137,
  1215,
  477,
  572,
  3903,
  2038,
  1365,
  1501,
  1524,
  1569,
  1152,
  105,
  5183,
  3404,
  1972,
  4449,
  4803,
  4329,
  4535,
  4757,
  3560,
  4457,
  2989,
  2432,
  5648,
  1586,
  990,
  2561,
  3072,
  2696,
  2682,
  784,
  1305,
  4981,
  2318,
  3774,
  4251,
  3784,
  1019,
  4758,
  3659,
  1312,
  130,
  1527,
  4612,
  5773,
  750,
  1433],
 [3578,
  3987,
  3972,
  4054,
  2891,
  3995,
  3841,
  3796,
  5741,
  4754,
  3218,
  5476,
  2916,
  3087,
  2783,
  2893,
  3143,
  4279,
  4331,
  4433,
  4958,
  4684,
  4079,
  5306,
  2710,
  4504,
  3823,
  5061,
  1564,
  998,
  0,
  262,
  381,
  861,
  659,
  3317,
  1178,
  1640,
  667,
  938,
  1844,
  318,
  1103,
  5615,
  3836,
  2356,
  4881,
  5235,
  4761,
  4967,
  5189,
  1341,
  4889,
  3421,
  2864,
  6080,
  752,
  156,
  2993,
  3504,
  3128,
  2442,
  450,
  2303,
  5413,
  2201,
  4206,
  4683,
  4216,
  144,
  5190,
  4091,
  437,
  1128,
  652,
  5044,
  6205,
  1131,
  599],
 [3920,
  4329,
  4314,
  4396,
  3233,
  4337,
  4183,
  4138,
  6083,
  5096,
  3560,
  5818,
  3258,
  3429,
  3125,
  3235,
  3485,
  4621,
  4673,
  4775,
  5300,
  5026,
  4421,
  5648,
  3052,
  4846,
  4165,
  5403,
  1840,
  1274,
  342,
  0,
  657,
  1203,
  1001,
  3593,
  1045,
  1982,
  943,
  1214,
  2186,
  594,
  1379,
  5957,
  4178,
  2698,
  5223,
  5577,
  5103,
  5309,
  5531,
  1617,
  5231,
  3763,
  3206,
  6422,
  745,
  432,
  3335,
  3846,
  3470,
  2180,
  792,
  2579,
  5755,
  2477,
  4548,
  5025,
  4558,
  420,
  5532,
  4433,
  175,
  1404,
  390,
  5386,
  6547,
  1407,
  676],
 [3959,
  4368,
  4353,
  4435,
  3272,
  4376,
  4222,
  4177,
  6122,
  5135,
  3599,
  5857,
  3297,
  3468,
  3164,
  3274,
  3524,
  4660,
  4712,
  4814,
  5339,
  5065,
  4460,
  5687,
  3091,
  4885,
  4204,
  5442,
  1879,
  1313,
  381,
  547,
  0,
  1242,
  1040,
  2843,
  797,
  2021,
  286,
  1253,
  2225,
  241,
  1418,
  5996,
  4217,
  2737,
  5262,
  5616,
  5142,
  5348,
  5570,
  960,
  5270,
  3802,
  3245,
  6461,
  371,
  225,
  3374,
  3885,
  3509,
  2727,
  831,
  2618,
  5794,
  2516,
  4587,
  5064,
  4597,
  429,
  5571,
  4472,
  722,
  1443,
  937,
  5425,
  6586,
  1446,
  218],
 [3010,
  3419,
  3404,
  3486,
  2323,
  3427,
  3273,
  3228,
  5173,
  4186,
  2650,
  4908,
  2190,
  2361,
  2215,
  2325,
  2575,
  3711,
  3763,
  3865,
  4390,
  4116,
  3511,
  4738,
  2142,
  3936,
  3255,
  4493,
  1150,
  584,
  1080,
  1342,
  1461,
  0,
  418,
  4213,
  2476,
  888,
  1747,
  1834,
  1092,
  1398,
  689,
  5047,
  3268,
  1495,
  4313,
  4667,
  4193,
  4399,
  4621,
  2421,
  4321,
  2853,
  2138,
  5512,
  1832,
  1236,
  2425,
  2936,
  2560,
  2205,
  630,
  1889,
  4845,
  2902,
  3638,
  4115,
  3648,
  1224,
  4622,
  3523,
  1517,
  714,
  1968,
  4476,
  5637,
  1353,
  1679],
 [2919,
  3328,
  3313,
  3395,
  2232,
  3336,
  3182,
  3137,
  5082,
  4095,
  2559,
  4817,
  2257,
  2428,
  2124,
  2234,
  2484,
  3620,
  3672,
  3774,
  4299,
  4025,
  3420,
  4647,
  2051,
  3845,
  3164,
  4402,
  1059,
  493,
  662,
  924,
  1043,
  202,
  0,
  4122,
  1604,
  981,
  1329,
  1743,
  1185,
  980,
  598,
  4956,
  3177,
  1697,
  4222,
  4576,
  4102,
  4308,
  4530,
  2003,
  4230,
  2762,
  2205,
  5421,
  1414,
  818,
  2334,
  2845,
  2469,
  2298,
  212,
  1798,
  4754,
  2811,
  3547,
  4024,
  3557,
  806,
  4531,
  3432,
  1099,
  623,
  1135,
  4385,
  5546,
  1793,
  1261],
 [3452,
  3861,
  3846,
  3928,
  2765,
  3869,
  3715,
  3670,
  5615,
  4628,
  3092,
  5350,
  2790,
  2961,
  2657,
  2767,
  3017,
  4153,
  4205,
  4307,
  4832,
  4558,
  3953,
  5180,
  2584,
  4378,
  3697,
  4935,
  4819,
  4253,
  4956,
  5122,
  5200,
  4178,
  4273,
  0,
  6461,
  4873,
  5486,
  5509,
  5077,
  5137,
  4358,
  5489,
  3710,
  3503,
  4755,
  5109,
  4635,
  4841,
  5063,
  7545,
  4763,
  3295,
  2738,
  5954,
  5571,
  4975,
  2867,
  3378,
  3002,
  6190,
  4485,
  5558,
  5287,
  6571,
  4080,
  4557,
  4090,
  5004,
  5064,
  3965,
  5297,
  4383,
  5512,
  4918,
  6079,
  5709,
  5418],
 [4494,
  4903,
  4888,
  4970,
  3807,
  4911,
  4757,
  4712,
  6657,
  5670,
  4134,
  6392,
  3832,
  4003,
  3699,
  3809,
  4059,
  5195,
  5247,
  5349,
  4687,
  5600,
  4995,
  6222,
  3626,
  5420,
  4739,
  5977,
  2515,
  1949,
  916,
  675,
  535,
  1777,
  1575,
  3105,
  0,
  2556,
  498,
  1889,
  2760,
  593,
  2054,
  6531,
  4752,
  3272,
  5797,
  6151,
  5677,
  5883,
  6105,
  1222,
  5805,
  4337,
  3780,
  6996,
  196,
  760,
  3909,
  4420,
  4044,
  2855,
  1366,
  3254,
  6329,
  3152,
  5122,
  5599,
  5132,
  964,
  6106,
  5007,
  850,
  2079,
  653,
  5960,
  7121,
  2082,
  317],
 [4990,
  5399,
  5384,
  5466,
  4303,
  5407,
  5253,
  5208,
  7153,
  6166,
  4630,
  6888,
  4328,
  4499,
  4195,
  4305,
  4555,
  5691,
  5743,
  5845,
  6370,
  6096,
  5491,
  6718,
  4122,
  5916,
  5235,
  6473,
  2693,
  2127,
  1352,
  1280,
  1667,
  1836,
  1634,
  4603,
  1588,
  0,
  1953,
  2224,
  204,
  1604,
  2232,
  7027,
  5248,
  3609,
  6293,
  6647,
  6173,
  6379,
  6601,
  2627,
  6301,
  4833,
  4276,
  7492,
  1569,
  1442,
  4405,
  4916,
  4540,
  1643,
  1551,
  3432,
  6825,
  3487,
  5618,
  6095,
  5628,
  1430,
  6602,
  5503,
  964,
  2257,
  1080,
  6456,
  7617,
  2417,
  1500],
 [4245,
  4654,
  4639,
  4721,
  3558,
  4662,
  4508,
  4463,
  6408,
  5421,
  3885,
  6143,
  3583,
  3754,
  3450,
  3560,
  3810,
  4946,
  4998,
  5100,
  4189,
  5351,
  4746,
  5973,
  3377,
  5171,
  4490,
  4602,
  2165,
  1599,
  667,
  833,
  286,
  1528,
  1326,
  2607,
  617,
  2307,
  0,
  1539,
  2511,
  527,
  1704,
  6282,
  4503,
  3023,
  5548,
  5902,
  5428,
  5634,
  5856,
  724,
  5556,
  4088,
  3531,
  6747,
  306,
  511,
  3660,
  4171,
  3795,
  3287,
  1117,
  2904,
  6080,
  2802,
  4873,
  5350,
  4883,
  715,
  5857,
  4758,
  1008,
  1729,
  704,
  5711,
  6872,
  1732,
  346],
 [5831,
  6240,
  6225,
  4518,
  5144,
  6248,
  6094,
  6049,
  7994,
  7007,
  5471,
  4732,
  5169,
  5340,
  5036,
  5146,
  5396,
  6532,
  6584,
  4193,
  3867,
  6937,
  6332,
  7559,
  4963,
  6757,
  6076,
  4280,
  3727,
  3161,
  2478,
  2644,
  2722,
  3179,
  3233,
  2379,
  2472,
  4067,
  1855,
  0,
  4271,
  2659,
  3266,
  7868,
  6089,
  5882,
  7134,
  7488,
  7014,
  7220,
  7442,
  2036,
  7142,
  5674,
  5117,
  8333,
  2161,
  2497,
  5246,
  5757,
  5381,
  4824,
  2928,
  4466,
  7666,
  4364,
  6459,
  6936,
  6469,
  2526,
  7443,
  4826,
  2819,
  3291,
  3034,
  7297,
  6075,
  3294,
  2151],
 [4786,
  5195,
  5180,
  5262,
  4099,
  5203,
  5049,
  5004,
  6949,
  5962,
  4426,
  6684,
  4124,
  4295,
  3991,
  4101,
  4351,
  5487,
  5539,
  5641,
  6166,
  5892,
  5287,
  6514,
  3918,
  5712,
  5031,
  6269,
  2489,
  1923,
  1148,
  1076,
  1463,
  1632,
  1430,
  4399,
  1384,
  1878,
  1749,
  2020,
  0,
  1400,
  2028,
  6823,
  5044,
  3405,
  6089,
  6443,
  5969,
  6175,
  6397,
  2423,
  6097,
  4629,
  4072,
  7288,
  1365,
  1238,
  4201,
  4712,
  4336,
  1439,
  1347,
  3228,
  6621,
  3283,
  5414,
  5891,
  5424,
  1226,
  6398,
  5299,
  760,
  2053,
  876,
  6252,
  7413,
  2213,
  1296],
 [3896,
  4305,
  4290,
  4372,
  3209,
  4313,
  4159,
  4114,
  6059,
  5072,
  3536,
  5794,
  3234,
  3405,
  3101,
  3211,
  3461,
  4597,
  4649,
  4751,
  5276,
  5002,
  4397,
  5624,
  3028,
  4822,
  4141,
  5379,
  1816,
  1250,
  318,
  484,
  241,
  1179,
  977,
  3569,
  1038,
  1958,
  527,
  1190,
  2162,
  0,
  1355,
  5933,
  4154,
  2674,
  5199,
  5553,
  5079,
  5285,
  5507,
  1201,
  5207,
  3739,
  3182,
  6398,
  612,
  162,
  3311,
  3822,
  3446,
  2664,
  768,
  2555,
  5731,
  2453,
  4524,
  5001,
  4534,
  366,
  5508,
  4409,
  659,
  1380,
  874,
  5362,
  6523,
  1383,
  459],
 [3151,
  3560,
  3545,
  3627,
  2464,
  3568,
  3414,
  3369,
  5314,
  4327,
  2791,
  5049,
  2489,
  2660,
  2356,
  2466,
  2716,
  3852,
  3904,
  4006,
  4531,
  4257,
  3652,
  4879,
  2283,
  4077,
  3396,
  4634,
  587,
  163,
  976,
  1142,
  1220,
  482,
  577,
  3908,
  2043,
  1370,
  1506,
  1529,
  1574,
  1157,
  0,
  5188,
  3409,
  1977,
  4454,
  4808,
  4334,
  4540,
  4762,
  3565,
  4462,
  2994,
  2437,
  5653,
  1591,
  995,
  2566,
  3077,
  2701,
  2687,
  789,
  1326,
  4986,
  2339,
  3779,
  4256,
  3789,
  1024,
  4763,
  3664,
  1317,
  79,
  1532,
  4617,
  5778,
  1026,
  1438],
 [2581,
  3091,
  2854,
  3158,
  2971,
  1906,
  2316,
  2122,
  126,
  1521,
  4714,
  2956,
  4412,
  4583,
  4279,
  4389,
  3356,
  2547,
  1866,
  3537,
  4062,
  2298,
  2140,
  729,
  4206,
  2039,
  2364,
  3805,
  5675,
  5109,
  5812,
  5978,
  6056,
  5034,
  5129,
  8744,
  7317,
  5729,
  6342,
  6365,
  5933,
  5993,
  5214,
  0,
  2856,
  5125,
  2495,
  1942,
  2296,
  1912,
  972,
  8401,
  1218,
  4917,
  4360,
  2787,
  6427,
  5831,
  4489,
  2542,
  2633,
  7046,
  5341,
  6414,
  1488,
  7427,
  1783,
  2218,
  2277,
  5860,
  1265,
  3223,
  6153,
  5239,
  6368,
  1811,
  2912,
  6565,
  6274],
 [2774,
  847,
  866,
  921,
  2087,
  990,
  836,
  791,
  2993,
  2081,
  2124,
  2374,
  1822,
  1993,
  1689,
  1799,
  625,
  1237,
  2426,
  1300,
  1825,
  1716,
  3275,
  2558,
  1616,
  2599,
  3019,
  1928,
  2379,
  1813,
  2516,
  2682,
  2760,
  1738,
  1833,
  5448,
  4021,
  2433,
  3046,
  3069,
  2637,
  2697,
  1918,
  2867,
  0,
  2535,
  1913,
  2267,
  2856,
  1999,
  1889,
  5105,
  2037,
  2327,
  1770,
  3112,
  3131,
  2535,
  1899,
  499,
  2324,
  3750,
  2045,
  3118,
  1398,
  4131,
  1201,
  2778,
  3412,
  2564,
  1890,
  924,
  2857,
  1943,
  3072,
  2371,
  3237,
  3269,
  2978],
 [3845,
  4254,
  4239,
  4321,
  3158,
  4262,
  4108,
  4063,
  6008,
  5021,
  3485,
  5743,
  1519,
  1690,
  3050,
  3160,
  3410,
  4546,
  4598,
  4700,
  5225,
  4951,
  4346,
  5573,
  1639,
  4771,
  4090,
  5328,
  1985,
  1419,
  1915,
  2177,
  2296,
  1158,
  1253,
  5048,
  3420,
  1832,
  2582,
  2669,
  2036,
  2233,
  1524,
  5882,
  4103,
  0,
  5148,
  5502,
  5028,
  5234,
  5456,
  3256,
  5156,
  3688,
  1467,
  6347,
  2667,
  2071,
  3260,
  3771,
  3395,
  3149,
  1465,
  2724,
  5680,
  3737,
  4473,
  4950,
  4483,
  2059,
  5457,
  4358,
  2352,
  1549,
  2388,
  5311,
  6472,
  2188,
  2514],
 [2790,
  1174,
  909,
  1010,
  1876,
  1152,
  1120,
  1173,
  2642,
  1730,
  3603,
  461,
  3301,
  3472,
  3168,
  3278,
  1991,
  602,
  2075,
  1214,
  1676,
  197,
  2349,
  2207,
  3095,
  2248,
  2573,
  1310,
  2332,
  3292,
  3995,
  4161,
  4239,
  3217,
  3312,
  6927,
  5500,
  3912,
  4525,
  4548,
  4116,
  4176,
  3397,
  2516,
  1907,
  4014,
  0,
  904,
  2505,
  636,
  1538,
  6584,
  1686,
  3806,
  3249,
  1749,
  4610,
  4014,
  3378,
  1593,
  1538,
  5229,
  3524,
  4597,
  1047,
  5610,
  834,
  2427,
  2486,
  4043,
  1539,
  1278,
  4336,
  3422,
  4551,
  2020,
  1874,
  2172,
  4457],
 [2520,
  1528,
  1263,
  1595,
  2910,
  1506,
  1491,
  1485,
  2372,
  1460,
  3957,
  1365,
  3655,
  3826,
  3522,
  3632,
  2303,
  956,
  1805,
  1974,
  2499,
  707,
  2079,
  1937,
  3449,
  1978,
  2303,
  2308,
  4212,
  3646,
  4349,
  4515,
  4593,
  3571,
  3666,
  7281,
  5854,
  4266,
  4879,
  4902,
  4470,
  4530,
  3751,
  2246,
  2142,
  4368,
  904,
  0,
  2235,
  268,
  1268,
  6938,
  1416,
  4160,
  3603,
  845,
  4964,
  4368,
  3732,
  1905,
  2572,
  5583,
  3878,
  4951,
  959,
  5964,
  1188,
  2157,
  2216,
  4397,
  1269,
  1632,
  4690,
  3776,
  4905,
  1750,
  970,
  2932,
  4811],
 [1490,
  2905,
  2668,
  2972,
  1880,
  1720,
  2130,
  1936,
  1630,
  643,
  3623,
  2770,
  3321,
  3492,
  3188,
  3298,
  2265,
  2361,
  775,
  3351,
  3876,
  2112,
  1049,
  1195,
  3115,
  257,
  1273,
  3619,
  4584,
  4018,
  4721,
  4887,
  4965,
  3943,
  4038,
  7653,
  6226,
  4638,
  5251,
  5274,
  4842,
  4902,
  4123,
  1504,
  2670,
  4034,
  2309,
  1756,
  0,
  1726,
  1078,
  7310,
  778,
  3826,
  3269,
  2601,
  5336,
  4740,
  3398,
  2356,
  1542,
  5955,
  4250,
  5323,
  1302,
  6336,
  1597,
  78,
  1186,
  4769,
  1079,
  3037,
  5062,
  4148,
  5277,
  933,
  2726,
  5474,
  5183],
 [2252,
  1260,
  995,
  1327,
  2642,
  1238,
  1223,
  1217,
  2104,
  1192,
  3689,
  1097,
  3387,
  3558,
  3254,
  3364,
  2035,
  688,
  1537,
  1706,
  2231,
  439,
  1811,
  1669,
  3181,
  1710,
  2035,
  2040,
  3944,
  3378,
  4081,
  4247,
  4325,
  3303,
  3398,
  7013,
  5586,
  3998,
  4611,
  4634,
  4202,
  4262,
  3483,
  1978,
  1874,
  4100,
  636,
  268,
  1967,
  0,
  1000,
  6670,
  1148,
  3892,
  3335,
  1113,
  4696,
  4100,
  3464,
  1637,
  2304,
  5315,
  3610,
  4683,
  691,
  5696,
  920,
  1889,
  1948,
  4129,
  1001,
  1364,
  4422,
  3508,
  4637,
  1482,
  1238,
  2664,
  4543],
 [1609,
  2119,
  1882,
  2186,
  1999,
  934,
  1344,
  1150,
  1104,
  549,
  3742,
  1984,
  3440,
  3611,
  3307,
  3417,
  2384,
  1575,
  894,
  2565,
  3090,
  1326,
  1168,
  669,
  3234,
  1067,
  1392,
  2833,
  4703,
  4137,
  4840,
  5006,
  5084,
  4062,
  4157,
  7772,
  6345,
  4757,
  5370,
  5393,
  4961,
  5021,
  4242,
  978,
  1884,
  4153,
  1523,
  970,
  1324,
  940,
  0,
  7429,
  505,
  3945,
  3388,
  1815,
  5455,
  4859,
  3517,
  1570,
  1661,
  6074,
  4369,
  5442,
  516,
  6455,
  811,
  1246,
  1305,
  4888,
  293,
  2251,
  5181,
  4267,
  5396,
  839,
  1940,
  5593,
  5302],
 [3836,
  4245,
  4230,
  4312,
  3149,
  4253,
  4099,
  4054,
  5999,
  5012,
  3476,
  5734,
  3174,
  3345,
  3041,
  3151,
  3401,
  4537,
  4589,
  4691,
  5216,
  4942,
  4337,
  5564,
  2968,
  4762,
  4081,
  5319,
  1934,
  1368,
  442,
  608,
  686,
  1167,
  1197,
  4201,
  1509,
  2082,
  972,
  1822,
  2286,
  623,
  1473,
  5873,
  4094,
  2662,
  5139,
  5493,
  5019,
  5225,
  5447,
  0,
  5147,
  3679,
  3122,
  6338,
  1057,
  461,
  3251,
  3762,
  3386,
  2788,
  892,
  2673,
  5671,
  3085,
  4464,
  4941,
  4474,
  490,
  5448,
  4349,
  783,
  1498,
  998,
  5302,
  6463,
  2015,
  904],
 [1617,
  2127,
  1890,
  2194,
  2007,
  942,
  1352,
  1158,
  1404,
  557,
  3597,
  1992,
  3295,
  3466,
  3162,
  3272,
  2392,
  1583,
  902,
  2573,
  3098,
  1334,
  1176,
  969,
  3089,
  1075,
  1400,
  2841,
  4711,
  4145,
  4848,
  5014,
  5092,
  4070,
  4165,
  7780,
  6353,
  4765,
  5378,
  5401,
  4969,
  5029,
  4250,
  1278,
  1892,
  4008,
  1531,
  978,
  1332,
  948,
  300,
  7437,
  0,
  3800,
  3243,
  1823,
  5463,
  4867,
  3372,
  1578,
  1669,
  6082,
  4377,
  5450,
  524,
  6463,
  819,
  1254,
  1313,
  4896,
  301,
  2259,
  5189,
  4275,
  5404,
  847,
  1948,
  3531,
  5310],
 [3686,
  3227,
  3212,
  3294,
  2242,
  3235,
  3081,
  3036,
  5849,
  4862,
  954,
  4716,
  2199,
  2535,
  1372,
  1269,
  2383,
  3519,
  4439,
  3673,
  4198,
  3924,
  4187,
  5414,
  2638,
  4612,
  3931,
  4301,
  3822,
  3256,
  3959,
  4125,
  4203,
  3181,
  3276,
  6891,
  5464,
  3876,
  4489,
  4512,
  4080,
  4140,
  3361,
  5723,
  3076,
  3181,
  4121,
  4475,
  4869,
  4207,
  4134,
  6548,
  4997,
  0,
  2312,
  5320,
  4574,
  3978,
  1556,
  2744,
  2579,
  5193,
  3488,
  4561,
  3643,
  5574,
  3446,
  4791,
  2952,
  4007,
  5298,
  3331,
  4300,
  3386,
  4515,
  5152,
  5445,
  4712,
  4421],
 [4069,
  3610,
  3595,
  3677,
  2625,
  3618,
  3464,
  3419,
  6232,
  5245,
  2098,
  5099,
  52,
  223,
  1351,
  1638,
  2766,
  3902,
  4822,
  4056,
  4581,
  4307,
  4570,
  5797,
  1191,
  4995,
  4314,
  4684,
  3719,
  3153,
  3649,
  3911,
  4030,
  2892,
  2987,
  7274,
  5154,
  3566,
  4316,
  4895,
  3770,
  3967,
  3258,
  6106,
  3459,
  1734,
  4504,
  4858,
  5252,
  4590,
  4517,
  6931,
  5380,
  2367,
  0,
  5703,
  4401,
  3805,
  1939,
  3127,
  2962,
  4883,
  3199,
  4458,
  4026,
  5471,
  3829,
  5174,
  3335,
  3793,
  5681,
  3714,
  4086,
  3283,
  4122,
  5535,
  5828,
  3922,
  4248],
 [3512,
  2520,
  2255,
  2587,
  3902,
  2498,
  2483,
  2477,
  3364,
  2452,
  4949,
  1668,
  4647,
  4818,
  4514,
  4624,
  3295,
  1948,
  2797,
  2966,
  3276,
  1699,
  3071,
  2929,
  4441,
  2970,
  3295,
  2910,
  5204,
  4638,
  5341,
  5507,
  5585,
  4563,
  4658,
  6651,
  6846,
  5258,
  5871,
  5894,
  5462,
  5522,
  4743,
  3238,
  3134,
  5360,
  1896,
  992,
  3227,
  1260,
  2260,
  6308,
  2408,
  5152,
  4595,
  0,
  5956,
  5360,
  4724,
  2897,
  3564,
  6575,
  4870,
  5943,
  1951,
  5698,
  2180,
  3149,
  3208,
  5389,
  2261,
  2624,
  5682,
  4768,
  5897,
  2742,
  495,
  3924,
  5803],
 [4330,
  4739,
  4724,
  4806,
  3643,
  4747,
  4593,
  4548,
  6493,
  5506,
  3970,
  6228,
  3668,
  3839,
  3535,
  3645,
  3895,
  5031,
  5083,
  5185,
  4491,
  5436,
  4831,
  6058,
  3462,
  5256,
  4575,
  5813,
  2351,
  1785,
  752,
  511,
  371,
  1613,
  1411,
  2909,
  373,
  2392,
  302,
  1725,
  2596,
  429,
  1890,
  6367,
  4588,
  3108,
  5633,
  5987,
  5513,
  5719,
  5941,
  1026,
  5641,
  4173,
  3616,
  6832,
  0,
  596,
  3745,
  4256,
  3880,
  3247,
  1202,
  3090,
  6165,
  2988,
  4958,
  5435,
  4968,
  800,
  5942,
  4843,
  686,
  1915,
  489,
  5796,
  6957,
  1918,
  153],
 [3734,
  4143,
  4128,
  4210,
  3047,
  4151,
  3997,
  3952,
  5897,
  4910,
  3374,
  5632,
  3072,
  3243,
  2939,
  3049,
  3299,
  4435,
  4487,
  4589,
  5114,
  4840,
  4235,
  5462,
  2866,
  4660,
  3979,
  5217,
  1654,
  1088,
  156,
  322,
  225,
  1017,
  815,
  3407,
  1022,
  1796,
  511,
  1028,
  2000,
  162,
  1193,
  5771,
  3992,
  2512,
  5037,
  5391,
  4917,
  5123,
  5345,
  1185,
  5045,
  3577,
  3020,
  6236,
  596,
  0,
  3149,
  3660,
  3284,
  2502,
  606,
  2393,
  5569,
  2291,
  4362,
  4839,
  4372,
  204,
  5346,
  4247,
  497,
  1218,
  712,
  5200,
  6361,
  1221,
  443],
 [2130,
  1671,
  1656,
  1738,
  686,
  1679,
  1525,
  1480,
  4293,
  3306,
  1955,
  3160,
  1653,
  1824,
  1520,
  1630,
  827,
  1963,
  2883,
  2117,
  2642,
  2368,
  2631,
  3858,
  1447,
  3056,
  2375,
  2745,
  2266,
  1700,
  2403,
  2569,
  2647,
  1625,
  1720,
  5335,
  3908,
  2320,
  2933,
  2956,
  2524,
  2584,
  1805,
  4167,
  1520,
  2366,
  2565,
  2919,
  3313,
  2651,
  2578,
  4992,
  3441,
  2158,
  1601,
  3764,
  3018,
  2422,
  0,
  1188,
  1023,
  3637,
  1932,
  3005,
  2087,
  4018,
  1890,
  3235,
  1396,
  2451,
  3742,
  1775,
  2744,
  1830,
  2959,
  3596,
  3889,
  3156,
  2865],
 [1837,
  713,
  485,
  780,
  1152,
  491,
  337,
  292,
  2494,
  1582,
  2343,
  1875,
  2041,
  2212,
  1908,
  2018,
  722,
  738,
  1927,
  1159,
  1684,
  1217,
  1396,
  2059,
  1835,
  2100,
  1620,
  1768,
  2598,
  2032,
  2735,
  2901,
  2979,
  1957,
  2052,
  5667,
  4240,
  2652,
  3265,
  3288,
  2856,
  2916,
  2137,
  2368,
  638,
  2754,
  1414,
  1768,
  2357,
  1500,
  1390,
  5324,
  1538,
  2546,
  1989,
  2613,
  3350,
  2754,
  2118,
  0,
  814,
  3969,
  2264,
  3337,
  899,
  4350,
  702,
  2279,
  1533,
  2783,
  1391,
  854,
  3076,
  2162,
  3291,
  1872,
  2738,
  2117,
  3197],
 [1625,
  1781,
  1766,
  1848,
  338,
  1789,
  1635,
  1590,
  2881,
  1894,
  2081,
  3270,
  1779,
  1950,
  1646,
  1756,
  937,
  2073,
  1471,
  2227,
  2752,
  2478,
  1400,
  2446,
  1573,
  1644,
  1408,
  2855,
  2392,
  1826,
  2529,
  2695,
  2773,
  1751,
  1846,
  5461,
  4034,
  2446,
  3059,
  3082,
  2650,
  2710,
  1931,
  2755,
  1630,
  2492,
  2675,
  3029,
  1901,
  2761,
  2329,
  5118,
  2029,
  2284,
  1727,
  3874,
  3144,
  2548,
  1856,
  1298,
  0,
  3763,
  2058,
  3131,
  2197,
  4144,
  2000,
  1823,
  1030,
  2577,
  2330,
  1885,
  2870,
  1956,
  3085,
  2184,
  3999,
  3282,
  2991],
 [3347,
  3756,
  3741,
  3823,
  2660,
  3764,
  3610,
  3565,
  5510,
  4523,
  2987,
  5245,
  2685,
  2856,
  2552,
  2662,
  2912,
  4048,
  4100,
  4202,
  4727,
  4453,
  3848,
  5075,
  2479,
  4273,
  3592,
  4830,
  1621,
  1055,
  1551,
  1719,
  1932,
  794,
  889,
  4684,
  2027,
  439,
  2218,
  2305,
  643,
  1869,
  1160,
  5384,
  3605,
  1966,
  4650,
  5004,
  4530,
  4736,
  4958,
  2892,
  4658,
  3190,
  2633,
  5849,
  2303,
  1707,
  2762,
  3273,
  2897,
  0,
  1101,
  2360,
  5182,
  3373,
  3975,
  4452,
  3985,
  1695,
  4959,
  3860,
  1403,
  1185,
  1519,
  4813,
  5974,
  1824,
  2150],
 [3128,
  3537,
  3522,
  3604,
  2441,
  3545,
  3391,
  3346,
  5291,
  4304,
  2768,
  5026,
  2466,
  2637,
  2333,
  2443,
  2693,
  3829,
  3881,
  3983,
  4508,
  4234,
  3629,
  4856,
  2260,
  4054,
  3373,
  4611,
  1268,
  702,
  450,
  712,
  831,
  411,
  209,
  3767,
  1628,
  1190,
  1117,
  1388,
  1394,
  768,
  807,
  5165,
  3386,
  1906,
  4431,
  4785,
  4311,
  4517,
  4739,
  1791,
  4439,
  2971,
  2414,
  5630,
  1202,
  606,
  2543,
  3054,
  2678,
  2507,
  0,
  2007,
  4963,
  3020,
  3756,
  4233,
  3766,
  594,
  4740,
  3641,
  887,
  832,
  1102,
  4594,
  5755,
  1581,
  1049],
 [4778,
  2708,
  2762,
  2518,
  4091,
  5195,
  3148,
  4996,
  6941,
  5954,
  4418,
  4048,
  4116,
  4287,
  3983,
  4093,
  4343,
  3069,
  5531,
  3509,
  3183,
  3474,
  5279,
  6506,
  3910,
  5704,
  5023,
  3596,
  1280,
  1790,
  1606,
  1772,
  1850,
  2109,
  2265,
  3505,
  2673,
  2997,
  2136,
  2166,
  3201,
  1787,
  1665,
  6815,
  3213,
  3604,
  3322,
  4025,
  5961,
  3757,
  6389,
  3162,
  6089,
  4621,
  4064,
  5118,
  2221,
  1625,
  4193,
  4704,
  4328,
  3952,
  2056,
  0,
  6613,
  1013,
  5406,
  5883,
  5416,
  1654,
  6390,
  2826,
  1947,
  1744,
  2162,
  6244,
  5391,
  1120,
  2068],
 [1913,
  1603,
  1366,
  1670,
  1337,
  418,
  828,
  634,
  1765,
  853,
  3073,
  1468,
  2771,
  2942,
  2638,
  2748,
  1452,
  1059,
  1198,
  2049,
  2574,
  810,
  1472,
  1330,
  2565,
  1371,
  1696,
  2317,
  3328,
  2762,
  3465,
  3631,
  3709,
  2687,
  2782,
  6397,
  4970,
  3382,
  3995,
  4018,
  3586,
  3646,
  2867,
  1639,
  1368,
  3484,
  1007,
  1102,
  1628,
  1093,
  661,
  6054,
  809,
  3276,
  2719,
  1947,
  4080,
  3484,
  2848,
  1054,
  999,
  4699,
  2994,
  4067,
  0,
  5080,
  295,
  1550,
  1609,
  3513,
  662,
  1735,
  3806,
  2892,
  4021,
  1143,
  2072,
  3007,
  3927],
 [3765,
  1695,
  1749,
  1505,
  3078,
  4182,
  2135,
  3983,
  5928,
  4941,
  3405,
  2863,
  3103,
  3274,
  2970,
  3080,
  3330,
  2056,
  4518,
  1729,
  2254,
  2461,
  4266,
  5493,
  2897,
  4691,
  4010,
  2448,
  267,
  777,
  1590,
  1756,
  1834,
  1096,
  1191,
  4522,
  2657,
  1984,
  2120,
  2143,
  2188,
  1771,
  652,
  5802,
  2200,
  2591,
  2309,
  3012,
  4948,
  2744,
  5376,
  4179,
  5076,
  3608,
  3051,
  3857,
  2205,
  1609,
  3180,
  3691,
  3315,
  3301,
  1403,
  929,
  5600,
  0,
  4393,
  4870,
  4403,
  1638,
  5377,
  1813,
  1931,
  731,
  2146,
  5231,
  3982,
  107,
  2052],
 [1309,
  1308,
  919,
  1375,
  1042,
  123,
  533,
  339,
  1966,
  1054,
  2778,
  1347,
  2476,
  2647,
  2343,
  2453,
  1157,
  934,
  714,
  1754,
  2279,
  689,
  868,
  1531,
  2270,
  887,
  1092,
  1964,
  3033,
  2467,
  3170,
  3336,
  3414,
  2392,
  2487,
  6102,
  4675,
  3087,
  3700,
  3723,
  3291,
  3351,
  2572,
  1840,
  1073,
  3189,
  886,
  1240,
  1144,
  972,
  862,
  5759,
  1010,
  2981,
  2424,
  2085,
  3785,
  3189,
  2553,
  759,
  704,
  4404,
  2699,
  3772,
  371,
  4785,
  0,
  1066,
  1005,
  3218,
  863,
  1288,
  3511,
  2597,
  3726,
  1344,
  2210,
  2712,
  3632],
 [1412,
  2827,
  2590,
  2894,
  1802,
  1642,
  2052,
  1858,
  1552,
  565,
  3545,
  2692,
  3243,
  3414,
  3110,
  3220,
  2187,
  2283,
  697,
  3273,
  3798,
  2034,
  971,
  1117,
  3037,
  179,
  1195,
  3541,
  4506,
  3940,
  4643,
  4809,
  4887,
  3865,
  3960,
  7575,
  6148,
  4560,
  5173,
  5196,
  4764,
  4824,
  4045,
  1426,
  2592,
  3956,
  2231,
  1678,
  78,
  1648,
  1000,
  7232,
  700,
  3748,
  3191,
  2523,
  5258,
  4662,
  3320,
  2278,
  1464,
  5877,
  4172,
  5245,
  1224,
  6258,
  1519,
  0,
  1108,
  4691,
  1001,
  2959,
  4984,
  4070,
  5199,
  855,
  2648,
  5396,
  5105],
 [759,
  1923,
  1908,
  1990,
  694,
  1033,
  1044,
  834,
  2240,
  1253,
  2437,
  2259,
  2135,
  2306,
  2002,
  2112,
  1079,
  2215,
  830,
  2369,
  2894,
  1601,
  759,
  1805,
  1929,
  1003,
  542,
  2997,
  2748,
  2182,
  2885,
  3051,
  3129,
  2107,
  2202,
  5817,
  4390,
  2802,
  3415,
  3438,
  3006,
  3066,
  2287,
  2114,
  1584,
  2848,
  1798,
  2366,
  1260,
  1884,
  1688,
  5474,
  1388,
  2640,
  2083,
  3211,
  3500,
  2904,
  2212,
  1440,
  356,
  4119,
  2414,
  3487,
  1912,
  4500,
  1086,
  1182,
  0,
  2933,
  1689,
  2027,
  3226,
  2312,
  3441,
  1543,
  3336,
  3638,
  3347],
 [4038,
  4447,
  4432,
  4514,
  3351,
  4455,
  4301,
  4256,
  6201,
  5214,
  3678,
  5936,
  3376,
  3547,
  3243,
  3353,
  3603,
  4739,
  4791,
  4893,
  5418,
  5144,
  4539,
  5766,
  3170,
  4964,
  4283,
  5521,
  1958,
  1392,
  460,
  118,
  775,
  1321,
  1119,
  3711,
  1019,
  2100,
  1061,
  1332,
  2304,
  712,
  1497,
  6075,
  4296,
  2816,
  5341,
  5695,
  5221,
  5427,
  5649,
  1735,
  5349,
  3881,
  3324,
  6540,
  593,
  550,
  3453,
  3964,
  3588,
  2298,
  910,
  2697,
  5873,
  2595,
  4666,
  5143,
  4676,
  0,
  5650,
  4551,
  293,
  1522,
  508,
  5504,
  6665,
  1525,
  524],
 [1784,
  1826,
  1589,
  1893,
  2174,
  641,
  1051,
  857,
  1636,
  724,
  3296,
  1691,
  2994,
  3165,
  2861,
  2971,
  1675,
  1282,
  1069,
  2272,
  2797,
  1033,
  1343,
  1201,
  2788,
  1242,
  1567,
  2540,
  3551,
  2985,
  3688,
  3854,
  3932,
  2910,
  3005,
  6620,
  5193,
  3605,
  4218,
  4241,
  3809,
  3869,
  3090,
  1510,
  1591,
  3707,
  1230,
  973,
  1499,
  943,
  532,
  6277,
  680,
  3499,
  2942,
  1818,
  4303,
  3707,
  3071,
  1277,
  1836,
  4922,
  3217,
  4290,
  223,
  5303,
  518,
  1421,
  1480,
  3736,
  0,
  1958,
  4029,
  3115,
  4244,
  1014,
  1943,
  3230,
  4150],
 [2975,
  612,
  597,
  679,
  2288,
  896,
  983,
  697,
  2899,
  1987,
  2325,
  2101,
  2023,
  2194,
  1890,
  2000,
  803,
  904,
  2332,
  1058,
  1583,
  1309,
  3476,
  2464,
  1817,
  2505,
  3220,
  1686,
  2580,
  2014,
  2717,
  2883,
  2961,
  1939,
  2034,
  5649,
  4222,
  2634,
  3247,
  3270,
  2838,
  2898,
  2119,
  2773,
  620,
  2736,
  1506,
  1860,
  2762,
  1592,
  1795,
  5306,
  1943,
  2528,
  1971,
  2705,
  3332,
  2736,
  2100,
  405,
  2525,
  3951,
  2246,
  3319,
  1304,
  4332,
  1107,
  2684,
  3613,
  2765,
  1796,
  0,
  3058,
  2144,
  3273,
  2277,
  2830,
  2016,
  3179],
 [3900,
  4309,
  4294,
  4376,
  3213,
  4317,
  4163,
  4118,
  6063,
  5076,
  3540,
  5798,
  3238,
  3409,
  3105,
  3215,
  3465,
  4601,
  4653,
  4755,
  5280,
  5006,
  4401,
  5628,
  3032,
  4826,
  4145,
  5383,
  1961,
  1395,
  463,
  391,
  778,
  1183,
  981,
  3714,
  870,
  1962,
  915,
  1335,
  1828,
  715,
  1500,
  5937,
  4158,
  2678,
  5203,
  5557,
  5083,
  5289,
  5511,
  1738,
  5211,
  3743,
  3186,
  6402,
  704,
  553,
  3315,
  3826,
  3450,
  2005,
  898,
  2700,
  5735,
  2598,
  4528,
  5005,
  4538,
  541,
  5512,
  4413,
  0,
  1525,
  215,
  5366,
  6527,
  1528,
  635],
 [3120,
  3529,
  3514,
  3596,
  2433,
  3537,
  3383,
  3338,
  5283,
  4296,
  2760,
  5018,
  2458,
  2629,
  2325,
  2435,
  2685,
  3821,
  3873,
  3975,
  4500,
  4226,
  3621,
  4848,
  2252,
  4046,
  3365,
  4603,
  698,
  132,
  945,
  1111,
  1189,
  451,
  546,
  3877,
  2012,
  1339,
  1475,
  1498,
  1543,
  1126,
  79,
  5157,
  3378,
  1946,
  4423,
  4777,
  4303,
  4509,
  4731,
  3534,
  4431,
  2963,
  2406,
  5622,
  1560,
  964,
  2535,
  3046,
  2670,
  2656,
  758,
  1437,
  4955,
  2450,
  3748,
  4225,
  3758,
  993,
  4732,
  3633,
  1286,
  0,
  1501,
  4586,
  5747,
  995,
  1407],
 [4049,
  4458,
  4443,
  4525,
  3362,
  4466,
  4312,
  4267,
  6212,
  5225,
  3689,
  5947,
  3387,
  3558,
  3254,
  3364,
  3614,
  4750,
  4802,
  4904,
  5429,
  5155,
  4550,
  5777,
  3181,
  4975,
  4294,
  5532,
  2152,
  1586,
  654,
  322,
  638,
  1332,
  1130,
  3905,
  915,
  2111,
  700,
  1526,
  1977,
  406,
  1691,
  6086,
  4307,
  2827,
  5352,
  5706,
  5232,
  5438,
  5660,
  1440,
  5360,
  3892,
  3335,
  6551,
  489,
  744,
  3464,
  3975,
  3599,
  2154,
  1047,
  2891,
  5884,
  2789,
  4677,
  5154,
  4687,
  732,
  5661,
  4562,
  266,
  1716,
  0,
  5515,
  6676,
  1719,
  420],
 [2074,
  2584,
  2347,
  2651,
  2464,
  1399,
  1809,
  1615,
  697,
  1014,
  4207,
  2449,
  3905,
  4076,
  3772,
  3882,
  2849,
  2040,
  1359,
  3030,
  3555,
  1791,
  1633,
  262,
  3699,
  1532,
  1857,
  3298,
  5168,
  4602,
  5305,
  5471,
  5549,
  4527,
  4622,
  8237,
  6810,
  5222,
  5835,
  5858,
  5426,
  5486,
  4707,
  571,
  2349,
  4618,
  1988,
  1435,
  1789,
  1405,
  465,
  7894,
  970,
  4410,
  3853,
  2280,
  5920,
  5324,
  3982,
  2035,
  2126,
  6539,
  4834,
  5907,
  981,
  6920,
  1276,
  1711,
  1770,
  5353,
  758,
  2716,
  5646,
  4732,
  5861,
  0,
  2405,
  6058,
  5767],
 [3017,
  2025,
  1760,
  2092,
  3407,
  2003,
  1988,
  1982,
  2869,
  1957,
  4454,
  1173,
  4152,
  4323,
  4019,
  4129,
  2800,
  1453,
  2302,
  2471,
  2996,
  1204,
  2576,
  2434,
  3946,
  2475,
  2800,
  2022,
  4709,
  4143,
  4846,
  5012,
  5090,
  4068,
  4163,
  7778,
  6351,
  4763,
  5376,
  5399,
  4967,
  5027,
  4248,
  2743,
  2639,
  4865,
  1401,
  497,
  2732,
  765,
  1765,
  7435,
  1913,
  4657,
  4100,
  515,
  5461,
  4865,
  4229,
  2402,
  3069,
  6080,
  4375,
  5448,
  1456,
  6461,
  1685,
  2654,
  2713,
  4894,
  1766,
  2129,
  5187,
  4273,
  5402,
  2247,
  0,
  3429,
  5308],
 [3658,
  4067,
  4052,
  4134,
  2971,
  4075,
  3921,
  3876,
  5821,
  4834,
  3298,
  5556,
  2996,
  3167,
  2863,
  2973,
  3223,
  4359,
  4411,
  4513,
  5038,
  4764,
  4159,
  5386,
  2790,
  4584,
  3903,
  5141,
  160,
  670,
  1483,
  1649,
  1727,
  989,
  1084,
  4415,
  2550,
  1877,
  2013,
  2036,
  2081,
  1664,
  545,
  5695,
  3916,
  2484,
  4961,
  5315,
  4841,
  5047,
  5269,
  4072,
  4969,
  3501,
  2944,
  6160,
  2098,
  1502,
  3073,
  3584,
  3208,
  3194,
  1296,
  822,
  5493,
  1835,
  4286,
  4763,
  4296,
  1531,
  5270,
  4171,
  1824,
  624,
  2039,
  5124,
  6285,
  0,
  1945],
 [4177,
  4586,
  4571,
  4653,
  3490,
  4594,
  4440,
  4395,
  6340,
  5353,
  3817,
  6075,
  3515,
  3686,
  3382,
  3492,
  3742,
  4878,
  4930,
  5032,
  4485,
  5283,
  4678,
  5905,
  3309,
  5103,
  4422,
  5660,
  2097,
  1531,
  599,
  442,
  218,
  1460,
  1258,
  2903,
  579,
  2239,
  364,
  1471,
  2443,
  459,
  1636,
  6214,
  4435,
  2955,
  5480,
  5834,
  5360,
  5566,
  5788,
  1020,
  5488,
  4020,
  3463,
  6679,
  153,
  443,
  3592,
  4103,
  3727,
  2622,
  1049,
  2836,
  6012,
  2734,
  4805,
  5282,
  4815,
  647,
  5789,
  4690,
  617,
  1661,
  420,
  5643,
  6804,
  1664,
  0]]
