[[0,
  416,
  772,
  705,
  1693,
  1269,
  1230,
  476,
  2996,
  3244,
  2933,
  3187,
  3514,
  3923,
  1783,
  1449,
  2499,
  2623,
  3991,
  2884,
  3898,
  2952,
  4482,
  5625,
  4412,
  3994,
  3039,
  7125,
  3307,
  3736,
  3627,
  5579,
  2996,
  3888,
  4178,
  3186,
  3848,
  4638,
  4478,
  5936,
  3074,
  2979,
  3467,
  3062,
  2151,
  3823,
  3766,
  4033,
  6646,
  801,
  4011,
  2871,
  2289,
  3395,
  3727,
  3208,
  1140,
  4174,
  5564,
  3263,
  4014,
  5346,
  3537,
  2843,
  2904,
  690,
  1027,
  2868,
  3495,
  4430,
  6262,
  2062,
  2656,
  3221,
  3072,
  2021,
  3747,
  3372,
  3586,
  2894,
  1322],
 [299,
  0,
  356,
  1004,
  1277,
  1107,
  814,
  775,
  2834,
  3082,
  2771,
  3025,
  3352,
  3761,
  1621,
  1287,
  2337,
  2461,
  3829,
  2722,
  3736,
  2790,
  4320,
  4213,
  4250,
  3832,
  2877,
  6963,
  3145,
  3574,
  3465,
  5417,
  2834,
  3726,
  4016,
  3024,
  3686,
  4476,
  4316,
  5778,
  2912,
  2817,
  3305,
  2900,
  1989,
  3661,
  3604,
  3871,
  4953,
  661,
  3849,
  2709,
  2127,
  3233,
  3565,
  3046,
  322,
  4012,
  5326,
  3101,
  3852,
  4137,
  3375,
  2681,
  2742,
  528,
  865,
  2706,
  3333,
  4268,
  6024,
  1900,
  2494,
  3059,
  2910,
  1859,
  3585,
  3210,
  3424,
  2732,
  906],
 [751,
  452,
  0,
  1350,
  921,
  1559,
  458,
  1227,
  3286,
  3534,
  3223,
  3477,
  3643,
  4052,
  2073,
  1739,
  2454,
  2770,
  4120,
  3013,
  4027,
  2276,
  3806,
  3699,
  3736,
  4123,
  2363,
  7254,
  2631,
  3784,
  3551,
  5708,
  3125,
  3212,
  3502,
  2510,
  3172,
  3962,
  3802,
  4198,
  3221,
  3108,
  3596,
  3352,
  2142,
  3952,
  3090,
  3357,
  5244,
  681,
  4140,
  3018,
  2579,
  2719,
  3051,
  3337,
  342,
  3498,
  5284,
  3392,
  3338,
  3623,
  3666,
  3133,
  3033,
  980,
  1317,
  2997,
  2819,
  3754,
  5982,
  2209,
  2946,
  3350,
  3362,
  2311,
  3876,
  2696,
  2910,
  3184,
  550],
 [663,
  868,
  1224,
  0,
  2145,
  1453,
  1682,
  1139,
  3180,
  3428,
  3117,
  3371,
  3698,
  4107,
  1967,
  1633,
  2683,
  2807,
  4175,
  3068,
  4082,
  3136,
  4666,
  4559,
  4596,
  4178,
  3223,
  7309,
  3491,
  3920,
  3811,
  5763,
  3180,
  4072,
  4362,
  3370,
  4032,
  4822,
  4662,
  6124,
  3258,
  3163,
  3651,
  3246,
  2335,
  4007,
  3950,
  4217,
  5299,
  1529,
  4195,
  3055,
  2473,
  3579,
  3911,
  3392,
  1190,
  4358,
  6658,
  3447,
  4198,
  4483,
  3721,
  3027,
  3088,
  874,
  1211,
  3052,
  3679,
  4614,
  7356,
  2246,
  2840,
  3405,
  3256,
  2205,
  3931,
  3556,
  3770,
  3078,
  1774],
 [1578,
  1279,
  1236,
  2177,
  0,
  2386,
  521,
  2054,
  3207,
  3455,
  3144,
  3195,
  3359,
  3768,
  2900,
  2566,
  2170,
  2486,
  3836,
  2729,
  3743,
  1992,
  3522,
  3415,
  3452,
  3839,
  2079,
  6970,
  2347,
  3500,
  3267,
  5424,
  2841,
  2928,
  3218,
  2226,
  2888,
  3678,
  3518,
  5865,
  2937,
  2824,
  3312,
  3273,
  1858,
  3668,
  2806,
  3073,
  6575,
  1508,
  3856,
  2734,
  2500,
  2435,
  2767,
  3053,
  1169,
  3214,
  5493,
  3108,
  3054,
  3339,
  3382,
  3054,
  2749,
  1807,
  2144,
  2713,
  2535,
  3470,
  6191,
  1925,
  2867,
  3066,
  3283,
  2232,
  3592,
  2412,
  2626,
  3105,
  633],
 [892,
  1097,
  1453,
  1597,
  2374,
  0,
  1911,
  1368,
  1727,
  1975,
  1664,
  1918,
  2245,
  2654,
  514,
  180,
  1230,
  1354,
  2722,
  1615,
  2629,
  1683,
  3213,
  3106,
  3143,
  2725,
  1770,
  5856,
  2038,
  2467,
  2358,
  4310,
  1727,
  2619,
  2909,
  1917,
  2579,
  3369,
  3209,
  4671,
  1805,
  1710,
  2198,
  1793,
  882,
  2554,
  2497,
  2764,
  3846,
  1693,
  2742,
  1602,
  1020,
  2126,
  2458,
  1939,
  1419,
  2905,
  5205,
  1994,
  2745,
  3030,
  2268,
  1574,
  1635,
  824,
  341,
  1599,
  2226,
  3161,
  5903,
  793,
  1387,
  1952,
  1803,
  752,
  2478,
  2103,
  2317,
  1625,
  2003],
 [1057,
  758,
  715,
  1656,
  767,
  1865,
  0,
  1533,
  3592,
  3840,
  3529,
  3783,
  3489,
  3898,
  2379,
  2045,
  2300,
  3219,
  3966,
  2859,
  3873,
  2122,
  3652,
  3545,
  3582,
  3969,
  2209,
  7100,
  2477,
  3630,
  3397,
  5554,
  2971,
  3058,
  3348,
  2356,
  3018,
  3808,
  3648,
  4044,
  3670,
  2954,
  3442,
  3658,
  1988,
  3798,
  2936,
  3203,
  5090,
  987,
  3986,
  3467,
  2885,
  2565,
  2897,
  3183,
  648,
  3344,
  5590,
  3238,
  3184,
  3469,
  3512,
  3439,
  2879,
  1286,
  1623,
  2843,
  2665,
  3600,
  6288,
  2658,
  3252,
  3196,
  3668,
  2617,
  3722,
  2542,
  2756,
  3490,
  396],
 [796,
  972,
  929,
  548,
  1850,
  1586,
  1387,
  0,
  3313,
  3561,
  3250,
  3504,
  3831,
  4240,
  2100,
  1766,
  2816,
  2940,
  4308,
  3201,
  4215,
  3269,
  4799,
  5149,
  5389,
  4311,
  3356,
  7442,
  3624,
  4053,
  3944,
  6688,
  3313,
  4205,
  4495,
  3503,
  4165,
  5615,
  4795,
  5460,
  3391,
  3296,
  3784,
  3379,
  2468,
  4140,
  4083,
  4350,
  6170,
  325,
  4328,
  3188,
  2606,
  3712,
  4971,
  3525,
  664,
  4491,
  5088,
  3580,
  4331,
  4870,
  3854,
  3160,
  3221,
  1007,
  1344,
  3185,
  3812,
  5847,
  5786,
  2379,
  2973,
  3538,
  3389,
  2338,
  4064,
  3689,
  3903,
  3211,
  1479],
 [2869,
  3074,
  3430,
  3574,
  3316,
  1977,
  3220,
  3345,
  0,
  740,
  429,
  683,
  2183,
  2592,
  1506,
  1797,
  1543,
  687,
  2660,
  1321,
  2567,
  2356,
  3886,
  3779,
  3816,
  2663,
  2443,
  5794,
  2711,
  2405,
  2296,
  4248,
  1665,
  2635,
  3582,
  2590,
  3252,
  4042,
  3882,
  4609,
  941,
  744,
  1904,
  558,
  1555,
  2492,
  3170,
  3129,
  3784,
  3670,
  2448,
  780,
  942,
  2799,
  3131,
  1668,
  3396,
  3578,
  5143,
  1700,
  3418,
  3703,
  1974,
  339,
  1754,
  2801,
  2318,
  1933,
  2899,
  3834,
  5841,
  1784,
  176,
  1658,
  592,
  1210,
  2416,
  2776,
  2990,
  390,
  3332],
 [3429,
  3634,
  3990,
  4134,
  3876,
  2537,
  3780,
  3905,
  560,
  0,
  311,
  1127,
  2743,
  3152,
  2066,
  2357,
  2103,
  1131,
  3220,
  1881,
  3127,
  2916,
  4446,
  4339,
  4376,
  3223,
  3003,
  6354,
  3271,
  2965,
  2856,
  4808,
  2225,
  3195,
  4142,
  3150,
  3812,
  4602,
  4442,
  5169,
  1385,
  1304,
  2464,
  182,
  2115,
  3052,
  3730,
  3689,
  4344,
  4230,
  3008,
  1224,
  1502,
  3359,
  3691,
  2228,
  3956,
  4138,
  5703,
  2260,
  3978,
  4263,
  2534,
  783,
  2314,
  3361,
  2878,
  2493,
  3459,
  4394,
  6401,
  2344,
  736,
  2218,
  1152,
  1770,
  2976,
  3336,
  3550,
  834,
  3892],
 [3118,
  3323,
  3679,
  3823,
  3565,
  2226,
  3469,
  3594,
  249,
  311,
  0,
  816,
  2432,
  2841,
  1755,
  2046,
  1792,
  820,
  2909,
  1570,
  2816,
  2605,
  4135,
  4028,
  4065,
  2912,
  2692,
  6043,
  2960,
  2654,
  2545,
  4497,
  1914,
  2884,
  3831,
  2839,
  3501,
  4291,
  4131,
  4858,
  1074,
  993,
  2153,
  129,
  1804,
  2741,
  3419,
  3378,
  4033,
  3919,
  2697,
  913,
  1191,
  3048,
  3380,
  1917,
  3645,
  3827,
  5392,
  1949,
  3667,
  3952,
  2223,
  472,
  2003,
  3050,
  2567,
  2182,
  3148,
  4083,
  6090,
  2033,
  425,
  1907,
  841,
  1459,
  2665,
  3025,
  3239,
  523,
  3581],
 [3103,
  3308,
  3664,
  3808,
  3279,
  2211,
  3183,
  3579,
  771,
  1127,
  816,
  0,
  2684,
  3093,
  2007,
  2031,
  2044,
  709,
  3161,
  1822,
  3068,
  2319,
  3849,
  3742,
  3779,
  3164,
  2406,
  6295,
  2674,
  2906,
  2797,
  4749,
  2166,
  3136,
  3545,
  2553,
  3215,
  4005,
  3845,
  5110,
  258,
  1245,
  2405,
  945,
  1518,
  2993,
  3133,
  3630,
  4285,
  3904,
  2949,
  461,
  1443,
  2762,
  3094,
  2169,
  3630,
  3541,
  5644,
  2201,
  3381,
  3666,
  2475,
  344,
  2255,
  3035,
  2552,
  2434,
  2862,
  3797,
  6342,
  1695,
  677,
  2159,
  1093,
  1711,
  2917,
  2739,
  2953,
  293,
  3295],
 [2968,
  3173,
  3529,
  3673,
  3092,
  2076,
  2996,
  3444,
  2341,
  2589,
  2278,
  2532,
  0,
  776,
  1629,
  1896,
  1319,
  2121,
  844,
  1221,
  751,
  2132,
  3334,
  3939,
  4103,
  1570,
  2219,
  4701,
  2487,
  1312,
  1203,
  3155,
  565,
  1542,
  3122,
  2366,
  2792,
  4329,
  3658,
  3516,
  2572,
  1445,
  1762,
  2407,
  1331,
  1399,
  2618,
  2036,
  2691,
  3769,
  1157,
  2369,
  2135,
  2575,
  2907,
  852,
  3495,
  3118,
  4050,
  1600,
  2958,
  3479,
  1620,
  2188,
  548,
  2900,
  2417,
  859,
  2675,
  3374,
  4748,
  1560,
  2001,
  1558,
  2417,
  1867,
  1323,
  2552,
  2766,
  2239,
  3108],
 [3126,
  3331,
  3687,
  3831,
  3250,
  2234,
  3154,
  3602,
  2499,
  2747,
  2436,
  2690,
  158,
  0,
  1787,
  2054,
  1477,
  2279,
  655,
  1379,
  562,
  2290,
  3492,
  4097,
  4261,
  1728,
  2377,
  4859,
  2645,
  1470,
  1361,
  3313,
  723,
  1700,
  3280,
  2524,
  2950,
  4487,
  3816,
  3674,
  2730,
  1603,
  1573,
  2565,
  1489,
  1557,
  2776,
  2194,
  2849,
  3927,
  968,
  2527,
  2293,
  2733,
  3065,
  1010,
  3653,
  3276,
  4208,
  1758,
  3116,
  3637,
  1431,
  2346,
  706,
  3058,
  2575,
  1017,
  2833,
  3532,
  4906,
  1718,
  2159,
  1716,
  2575,
  2025,
  1481,
  2710,
  2924,
  2397,
  3266],
 [2147,
  2352,
  2748,
  2852,
  2129,
  1255,
  2033,
  2623,
  2092,
  2340,
  2029,
  1549,
  1731,
  2140,
  0,
  1075,
  716,
  840,
  2208,
  1101,
  2115,
  1169,
  2699,
  2592,
  2629,
  2211,
  1256,
  5342,
  1524,
  1953,
  1844,
  3796,
  1213,
  2105,
  2395,
  1403,
  2065,
  2855,
  2695,
  4157,
  1291,
  1196,
  1684,
  2158,
  368,
  2040,
  1983,
  2250,
  3332,
  3020,
  2228,
  1088,
  1314,
  1612,
  1944,
  1425,
  2681,
  2391,
  4691,
  1480,
  2231,
  2516,
  1754,
  1939,
  1121,
  2079,
  1596,
  1085,
  1712,
  2647,
  5389,
  279,
  1752,
  1438,
  2168,
  1046,
  1964,
  1589,
  1803,
  1990,
  2145],
 [1072,
  1277,
  1633,
  1777,
  2554,
  180,
  2091,
  1548,
  1547,
  1795,
  1484,
  1738,
  2065,
  2474,
  334,
  0,
  1050,
  1174,
  2542,
  1435,
  2449,
  1503,
  3033,
  2926,
  2963,
  2545,
  1590,
  5676,
  1858,
  2287,
  2178,
  4130,
  1547,
  2439,
  2729,
  1737,
  2399,
  3189,
  3029,
  4491,
  1625,
  1530,
  2018,
  1613,
  702,
  2374,
  2317,
  2584,
  3666,
  1873,
  2562,
  1422,
  840,
  1946,
  2278,
  1759,
  1599,
  2725,
  5025,
  1814,
  2565,
  2850,
  2088,
  1394,
  1455,
  1004,
  521,
  1419,
  2046,
  2981,
  5723,
  613,
  1207,
  1772,
  1623,
  572,
  2298,
  1923,
  2137,
  1445,
  2183],
 [2628,
  2833,
  2574,
  3333,
  1955,
  1736,
  1859,
  3104,
  2054,
  2302,
  1991,
  2245,
  1622,
  2031,
  1289,
  1556,
  0,
  1781,
  2099,
  1063,
  2006,
  995,
  2525,
  2418,
  2455,
  2102,
  1082,
  5233,
  1350,
  1844,
  1735,
  3687,
  1104,
  1931,
  2221,
  1229,
  1891,
  2681,
  2521,
  4048,
  2232,
  1158,
  1646,
  2120,
  749,
  1931,
  1809,
  2076,
  3223,
  2846,
  2412,
  2029,
  1795,
  1438,
  1770,
  1316,
  2507,
  2217,
  4582,
  1442,
  2057,
  2342,
  1716,
  1901,
  1012,
  2560,
  2077,
  976,
  1538,
  2473,
  5280,
  1220,
  1714,
  1400,
  2130,
  1527,
  1855,
  1415,
  1629,
  1952,
  1971],
 [2394,
  2599,
  2955,
  3099,
  2570,
  1502,
  2474,
  2870,
  988,
  1344,
  1033,
  709,
  2172,
  2581,
  1055,
  1322,
  1157,
  0,
  2649,
  1542,
  2556,
  1610,
  3140,
  3033,
  3070,
  2652,
  1697,
  5783,
  1965,
  2394,
  2285,
  4237,
  1654,
  2546,
  2836,
  1844,
  2506,
  3296,
  3136,
  4598,
  451,
  1637,
  2125,
  1162,
  809,
  2481,
  2424,
  2691,
  3773,
  3195,
  2669,
  248,
  1561,
  2053,
  2385,
  1866,
  2921,
  2832,
  5132,
  1921,
  2672,
  2957,
  2195,
  561,
  1562,
  2326,
  1843,
  1526,
  2153,
  3088,
  5830,
  986,
  894,
  1879,
  1310,
  1293,
  2405,
  2030,
  2244,
  538,
  2586],
 [3626,
  3831,
  4187,
  4331,
  3750,
  2734,
  3654,
  4102,
  2999,
  3247,
  2936,
  3190,
  658,
  500,
  2287,
  2554,
  1977,
  2779,
  0,
  1424,
  475,
  2790,
  3992,
  4597,
  4761,
  2228,
  2877,
  5359,
  3145,
  1970,
  1861,
  3813,
  1223,
  2200,
  3780,
  3024,
  3450,
  4987,
  4316,
  4174,
  3230,
  2103,
  918,
  3065,
  1989,
  2057,
  3276,
  2694,
  3349,
  4427,
  313,
  3027,
  2793,
  3233,
  3565,
  1510,
  4153,
  3776,
  4708,
  1053,
  3616,
  4137,
  776,
  2846,
  1206,
  3558,
  3075,
  1517,
  3333,
  4032,
  5406,
  2218,
  2659,
  1148,
  3075,
  2525,
  1981,
  3210,
  3424,
  2897,
  3766],
 [2525,
  2730,
  3086,
  3230,
  2649,
  1633,
  2553,
  3001,
  1645,
  1893,
  1582,
  1836,
  1318,
  1940,
  1186,
  1453,
  876,
  1678,
  1440,
  0,
  1702,
  1689,
  3219,
  3112,
  3149,
  1798,
  1776,
  4929,
  2044,
  1540,
  1431,
  3383,
  800,
  1770,
  2915,
  1923,
  2585,
  3375,
  3215,
  3744,
  2094,
  749,
  583,
  1711,
  888,
  1627,
  2503,
  2264,
  2919,
  3326,
  1127,
  1926,
  1482,
  2132,
  2464,
  803,
  3052,
  2911,
  4278,
  379,
  2751,
  3036,
  653,
  1492,
  1087,
  2457,
  1974,
  1068,
  2232,
  3167,
  4976,
  1117,
  1305,
  337,
  1721,
  1424,
  1551,
  2109,
  2323,
  1543,
  2665],
 [3813,
  4018,
  4374,
  4518,
  3937,
  2921,
  3841,
  4289,
  3186,
  3434,
  3123,
  3377,
  845,
  687,
  2474,
  2741,
  2164,
  2966,
  775,
  2066,
  0,
  2977,
  4179,
  4784,
  4948,
  2415,
  3064,
  5546,
  3332,
  2157,
  2048,
  4000,
  1410,
  2387,
  3967,
  3211,
  3637,
  5174,
  4503,
  4361,
  3417,
  2290,
  1693,
  3252,
  2176,
  2244,
  3463,
  2881,
  3536,
  4614,
  1088,
  3214,
  2980,
  3420,
  3752,
  1697,
  4340,
  3963,
  4895,
  1828,
  3803,
  4324,
  1551,
  3033,
  1393,
  3745,
  3262,
  1704,
  3520,
  4219,
  5593,
  2405,
  2846,
  1923,
  3262,
  2712,
  2168,
  3397,
  3611,
  3084,
  3953],
 [2583,
  2468,
  2425,
  3288,
  1806,
  1691,
  1710,
  3059,
  2457,
  2705,
  2394,
  2445,
  2309,
  2718,
  1244,
  1511,
  1120,
  1736,
  2786,
  1679,
  2693,
  0,
  1229,
  1423,
  1460,
  2683,
  784,
  5814,
  692,
  2395,
  2162,
  3162,
  1791,
  1823,
  1124,
  234,
  794,
  1686,
  1526,
  1922,
  2187,
  1774,
  2262,
  2523,
  808,
  2512,
  1429,
  1623,
  2644,
  2697,
  2806,
  1984,
  1750,
  836,
  775,
  2003,
  2358,
  1120,
  2917,
  2058,
  960,
  1347,
  2332,
  2304,
  1699,
  2515,
  2032,
  1663,
  543,
  1376,
  3615,
  1175,
  2117,
  2016,
  2533,
  1482,
  2436,
  1035,
  1176,
  2355,
  1822],
 [3703,
  3588,
  3545,
  4408,
  2926,
  2811,
  2830,
  4179,
  3577,
  3825,
  3514,
  3565,
  3429,
  3838,
  2364,
  2631,
  2240,
  2856,
  3906,
  2799,
  3813,
  1186,
  0,
  519,
  452,
  2711,
  1507,
  5152,
  1092,
  2423,
  2190,
  2154,
  2834,
  1851,
  1152,
  1003,
  822,
  678,
  548,
  914,
  3307,
  2894,
  3382,
  3643,
  1928,
  2722,
  1384,
  1651,
  1636,
  3817,
  3926,
  3104,
  2870,
  1236,
  434,
  3123,
  3478,
  1148,
  765,
  3178,
  988,
  953,
  3452,
  3424,
  2819,
  3635,
  3152,
  2783,
  782,
  910,
  1463,
  2295,
  3237,
  3136,
  3653,
  2602,
  2464,
  1236,
  1204,
  3475,
  2942],
 [3968,
  3853,
  3810,
  4673,
  3191,
  3076,
  3095,
  4444,
  3842,
  4090,
  3779,
  3830,
  3947,
  4356,
  2629,
  2896,
  2505,
  3121,
  4424,
  3064,
  4331,
  1451,
  461,
  0,
  164,
  2262,
  1772,
  4864,
  1357,
  2773,
  2664,
  1739,
  3184,
  2152,
  874,
  1268,
  1123,
  390,
  849,
  499,
  3572,
  3159,
  3647,
  3908,
  2193,
  2434,
  1685,
  1952,
  1221,
  4082,
  4737,
  3369,
  3135,
  1501,
  699,
  3641,
  3743,
  878,
  350,
  3443,
  1038,
  1218,
  3717,
  3689,
  3337,
  3900,
  3417,
  3648,
  1047,
  622,
  1048,
  2560,
  3502,
  3401,
  3918,
  2867,
  2491,
  1537,
  1505,
  3740,
  3207],
 [4058,
  3943,
  3900,
  4763,
  3281,
  3166,
  3185,
  4534,
  5024,
  5272,
  4961,
  3920,
  3841,
  4250,
  2719,
  2986,
  2595,
  3211,
  4318,
  3904,
  4225,
  1541,
  355,
  164,
  0,
  2156,
  1739,
  4758,
  1324,
  2667,
  2558,
  1903,
  3078,
  1979,
  710,
  1358,
  950,
  226,
  676,
  663,
  3662,
  4128,
  4487,
  5090,
  2283,
  2328,
  1512,
  1779,
  1385,
  4172,
  4631,
  3459,
  3225,
  1468,
  789,
  3535,
  3833,
  714,
  514,
  4283,
  874,
  1308,
  4557,
  4871,
  3231,
  3990,
  3507,
  3542,
  1137,
  458,
  1212,
  2650,
  4684,
  4241,
  5100,
  2957,
  2385,
  1364,
  1332,
  4922,
  3297],
 [4106,
  4311,
  4667,
  4811,
  4230,
  3214,
  4134,
  4582,
  3479,
  3727,
  3416,
  3670,
  2296,
  2705,
  2767,
  3034,
  2457,
  3259,
  2773,
  2359,
  2680,
  2895,
  3144,
  2369,
  2533,
  0,
  2196,
  3131,
  2531,
  1122,
  1013,
  1585,
  1533,
  1352,
  2932,
  3129,
  2602,
  2759,
  3218,
  1946,
  3710,
  2583,
  2942,
  3545,
  2469,
  783,
  2428,
  1846,
  1121,
  4907,
  3086,
  3507,
  3273,
  2619,
  3062,
  1990,
  4633,
  2928,
  2480,
  2738,
  2768,
  4427,
  3012,
  3326,
  1686,
  4038,
  3555,
  1997,
  3410,
  2991,
  3178,
  2698,
  3139,
  2696,
  3555,
  3005,
  840,
  2298,
  2248,
  3377,
  4246],
 [2783,
  2668,
  2625,
  3488,
  2006,
  1891,
  1910,
  3259,
  2657,
  2905,
  2594,
  2645,
  2590,
  2999,
  1444,
  1711,
  1320,
  1936,
  3067,
  1879,
  2974,
  779,
  1493,
  1773,
  1738,
  1704,
  0,
  4993,
  415,
  1416,
  1183,
  3289,
  1827,
  844,
  1281,
  1013,
  951,
  1964,
  1876,
  3650,
  2387,
  1974,
  2462,
  2723,
  1008,
  1533,
  874,
  802,
  2825,
  2897,
  3380,
  2184,
  1950,
  503,
  1927,
  2284,
  2558,
  1277,
  2123,
  2258,
  1117,
  2147,
  2532,
  2504,
  1980,
  2715,
  2232,
  2291,
  1724,
  1533,
  2821,
  1375,
  2317,
  2216,
  2733,
  1682,
  1457,
  480,
  694,
  2555,
  2022],
 [5019,
  5224,
  5580,
  5724,
  5143,
  4127,
  5047,
  5495,
  4392,
  4640,
  4329,
  4583,
  3209,
  3618,
  3680,
  3947,
  3370,
  4172,
  3686,
  3272,
  3593,
  3808,
  4248,
  3279,
  3443,
  1524,
  3109,
  0,
  3444,
  2035,
  1926,
  2495,
  2446,
  2265,
  4036,
  4042,
  3706,
  3669,
  4128,
  2856,
  4623,
  3496,
  3855,
  4458,
  3382,
  1696,
  3532,
  2950,
  2031,
  5820,
  3999,
  4420,
  4186,
  3532,
  3972,
  2903,
  5546,
  4032,
  3390,
  3651,
  3872,
  5337,
  3925,
  4239,
  2599,
  4951,
  4468,
  2910,
  4320,
  3901,
  4088,
  3611,
  4052,
  3609,
  4468,
  3918,
  1753,
  3402,
  3161,
  4290,
  5159],
 [2813,
  2698,
  2655,
  3518,
  2036,
  1921,
  1940,
  3289,
  2687,
  2935,
  2624,
  2675,
  2539,
  2948,
  1474,
  1741,
  1350,
  1966,
  3016,
  1909,
  2923,
  663,
  1078,
  1358,
  1323,
  2064,
  415,
  5195,
  0,
  1776,
  1543,
  3649,
  2021,
  1204,
  866,
  897,
  536,
  1549,
  1461,
  1857,
  2417,
  2004,
  2492,
  2753,
  1038,
  1893,
  737,
  1004,
  3185,
  2927,
  3036,
  2214,
  1980,
  144,
  1512,
  2233,
  2588,
  862,
  1708,
  2288,
  702,
  1732,
  2562,
  2534,
  1929,
  2745,
  2262,
  1893,
  1309,
  1118,
  2406,
  1405,
  2347,
  2246,
  2763,
  1712,
  1817,
  343,
  557,
  2585,
  2052],
 [2984,
  3189,
  3545,
  3689,
  3108,
  2092,
  3012,
  3460,
  2357,
  2605,
  2294,
  2548,
  1174,
  1583,
  1645,
  1912,
  1335,
  2137,
  1651,
  1237,
  1558,
  2148,
  2548,
  3153,
  3317,
  784,
  2235,
  3915,
  1935,
  0,
  417,
  2369,
  411,
  756,
  2336,
  2382,
  2006,
  3543,
  2869,
  2730,
  2588,
  1461,
  1820,
  2423,
  1347,
  613,
  1832,
  1250,
  1905,
  3785,
  1964,
  2385,
  2151,
  2023,
  2923,
  868,
  3511,
  2332,
  3264,
  1616,
  2172,
  3495,
  1890,
  2204,
  564,
  2916,
  2433,
  875,
  2691,
  2588,
  3962,
  1576,
  2017,
  1574,
  2433,
  1883,
  537,
  1702,
  1652,
  2255,
  3124],
 [3217,
  3422,
  3778,
  3922,
  3341,
  2325,
  3245,
  3693,
  2590,
  2838,
  2527,
  2781,
  1407,
  1816,
  1878,
  2145,
  1568,
  2370,
  1884,
  1470,
  1791,
  1882,
  2131,
  2890,
  2376,
  521,
  1183,
  3652,
  1518,
  233,
  0,
  2106,
  644,
  339,
  1919,
  2116,
  1589,
  2602,
  2452,
  2467,
  2821,
  1694,
  2053,
  2656,
  1580,
  350,
  1415,
  833,
  1642,
  4018,
  2197,
  2618,
  2384,
  1606,
  2565,
  1101,
  3744,
  1915,
  3001,
  1849,
  1755,
  3084,
  2123,
  2437,
  797,
  3149,
  2666,
  1108,
  2913,
  2171,
  3699,
  1809,
  2250,
  1807,
  2666,
  2116,
  274,
  1285,
  1235,
  2488,
  3357],
 [5958,
  5659,
  5521,
  6255,
  5823,
  3854,
  3873,
  6044,
  6090,
  6338,
  6027,
  6281,
  4907,
  5316,
  3407,
  3674,
  5068,
  3899,
  5384,
  4970,
  5291,
  2229,
  1245,
  784,
  948,
  3222,
  2550,
  5824,
  2135,
  3733,
  3624,
  0,
  4144,
  3348,
  1658,
  2046,
  1907,
  1174,
  1633,
  361,
  4350,
  5194,
  5553,
  6156,
  2971,
  3394,
  3578,
  2996,
  2077,
  5590,
  5697,
  4147,
  3913,
  2279,
  1477,
  4601,
  5929,
  1662,
  895,
  5349,
  1822,
  2842,
  5623,
  5937,
  4297,
  6714,
  4195,
  4608,
  1825,
  1406,
  1593,
  3338,
  5750,
  5307,
  6166,
  3645,
  3451,
  3448,
  2289,
  5988,
  6071],
 [2765,
  2970,
  3326,
  3470,
  2889,
  1873,
  2793,
  3241,
  2138,
  2386,
  2075,
  2329,
  955,
  1364,
  1426,
  1693,
  1116,
  1918,
  1432,
  1018,
  1339,
  1929,
  2866,
  3471,
  3635,
  1102,
  1918,
  4233,
  2253,
  844,
  735,
  2687,
  0,
  1074,
  2654,
  2163,
  2324,
  3861,
  3187,
  3048,
  2369,
  1242,
  1601,
  2204,
  1128,
  931,
  2150,
  1568,
  2223,
  3566,
  1745,
  2166,
  1932,
  2341,
  3300,
  649,
  3292,
  2650,
  3582,
  1397,
  2490,
  3276,
  1671,
  1985,
  345,
  2697,
  2214,
  656,
  2472,
  2906,
  4280,
  1357,
  1798,
  1355,
  2214,
  1664,
  855,
  2020,
  1970,
  2036,
  2905],
 [3556,
  3761,
  3389,
  4261,
  2770,
  2664,
  2674,
  4032,
  2929,
  3177,
  2866,
  3120,
  1746,
  2155,
  2217,
  2484,
  1907,
  2709,
  2223,
  1809,
  2130,
  1543,
  1792,
  2311,
  2037,
  860,
  844,
  3991,
  1179,
  572,
  339,
  2445,
  983,
  0,
  1580,
  1777,
  1250,
  2263,
  2113,
  2806,
  3160,
  2033,
  2392,
  2995,
  1919,
  689,
  1076,
  494,
  1981,
  3661,
  2536,
  2957,
  2723,
  1267,
  2226,
  1440,
  3322,
  1576,
  3340,
  2188,
  1416,
  2745,
  2462,
  2776,
  1136,
  3488,
  3005,
  1447,
  2574,
  1832,
  4038,
  2148,
  2589,
  2146,
  3005,
  2455,
  613,
  946,
  896,
  2827,
  2786],
 [3679,
  3564,
  3521,
  4384,
  2902,
  2787,
  2806,
  4155,
  3553,
  3801,
  3490,
  3541,
  3267,
  3676,
  2340,
  2607,
  2216,
  2832,
  3744,
  2775,
  3651,
  1529,
  1008,
  874,
  710,
  2381,
  1281,
  5468,
  866,
  2093,
  1860,
  2613,
  2504,
  1521,
  0,
  1240,
  330,
  484,
  1329,
  1373,
  3283,
  2870,
  3358,
  3619,
  1904,
  2210,
  769,
  1321,
  2095,
  3793,
  4057,
  3080,
  2846,
  1010,
  1442,
  2961,
  3454,
  4,
  1224,
  3154,
  164,
  1961,
  3428,
  3400,
  2657,
  3611,
  3128,
  2968,
  1790,
  252,
  1922,
  2271,
  3213,
  3112,
  3629,
  2578,
  2134,
  906,
  874,
  3451,
  2918],
 [2930,
  2815,
  2772,
  3635,
  2153,
  2038,
  2057,
  3406,
  2804,
  3052,
  2741,
  2792,
  2656,
  3065,
  1591,
  1858,
  1467,
  2083,
  3133,
  2026,
  3040,
  413,
  995,
  1189,
  1226,
  3455,
  1275,
  5940,
  860,
  3167,
  2934,
  2928,
  2138,
  2595,
  1292,
  0,
  962,
  1452,
  1292,
  1688,
  2534,
  2121,
  2609,
  2870,
  1155,
  3284,
  1597,
  2395,
  2410,
  3044,
  3153,
  2331,
  2097,
  1004,
  541,
  2350,
  2705,
  1288,
  2683,
  2405,
  1128,
  1113,
  2679,
  2651,
  2046,
  2862,
  2379,
  2010,
  309,
  1684,
  3381,
  1522,
  2464,
  2363,
  2880,
  1829,
  3208,
  1203,
  1948,
  2702,
  2169],
 [3349,
  3234,
  3191,
  4054,
  2572,
  2457,
  2476,
  3825,
  3223,
  3471,
  3160,
  3211,
  2937,
  3346,
  2010,
  2277,
  1886,
  2502,
  3414,
  2445,
  3321,
  1199,
  678,
  1197,
  923,
  2051,
  951,
  5182,
  536,
  1763,
  1530,
  3636,
  2174,
  1191,
  330,
  910,
  0,
  814,
  999,
  1592,
  2953,
  2540,
  3028,
  3289,
  1574,
  1880,
  439,
  991,
  2314,
  3463,
  3727,
  2750,
  2516,
  680,
  1112,
  2631,
  3124,
  326,
  1443,
  2824,
  166,
  1631,
  3098,
  3070,
  2327,
  3281,
  2798,
  2638,
  1460,
  582,
  2141,
  1941,
  2883,
  2782,
  3299,
  2248,
  1804,
  576,
  544,
  3121,
  2588],
 [4284,
  4169,
  4126,
  4989,
  3507,
  3392,
  3411,
  4760,
  5250,
  5498,
  5187,
  4146,
  4067,
  4476,
  2945,
  3212,
  2821,
  3437,
  4544,
  4130,
  4451,
  1767,
  581,
  390,
  226,
  2382,
  1965,
  4984,
  1550,
  2893,
  2784,
  2129,
  3304,
  2205,
  484,
  1584,
  814,
  0,
  902,
  889,
  3888,
  4354,
  4713,
  5316,
  2509,
  2554,
  1738,
  2005,
  1611,
  4398,
  4857,
  3685,
  3451,
  1694,
  1015,
  3761,
  4059,
  488,
  740,
  4509,
  648,
  1534,
  4783,
  5097,
  3457,
  4216,
  3733,
  3768,
  1363,
  232,
  1438,
  2876,
  4910,
  4467,
  5326,
  3183,
  2611,
  1590,
  1558,
  5148,
  3523],
 [3461,
  3346,
  3303,
  4166,
  2684,
  2569,
  2588,
  3937,
  3335,
  3583,
  3272,
  3323,
  3049,
  3458,
  2122,
  2389,
  1998,
  2614,
  3526,
  2557,
  3433,
  1311,
  566,
  1085,
  811,
  2163,
  1063,
  5294,
  648,
  1875,
  1642,
  3748,
  2286,
  1303,
  604,
  1022,
  274,
  1037,
  0,
  1480,
  3065,
  2652,
  3140,
  3401,
  1686,
  1992,
  836,
  1103,
  2202,
  3575,
  3839,
  2862,
  2628,
  792,
  1000,
  2743,
  3236,
  600,
  1331,
  2936,
  440,
  1519,
  3210,
  3182,
  2439,
  3393,
  2910,
  2750,
  1348,
  856,
  2029,
  2053,
  2995,
  2894,
  3411,
  2360,
  1916,
  688,
  656,
  3233,
  2700],
 [4461,
  5412,
  5274,
  6008,
  3684,
  3569,
  3588,
  5797,
  5815,
  6063,
  5752,
  6006,
  4632,
  5041,
  3122,
  3389,
  4793,
  3614,
  5109,
  4695,
  5016,
  1944,
  960,
  499,
  663,
  2947,
  2265,
  5549,
  1850,
  3458,
  3349,
  2320,
  3869,
  3073,
  1373,
  1761,
  1622,
  889,
  1348,
  0,
  4065,
  4919,
  5278,
  5881,
  2686,
  3119,
  3303,
  2721,
  1802,
  5343,
  5422,
  3862,
  3628,
  1994,
  1192,
  4326,
  5682,
  1377,
  563,
  5074,
  1537,
  2595,
  5348,
  5662,
  4022,
  4393,
  3910,
  4333,
  1540,
  1121,
  1261,
  3053,
  5475,
  5032,
  5891,
  3360,
  3176,
  2036,
  2004,
  5713,
  3700],
 [2845,
  3050,
  3406,
  3550,
  3021,
  1953,
  2925,
  3321,
  1029,
  1385,
  1074,
  258,
  2623,
  3032,
  1506,
  1773,
  1608,
  451,
  3100,
  2080,
  3007,
  2061,
  3591,
  3484,
  3521,
  3103,
  2148,
  6234,
  2416,
  2845,
  2736,
  4688,
  2105,
  2997,
  3287,
  2295,
  2957,
  3747,
  3587,
  5049,
  0,
  1503,
  2663,
  1203,
  1260,
  2932,
  2875,
  3142,
  4224,
  3646,
  3207,
  203,
  1701,
  2504,
  2836,
  2317,
  3372,
  3283,
  5583,
  2459,
  3123,
  3408,
  2733,
  602,
  2013,
  2777,
  2294,
  1977,
  2604,
  3539,
  6281,
  1437,
  935,
  2417,
  1351,
  1744,
  2856,
  2481,
  2695,
  551,
  3037],
 [2660,
  2865,
  3221,
  3365,
  3145,
  1768,
  3049,
  3136,
  896,
  1144,
  833,
  1087,
  2012,
  2421,
  1297,
  1588,
  1372,
  1091,
  2489,
  1150,
  2396,
  2185,
  3715,
  3608,
  3645,
  2492,
  2272,
  5623,
  2540,
  2234,
  2125,
  4077,
  1494,
  2464,
  3411,
  2419,
  3081,
  3871,
  3711,
  4438,
  1345,
  0,
  1733,
  962,
  1384,
  2321,
  2999,
  2958,
  3613,
  3461,
  2277,
  1184,
  733,
  2628,
  2960,
  1497,
  3187,
  3407,
  4972,
  1529,
  3247,
  3532,
  1803,
  743,
  1583,
  2592,
  2109,
  1762,
  2728,
  3663,
  5670,
  1576,
  556,
  1487,
  972,
  1001,
  2245,
  2605,
  2819,
  794,
  3771],
 [3031,
  3236,
  3592,
  3736,
  3155,
  2139,
  3059,
  3507,
  2151,
  2399,
  2088,
  2342,
  1742,
  1584,
  1692,
  1959,
  1382,
  2184,
  1084,
  506,
  1559,
  2195,
  3725,
  3618,
  3655,
  2304,
  2282,
  5435,
  2550,
  2046,
  1937,
  3889,
  1306,
  2276,
  3421,
  2429,
  3091,
  3881,
  3721,
  4250,
  2600,
  1255,
  0,
  2217,
  1394,
  2133,
  3009,
  2770,
  3425,
  3832,
  771,
  2432,
  1988,
  2638,
  2970,
  1309,
  3558,
  3417,
  4784,
  135,
  3257,
  3542,
  297,
  1998,
  1593,
  2963,
  2480,
  1574,
  2738,
  3673,
  5482,
  1623,
  1811,
  230,
  2227,
  1930,
  2057,
  2615,
  2829,
  2049,
  3171],
 [3247,
  3452,
  3808,
  3952,
  3694,
  2355,
  3598,
  3723,
  378,
  182,
  129,
  945,
  2561,
  2970,
  1884,
  2175,
  1921,
  949,
  3038,
  1699,
  2945,
  2734,
  4264,
  4157,
  4194,
  3041,
  2821,
  6172,
  3089,
  2783,
  2674,
  4626,
  2043,
  3013,
  3960,
  2968,
  3630,
  4420,
  4260,
  4987,
  1203,
  1122,
  2282,
  0,
  1933,
  2870,
  3548,
  3507,
  4162,
  4048,
  2826,
  1042,
  1320,
  3177,
  3509,
  2046,
  3774,
  3956,
  5521,
  2078,
  3796,
  4081,
  2352,
  601,
  2132,
  3179,
  2696,
  2311,
  3277,
  4212,
  6219,
  2162,
  554,
  2036,
  970,
  1588,
  2794,
  3154,
  3368,
  652,
  3710],
 [1775,
  1980,
  2336,
  2480,
  1761,
  883,
  1665,
  2251,
  1649,
  1897,
  1586,
  1637,
  1501,
  1910,
  436,
  703,
  348,
  928,
  1978,
  871,
  1885,
  801,
  2331,
  2224,
  2261,
  1981,
  888,
  5112,
  1156,
  1723,
  1614,
  3566,
  983,
  1737,
  2027,
  1035,
  1697,
  2487,
  2327,
  3927,
  1379,
  966,
  1454,
  1715,
  0,
  1810,
  1615,
  1882,
  3102,
  2576,
  1998,
  1176,
  942,
  1244,
  1576,
  1195,
  2302,
  2023,
  4461,
  1250,
  1863,
  2148,
  1524,
  1496,
  891,
  1707,
  1224,
  855,
  1344,
  2279,
  5159,
  367,
  1309,
  1208,
  1725,
  674,
  1734,
  1221,
  1435,
  1547,
  1777],
 [3323,
  3528,
  3884,
  4028,
  3447,
  2431,
  3351,
  3799,
  2696,
  2944,
  2633,
  2887,
  1513,
  1922,
  1984,
  2251,
  1674,
  2476,
  1990,
  1576,
  1897,
  2112,
  2361,
  2776,
  2940,
  407,
  1413,
  3538,
  1748,
  339,
  230,
  1992,
  750,
  569,
  2149,
  2346,
  1819,
  3166,
  2682,
  2353,
  2927,
  1800,
  2159,
  2762,
  1686,
  0,
  1645,
  1063,
  1528,
  4124,
  2303,
  2724,
  2490,
  1836,
  2795,
  1207,
  3850,
  2145,
  2887,
  1955,
  1985,
  3314,
  2229,
  2543,
  903,
  3255,
  2772,
  1214,
  3143,
  2401,
  3585,
  1915,
  2356,
  1913,
  2772,
  2222,
  140,
  1515,
  1465,
  2594,
  3463],
 [3387,
  3272,
  3229,
  4092,
  2610,
  2495,
  2514,
  3863,
  3261,
  3509,
  3198,
  3249,
  2975,
  3384,
  2048,
  2315,
  1924,
  2540,
  3452,
  2483,
  3359,
  1237,
  716,
  1235,
  961,
  2089,
  989,
  5220,
  574,
  1801,
  1568,
  2870,
  2212,
  1229,
  504,
  948,
  174,
  1187,
  1037,
  1630,
  2991,
  2578,
  3066,
  3327,
  1612,
  1918,
  0,
  1029,
  2352,
  3501,
  3765,
  2788,
  2554,
  718,
  1150,
  2669,
  3162,
  500,
  1481,
  2862,
  340,
  1669,
  3136,
  3108,
  2365,
  3319,
  2836,
  2676,
  1498,
  756,
  2179,
  1979,
  2921,
  2820,
  3337,
  2286,
  1842,
  614,
  582,
  3159,
  2626],
 [3371,
  3256,
  3213,
  4076,
  2594,
  2479,
  2498,
  3847,
  3245,
  3493,
  3182,
  3233,
  2366,
  2775,
  2032,
  2299,
  1908,
  2524,
  2843,
  2467,
  2750,
  1367,
  1298,
  1817,
  1543,
  1480,
  932,
  4611,
  795,
  1192,
  959,
  3065,
  1603,
  620,
  1086,
  1601,
  756,
  1769,
  1619,
  2212,
  2975,
  2562,
  3050,
  3311,
  1596,
  1309,
  582,
  0,
  2601,
  3485,
  3156,
  2772,
  2538,
  883,
  1732,
  2060,
  3146,
  1082,
  2063,
  2846,
  922,
  2251,
  3120,
  3092,
  1756,
  3303,
  2820,
  2067,
  2080,
  1338,
  2761,
  1963,
  2905,
  2804,
  3321,
  2270,
  1233,
  452,
  420,
  3143,
  2610],
 [4643,
  4848,
  4132,
  5348,
  3513,
  3751,
  3417,
  5119,
  4016,
  4264,
  3953,
  4207,
  2833,
  3242,
  3304,
  3571,
  2994,
  3796,
  3310,
  2896,
  3217,
  2286,
  2217,
  2992,
  3156,
  1148,
  1579,
  3750,
  1714,
  1659,
  1550,
  2208,
  2070,
  1271,
  2005,
  2520,
  1675,
  3382,
  2538,
  2569,
  4247,
  3120,
  3479,
  4082,
  3006,
  1320,
  1501,
  919,
  0,
  4404,
  3623,
  4044,
  3810,
  1802,
  2651,
  2527,
  4065,
  2001,
  3103,
  3275,
  1841,
  3170,
  3549,
  3863,
  2223,
  4575,
  4092,
  2534,
  2999,
  2257,
  3801,
  3235,
  3676,
  3233,
  4092,
  3542,
  1377,
  1371,
  1339,
  3914,
  3529],
 [946,
  647,
  604,
  669,
  1525,
  1754,
  1062,
  536,
  3481,
  3729,
  3418,
  3672,
  3999,
  4408,
  2268,
  1934,
  2984,
  3108,
  4476,
  3369,
  4383,
  2880,
  4410,
  5330,
  4340,
  4479,
  2967,
  7610,
  3235,
  4221,
  4112,
  6064,
  3481,
  3816,
  4106,
  3114,
  3776,
  4566,
  4406,
  5641,
  3559,
  3464,
  3952,
  3547,
  2636,
  4308,
  3694,
  3961,
  6351,
  0,
  4496,
  3356,
  2774,
  3323,
  3655,
  3693,
  339,
  4102,
  5269,
  3748,
  3942,
  4227,
  4022,
  3328,
  3389,
  1175,
  1512,
  3353,
  3423,
  4358,
  5967,
  2547,
  3141,
  3706,
  3557,
  2506,
  4232,
  3300,
  3514,
  3379,
  1154],
 [3636,
  3841,
  4197,
  4341,
  3760,
  2744,
  3664,
  4112,
  2756,
  3004,
  2693,
  2947,
  971,
  813,
  2297,
  2564,
  1987,
  2789,
  313,
  1111,
  788,
  2800,
  4305,
  4910,
  5074,
  2541,
  2887,
  5672,
  3155,
  2283,
  2174,
  4126,
  1536,
  2513,
  4093,
  3034,
  3763,
  5300,
  4326,
  4487,
  3205,
  1860,
  605,
  2822,
  1999,
  2370,
  3589,
  3007,
  3662,
  4437,
  0,
  3037,
  2593,
  3243,
  3575,
  1823,
  4163,
  4089,
  5021,
  740,
  3929,
  4147,
  463,
  2603,
  1519,
  3568,
  3085,
  1830,
  3343,
  4345,
  5719,
  2228,
  2416,
  835,
  2832,
  2535,
  2294,
  3220,
  3434,
  2654,
  3776],
 [2642,
  2847,
  3203,
  3347,
  2818,
  1750,
  2722,
  3118,
  868,
  1224,
  913,
  461,
  2420,
  2829,
  1303,
  1570,
  1405,
  248,
  2897,
  1790,
  2804,
  1858,
  3388,
  3281,
  3318,
  2900,
  1945,
  6031,
  2213,
  2642,
  2533,
  4485,
  1902,
  2794,
  3084,
  2092,
  2754,
  3544,
  3384,
  4846,
  203,
  1342,
  2373,
  1042,
  1057,
  2729,
  2672,
  2939,
  4021,
  3443,
  2917,
  0,
  1540,
  2301,
  2633,
  2114,
  3169,
  3080,
  5380,
  2169,
  2920,
  3205,
  2443,
  441,
  1810,
  2574,
  2091,
  1774,
  2401,
  3336,
  6078,
  1234,
  774,
  2127,
  1190,
  1541,
  2653,
  2278,
  2492,
  418,
  2834],
 [1927,
  2132,
  2488,
  2632,
  2693,
  1035,
  2597,
  2403,
  707,
  955,
  644,
  898,
  2295,
  2704,
  564,
  855,
  1280,
  1404,
  2772,
  1536,
  2679,
  1733,
  3263,
  3156,
  3193,
  2775,
  1820,
  5906,
  2088,
  2517,
  2408,
  4360,
  1777,
  2669,
  2959,
  1967,
  2629,
  3419,
  3259,
  4721,
  1156,
  959,
  2119,
  773,
  932,
  2604,
  2547,
  2814,
  3896,
  2728,
  2663,
  995,
  0,
  2176,
  2508,
  1989,
  2454,
  2955,
  5255,
  1915,
  2795,
  3080,
  2189,
  554,
  1685,
  1859,
  1376,
  1649,
  2276,
  3211,
  5953,
  843,
  367,
  1873,
  783,
  268,
  2528,
  2153,
  2367,
  605,
  3038],
 [2669,
  2554,
  2511,
  3374,
  1892,
  1777,
  1796,
  3145,
  2543,
  2791,
  2480,
  2531,
  2395,
  2804,
  1330,
  1597,
  1206,
  1822,
  2872,
  1765,
  2779,
  519,
  1411,
  1446,
  1483,
  2617,
  870,
  5748,
  553,
  2329,
  2096,
  4202,
  1877,
  1757,
  1199,
  753,
  869,
  1709,
  1549,
  1945,
  2273,
  1860,
  2348,
  2609,
  894,
  2446,
  1290,
  1557,
  2667,
  2783,
  2892,
  2070,
  1836,
  0,
  1294,
  2089,
  2444,
  1195,
  1796,
  2144,
  1035,
  1866,
  2418,
  2390,
  1785,
  2601,
  2118,
  1749,
  1062,
  1451,
  2494,
  1261,
  2203,
  2102,
  2619,
  1568,
  2370,
  896,
  1110,
  2441,
  1908],
 [3269,
  3154,
  3111,
  3974,
  2492,
  2377,
  2396,
  3745,
  3143,
  3391,
  3080,
  3131,
  2995,
  3404,
  1930,
  2197,
  1806,
  2422,
  3472,
  2365,
  3379,
  752,
  671,
  865,
  902,
  3131,
  1470,
  5616,
  1097,
  2843,
  2610,
  2604,
  2477,
  2271,
  1572,
  569,
  1242,
  1128,
  968,
  1364,
  2873,
  2460,
  2948,
  3209,
  1494,
  2960,
  1804,
  2071,
  2086,
  3383,
  3492,
  2670,
  2436,
  1241,
  0,
  2689,
  3044,
  1568,
  1215,
  2744,
  1408,
  918,
  3018,
  2990,
  2385,
  3201,
  2718,
  2349,
  348,
  1360,
  1913,
  1861,
  2803,
  2702,
  3219,
  2168,
  2884,
  1656,
  1624,
  3041,
  2508],
 [2369,
  2574,
  2930,
  3074,
  2493,
  1477,
  2397,
  2845,
  1489,
  1737,
  1426,
  1680,
  1247,
  1656,
  1030,
  1297,
  720,
  1522,
  1724,
  369,
  1631,
  1533,
  3063,
  2956,
  2993,
  1727,
  1620,
  4858,
  1888,
  1469,
  1360,
  3312,
  729,
  1699,
  2759,
  1767,
  2429,
  3219,
  3059,
  3673,
  1938,
  593,
  952,
  1555,
  732,
  1556,
  2347,
  2193,
  2848,
  3170,
  1496,
  1770,
  1326,
  1976,
  2308,
  0,
  2896,
  2755,
  4207,
  748,
  2595,
  2880,
  1022,
  1336,
  931,
  2301,
  1818,
  895,
  2076,
  3011,
  4905,
  961,
  1149,
  706,
  1565,
  1268,
  1480,
  1953,
  2167,
  1387,
  2509],
 [607,
  308,
  265,
  1008,
  1186,
  1415,
  723,
  875,
  3142,
  3390,
  3079,
  3333,
  3660,
  4069,
  1929,
  1595,
  2645,
  2769,
  4137,
  3030,
  4044,
  2541,
  4071,
  3964,
  4001,
  4140,
  2628,
  7271,
  2896,
  3882,
  3773,
  5725,
  3142,
  3477,
  3767,
  2775,
  3437,
  4227,
  4067,
  6086,
  3220,
  3125,
  3613,
  3208,
  2297,
  3969,
  3355,
  3622,
  5261,
  339,
  4157,
  3017,
  2435,
  2984,
  3316,
  3354,
  0,
  3763,
  5608,
  3409,
  3603,
  3888,
  3683,
  2989,
  3050,
  836,
  1173,
  3014,
  3084,
  4019,
  6306,
  2208,
  2802,
  3367,
  3218,
  2167,
  3893,
  2961,
  3175,
  3040,
  815],
 [3675,
  3560,
  3517,
  4380,
  2898,
  2783,
  2802,
  4151,
  3549,
  3797,
  3486,
  3537,
  3263,
  3672,
  2336,
  2603,
  2212,
  2828,
  3740,
  2771,
  3647,
  1525,
  1004,
  878,
  714,
  2377,
  1277,
  5472,
  862,
  2089,
  1856,
  2617,
  2500,
  1517,
  4,
  1236,
  326,
  488,
  1325,
  1377,
  3279,
  2866,
  3354,
  3615,
  1900,
  2206,
  765,
  1317,
  2099,
  3789,
  4053,
  3076,
  2842,
  1006,
  1438,
  2957,
  3450,
  0,
  1228,
  3150,
  160,
  1957,
  3424,
  3396,
  2653,
  3607,
  3124,
  2964,
  1786,
  256,
  1926,
  2267,
  3209,
  3108,
  3625,
  2574,
  2130,
  902,
  870,
  3447,
  2914],
 [8972,
  7915,
  7777,
  8511,
  6496,
  8080,
  6400,
  8300,
  8345,
  8593,
  8282,
  8536,
  7162,
  7571,
  7633,
  7900,
  7323,
  8125,
  7639,
  7225,
  7546,
  4756,
  3848,
  3311,
  3551,
  5477,
  5911,
  8079,
  4662,
  5988,
  5879,
  4850,
  6399,
  5603,
  4261,
  4573,
  4443,
  3777,
  4169,
  3622,
  8576,
  7449,
  7808,
  8411,
  5498,
  5649,
  5833,
  5251,
  4332,
  7846,
  7952,
  8373,
  8139,
  4806,
  4004,
  6856,
  8185,
  4265,
  0,
  7604,
  4425,
  5098,
  7878,
  8192,
  6552,
  8904,
  8421,
  6863,
  4352,
  4009,
  698,
  7564,
  8005,
  7562,
  8421,
  7871,
  5706,
  5703,
  4825,
  8243,
  6512],
 [2896,
  3101,
  3457,
  3601,
  3020,
  2004,
  2924,
  3372,
  2016,
  2264,
  1953,
  2207,
  1735,
  1577,
  1557,
  1824,
  1247,
  2049,
  1077,
  371,
  1552,
  2060,
  3590,
  3483,
  3520,
  2169,
  2147,
  5300,
  2415,
  1911,
  1802,
  3754,
  1171,
  2141,
  3286,
  2294,
  2956,
  3746,
  3586,
  4115,
  2465,
  1120,
  220,
  2082,
  1259,
  1998,
  2874,
  2635,
  3290,
  3697,
  764,
  2297,
  1853,
  2503,
  2835,
  1174,
  3423,
  3282,
  4649,
  0,
  3122,
  3407,
  290,
  1863,
  1458,
  2828,
  2345,
  1439,
  2603,
  3538,
  5347,
  1488,
  1676,
  95,
  2092,
  1795,
  1922,
  2480,
  2694,
  1914,
  3036],
 [3515,
  3400,
  3357,
  4220,
  2738,
  2623,
  2642,
  3991,
  3389,
  3637,
  3326,
  3377,
  3103,
  3512,
  2176,
  2443,
  2052,
  2668,
  3580,
  2611,
  3487,
  1365,
  844,
  1038,
  874,
  2217,
  1117,
  5348,
  702,
  1929,
  1696,
  3802,
  2340,
  1357,
  164,
  1076,
  166,
  648,
  1165,
  1537,
  3119,
  2706,
  3194,
  3455,
  1740,
  2046,
  605,
  1157,
  2259,
  3629,
  3893,
  2916,
  2682,
  846,
  1278,
  2797,
  3290,
  160,
  1388,
  2990,
  0,
  1797,
  3264,
  3236,
  2493,
  3447,
  2964,
  2804,
  1626,
  416,
  2086,
  2107,
  3049,
  2948,
  3465,
  2414,
  1970,
  742,
  710,
  3287,
  2754],
 [3370,
  3255,
  3212,
  4075,
  2593,
  2478,
  2497,
  3846,
  3244,
  3492,
  3181,
  3232,
  3096,
  3505,
  2031,
  2298,
  1907,
  2523,
  3573,
  2466,
  3480,
  853,
  558,
  752,
  789,
  3018,
  1571,
  5503,
  1208,
  2730,
  2497,
  2491,
  2578,
  2158,
  1459,
  670,
  1129,
  1015,
  855,
  1251,
  2974,
  2561,
  3049,
  3310,
  1595,
  2847,
  1691,
  1958,
  1973,
  3484,
  3593,
  2771,
  2537,
  1352,
  101,
  2790,
  3145,
  1455,
  1102,
  2845,
  1295,
  0,
  3119,
  3091,
  2486,
  3302,
  2819,
  2450,
  449,
  1247,
  1800,
  1962,
  2904,
  2803,
  3320,
  2269,
  2771,
  1543,
  1511,
  3142,
  2609],
 [3173,
  3378,
  3734,
  3878,
  3297,
  2281,
  3201,
  3649,
  2293,
  2541,
  2230,
  2484,
  1445,
  1287,
  1834,
  2101,
  1524,
  2326,
  787,
  648,
  1262,
  2337,
  3867,
  3760,
  3797,
  2446,
  2424,
  5577,
  2692,
  2188,
  2079,
  4031,
  1448,
  2418,
  3563,
  2571,
  3233,
  4023,
  3863,
  4392,
  2742,
  1397,
  142,
  2359,
  1536,
  2275,
  3151,
  2912,
  3567,
  3974,
  474,
  2574,
  2130,
  2780,
  3112,
  1451,
  3700,
  3559,
  4926,
  277,
  3399,
  3684,
  0,
  2140,
  1735,
  3105,
  2622,
  1716,
  2880,
  3815,
  5624,
  1765,
  1953,
  372,
  2369,
  2072,
  2199,
  2757,
  2971,
  2191,
  3313],
 [3026,
  3231,
  3587,
  3731,
  3473,
  2134,
  3377,
  3502,
  427,
  783,
  472,
  344,
  2340,
  2749,
  1663,
  1954,
  1700,
  561,
  2817,
  1478,
  2724,
  2513,
  4043,
  3936,
  3973,
  2820,
  2600,
  5951,
  2868,
  2562,
  2453,
  4405,
  1822,
  2792,
  3739,
  2747,
  3409,
  4199,
  4039,
  4766,
  602,
  901,
  2061,
  601,
  1712,
  2649,
  3327,
  3286,
  3941,
  3827,
  2605,
  441,
  1099,
  2956,
  3288,
  1825,
  3553,
  3735,
  5300,
  1857,
  3575,
  3860,
  2131,
  0,
  1911,
  2958,
  2475,
  2090,
  3056,
  3991,
  5998,
  1941,
  333,
  1815,
  749,
  1367,
  2573,
  2933,
  3147,
  51,
  3489],
 [2673,
  2878,
  3234,
  3378,
  2797,
  1781,
  2701,
  3149,
  1793,
  2041,
  1730,
  1984,
  841,
  1250,
  1334,
  1601,
  1024,
  1826,
  1318,
  673,
  1225,
  1837,
  3085,
  3690,
  3854,
  1321,
  1924,
  4452,
  2192,
  1063,
  954,
  2906,
  323,
  1293,
  3063,
  2071,
  2733,
  4080,
  3363,
  3267,
  2242,
  897,
  1256,
  1859,
  1036,
  1150,
  2369,
  1787,
  2442,
  3474,
  1631,
  2074,
  1630,
  2280,
  2612,
  304,
  3200,
  3059,
  3801,
  1052,
  2899,
  3184,
  1326,
  1640,
  0,
  2605,
  2122,
  591,
  2380,
  3315,
  4499,
  1265,
  1453,
  1010,
  1869,
  1572,
  1074,
  2257,
  2471,
  1691,
  2813],
 [455,
  660,
  1016,
  1160,
  1937,
  579,
  1474,
  931,
  2306,
  2554,
  2243,
  2497,
  2824,
  3233,
  1093,
  759,
  1809,
  1933,
  3301,
  2194,
  3208,
  2262,
  3792,
  3685,
  3722,
  3304,
  2349,
  6435,
  2617,
  3046,
  2937,
  4889,
  2306,
  3198,
  3488,
  2496,
  3158,
  3948,
  3788,
  5250,
  2384,
  2289,
  2777,
  2372,
  1461,
  3133,
  3076,
  3343,
  4425,
  1256,
  3321,
  2181,
  1599,
  2705,
  3037,
  2518,
  982,
  3484,
  5784,
  2573,
  3324,
  3609,
  2847,
  2153,
  2214,
  0,
  337,
  2178,
  2805,
  3740,
  6482,
  1372,
  1966,
  2531,
  2382,
  1331,
  3057,
  2682,
  2896,
  2204,
  1566],
 [551,
  756,
  1112,
  1256,
  2033,
  473,
  1570,
  1027,
  2200,
  2448,
  2137,
  2391,
  2718,
  3127,
  987,
  653,
  1703,
  1827,
  3195,
  2088,
  3102,
  2156,
  3686,
  3579,
  3616,
  3198,
  2243,
  6329,
  2511,
  2940,
  2831,
  4783,
  2200,
  3092,
  3382,
  2390,
  3052,
  3842,
  3682,
  5144,
  2278,
  2183,
  2671,
  2266,
  1355,
  3027,
  2970,
  3237,
  4319,
  1352,
  3215,
  2075,
  1493,
  2599,
  2931,
  2412,
  1078,
  3378,
  5678,
  2467,
  3218,
  3503,
  2741,
  2047,
  2108,
  483,
  0,
  2072,
  2699,
  3634,
  6376,
  1266,
  1860,
  2425,
  1593,
  1225,
  2951,
  2576,
  2790,
  2098,
  1662],
 [2109,
  2314,
  2670,
  2814,
  2233,
  1217,
  2137,
  2585,
  1983,
  2231,
  1920,
  1971,
  1103,
  1512,
  770,
  1037,
  460,
  1262,
  1580,
  935,
  1487,
  1273,
  2803,
  2696,
  2733,
  1583,
  1360,
  4714,
  1628,
  1325,
  1216,
  3168,
  585,
  1555,
  2499,
  1507,
  2169,
  2959,
  2799,
  3529,
  1713,
  1030,
  1518,
  2049,
  472,
  1412,
  2087,
  2354,
  2704,
  2910,
  1893,
  1510,
  1276,
  1716,
  2048,
  797,
  2636,
  2495,
  4063,
  1314,
  2335,
  2620,
  1588,
  1830,
  493,
  2041,
  1558,
  0,
  1816,
  2751,
  4761,
  701,
  1643,
  1272,
  2059,
  1008,
  1336,
  1693,
  1907,
  1881,
  2249],
 [2921,
  2806,
  2763,
  3626,
  2144,
  2029,
  2048,
  3397,
  2795,
  3043,
  2732,
  2783,
  2647,
  3056,
  1582,
  1849,
  1458,
  2074,
  3124,
  2017,
  3031,
  404,
  932,
  1126,
  1163,
  2831,
  1122,
  5877,
  887,
  2543,
  2310,
  2865,
  2129,
  1971,
  1319,
  221,
  989,
  1389,
  1229,
  1625,
  2525,
  2112,
  2600,
  2861,
  1146,
  2660,
  1624,
  1818,
  2347,
  3035,
  3144,
  2322,
  2088,
  1031,
  434,
  2341,
  2696,
  1315,
  1476,
  2396,
  1155,
  1006,
  2670,
  2642,
  2037,
  2853,
  2370,
  2001,
  0,
  1621,
  2174,
  1513,
  2455,
  2354,
  2871,
  1820,
  2584,
  1230,
  1371,
  2693,
  2160],
 [3931,
  3816,
  3773,
  4636,
  3154,
  3039,
  3058,
  4407,
  3805,
  4053,
  3742,
  3793,
  4299,
  4708,
  2592,
  2859,
  2468,
  3084,
  4776,
  3027,
  4683,
  1781,
  813,
  622,
  458,
  2614,
  1533,
  5216,
  1118,
  3125,
  2112,
  2361,
  3536,
  1773,
  252,
  1492,
  582,
  232,
  1134,
  1121,
  3535,
  3122,
  3610,
  3871,
  2156,
  2786,
  1021,
  1573,
  1843,
  4045,
  5089,
  3332,
  3098,
  1262,
  1247,
  3993,
  3706,
  256,
  972,
  3406,
  416,
  1766,
  3680,
  3652,
  3689,
  3863,
  3380,
  4000,
  1595,
  0,
  1670,
  2523,
  3465,
  3364,
  3881,
  2830,
  2843,
  1158,
  1126,
  3703,
  3170],
 [9082,
  8025,
  7887,
  8621,
  6606,
  8190,
  6510,
  8410,
  8455,
  8703,
  8392,
  8646,
  7272,
  7681,
  7743,
  8010,
  7433,
  8235,
  7749,
  7335,
  7656,
  4866,
  3958,
  3421,
  3661,
  5587,
  6021,
  8189,
  4772,
  6098,
  5989,
  4960,
  6509,
  5713,
  4371,
  4683,
  4553,
  3887,
  4279,
  3732,
  8686,
  7559,
  7918,
  8521,
  5608,
  5759,
  5943,
  5361,
  4442,
  7956,
  8062,
  8483,
  8249,
  4916,
  4114,
  6966,
  8295,
  4375,
  3360,
  7714,
  4535,
  5208,
  7988,
  8302,
  6662,
  9014,
  8531,
  6973,
  4462,
  4119,
  0,
  7674,
  8115,
  7672,
  8531,
  7981,
  5816,
  5813,
  4935,
  8353,
  6622],
 [2173,
  2378,
  2734,
  2878,
  2321,
  1281,
  2225,
  2649,
  2284,
  1610,
  1299,
  1270,
  1923,
  2332,
  834,
  1101,
  908,
  561,
  2400,
  1293,
  2307,
  1361,
  2891,
  2784,
  2821,
  2403,
  1448,
  5534,
  1716,
  2145,
  2036,
  3988,
  1405,
  2297,
  2587,
  1595,
  2257,
  3047,
  2887,
  4349,
  1012,
  1388,
  1876,
  1428,
  560,
  2232,
  2175,
  2442,
  3524,
  2974,
  2420,
  809,
  1340,
  1804,
  2136,
  1617,
  2700,
  2583,
  4883,
  1672,
  2423,
  2708,
  1946,
  1122,
  1313,
  2105,
  1622,
  1277,
  1904,
  2839,
  5581,
  0,
  1944,
  1630,
  2360,
  1072,
  2156,
  1781,
  1995,
  1099,
  2337],
 [2220,
  2425,
  2781,
  2925,
  3656,
  2317,
  3560,
  2696,
  340,
  802,
  491,
  1023,
  2523,
  2932,
  1846,
  2137,
  1883,
  1027,
  3000,
  1661,
  2907,
  2696,
  4226,
  4119,
  4156,
  3003,
  2783,
  6134,
  3051,
  2745,
  2636,
  4588,
  2005,
  2975,
  3922,
  2930,
  3592,
  4382,
  4222,
  4949,
  1281,
  1084,
  2244,
  620,
  1895,
  2832,
  3510,
  3469,
  4124,
  3021,
  2788,
  1120,
  1282,
  3139,
  3471,
  2008,
  2747,
  3918,
  5483,
  2040,
  3758,
  4043,
  2314,
  679,
  2094,
  2152,
  1884,
  2273,
  3239,
  4174,
  6181,
  2124,
  0,
  1998,
  416,
  1550,
  2756,
  3116,
  3330,
  730,
  3331],
 [2801,
  3006,
  3362,
  3506,
  2925,
  1909,
  2829,
  3277,
  1921,
  2169,
  1858,
  2112,
  1594,
  2003,
  1462,
  1729,
  1152,
  1954,
  1535,
  276,
  1978,
  1965,
  3495,
  3388,
  3425,
  2074,
  2052,
  5205,
  2320,
  1816,
  1707,
  3659,
  1076,
  2046,
  3191,
  2199,
  2861,
  3651,
  3491,
  4020,
  2370,
  1025,
  678,
  1987,
  1164,
  1903,
  2779,
  2540,
  3195,
  3602,
  1222,
  2202,
  1758,
  2408,
  2740,
  1079,
  3328,
  3187,
  4554,
  474,
  3027,
  3312,
  748,
  1768,
  1363,
  2733,
  2250,
  1344,
  2508,
  3443,
  5252,
  1393,
  1581,
  0,
  1997,
  1700,
  1827,
  2385,
  2599,
  1819,
  2941],
 [2018,
  2223,
  2579,
  2723,
  3927,
  1924,
  3831,
  2494,
  611,
  1073,
  762,
  1294,
  2794,
  3203,
  2117,
  2408,
  2154,
  1298,
  3271,
  1932,
  3178,
  2967,
  4497,
  4390,
  4427,
  3274,
  3054,
  6405,
  3322,
  3016,
  2907,
  4859,
  2276,
  3246,
  4193,
  3201,
  3863,
  4653,
  4493,
  5220,
  1552,
  1355,
  2515,
  891,
  2166,
  3103,
  3781,
  3740,
  4395,
  2819,
  3059,
  1391,
  1553,
  3410,
  3742,
  2279,
  2545,
  4189,
  5754,
  2311,
  4029,
  4314,
  2585,
  950,
  2365,
  1950,
  1682,
  2544,
  3510,
  4445,
  6452,
  2395,
  787,
  2269,
  0,
  1821,
  3027,
  3387,
  3601,
  1001,
  3129],
 [1659,
  1864,
  2220,
  2364,
  2425,
  767,
  2329,
  2135,
  975,
  1223,
  912,
  1166,
  2027,
  2436,
  296,
  587,
  1012,
  1136,
  2504,
  1397,
  2411,
  1465,
  2995,
  2888,
  2925,
  2507,
  1552,
  5638,
  1820,
  2249,
  2140,
  4092,
  1509,
  2401,
  2691,
  1699,
  2361,
  3151,
  2991,
  4453,
  1587,
  1227,
  1980,
  1041,
  664,
  2336,
  2279,
  2546,
  3628,
  2460,
  2524,
  1384,
  268,
  1908,
  2240,
  1721,
  2186,
  2687,
  4987,
  1776,
  2527,
  2812,
  2050,
  822,
  1417,
  1591,
  1108,
  1381,
  2008,
  2943,
  5685,
  575,
  635,
  1734,
  1051,
  0,
  2260,
  1885,
  2099,
  873,
  2770],
 [3343,
  3548,
  3904,
  4048,
  3467,
  2451,
  3371,
  3819,
  2716,
  2964,
  2653,
  2907,
  1533,
  1942,
  2004,
  2271,
  1694,
  2496,
  2010,
  1596,
  1917,
  2132,
  2381,
  2796,
  2960,
  427,
  1433,
  3558,
  1768,
  359,
  250,
  2012,
  770,
  589,
  2169,
  2366,
  1839,
  3186,
  2702,
  2373,
  2947,
  1820,
  2179,
  2782,
  1706,
  143,
  1665,
  1083,
  1548,
  4144,
  2323,
  2744,
  2510,
  1856,
  2815,
  1227,
  3870,
  2165,
  2907,
  1975,
  2005,
  4854,
  2249,
  2563,
  923,
  3275,
  2792,
  1234,
  3163,
  2421,
  3605,
  1935,
  2376,
  1933,
  2792,
  2242,
  0,
  1535,
  1485,
  2614,
  3483],
 [2919,
  2804,
  2761,
  3624,
  2142,
  2027,
  2046,
  3395,
  2793,
  3041,
  2730,
  2781,
  2607,
  3016,
  1580,
  1847,
  1456,
  2072,
  3084,
  2015,
  2991,
  915,
  1110,
  1629,
  1355,
  1721,
  480,
  4852,
  343,
  1433,
  1200,
  3306,
  1844,
  861,
  898,
  1149,
  568,
  1581,
  1431,
  2024,
  2523,
  2110,
  2598,
  2859,
  1144,
  1550,
  394,
  661,
  2842,
  3033,
  3397,
  2320,
  2086,
  431,
  1544,
  2301,
  2694,
  894,
  1875,
  2394,
  734,
  2063,
  2668,
  2640,
  1997,
  2851,
  2368,
  2308,
  1652,
  1150,
  2573,
  1511,
  2453,
  2352,
  2869,
  1818,
  1474,
  0,
  214,
  2691,
  2158],
 [3818,
  3703,
  3660,
  4523,
  3041,
  2926,
  2945,
  4294,
  3576,
  3824,
  3513,
  3767,
  2393,
  2802,
  2479,
  2746,
  2554,
  2971,
  2870,
  2456,
  2777,
  1814,
  1745,
  2264,
  1990,
  1507,
  955,
  4638,
  1242,
  1219,
  986,
  3092,
  1630,
  647,
  1533,
  2048,
  1203,
  2216,
  2066,
  3453,
  3422,
  2680,
  3039,
  3642,
  2043,
  1336,
  1029,
  447,
  2628,
  3932,
  3183,
  3219,
  2985,
  1330,
  2179,
  2087,
  3593,
  1529,
  3987,
  2835,
  1369,
  2698,
  3109,
  3423,
  1783,
  3750,
  3267,
  2094,
  2527,
  1785,
  4685,
  2410,
  3236,
  2793,
  3652,
  2717,
  1260,
  899,
  0,
  3474,
  3057],
 [3077,
  3282,
  3638,
  3782,
  3524,
  2185,
  3428,
  3553,
  478,
  834,
  523,
  293,
  2391,
  2800,
  1714,
  2005,
  1751,
  538,
  2868,
  1529,
  2775,
  2564,
  4094,
  3987,
  4024,
  2871,
  2651,
  6002,
  2919,
  2613,
  2504,
  4456,
  1873,
  2843,
  3790,
  2798,
  3460,
  4250,
  4090,
  4817,
  551,
  952,
  2112,
  652,
  1763,
  2700,
  3378,
  3337,
  3992,
  3878,
  2656,
  418,
  1150,
  3007,
  3339,
  1876,
  3604,
  3786,
  5351,
  1908,
  3626,
  3911,
  2182,
  51,
  1962,
  3009,
  2526,
  2141,
  3107,
  4042,
  6049,
  1992,
  384,
  1866,
  800,
  1418,
  2624,
  2984,
  3198,
  0,
  3540],
 [1332,
  1033,
  990,
  1931,
  371,
  2175,
  275,
  1808,
  2941,
  3189,
  2878,
  2929,
  3093,
  3502,
  1728,
  1995,
  1904,
  2220,
  3570,
  2463,
  3477,
  1726,
  3256,
  3149,
  3186,
  3573,
  1813,
  6704,
  2081,
  3234,
  3001,
  5158,
  2575,
  2662,
  2952,
  1960,
  2622,
  3412,
  3252,
  3648,
  2671,
  2558,
  3046,
  3007,
  1592,
  3402,
  2540,
  2807,
  4694,
  1262,
  3590,
  2468,
  2234,
  2169,
  2501,
  2787,
  923,
  2948,
  4643,
  2842,
  2788,
  3073,
  3116,
  2788,
  2483,
  1561,
  1898,
  2447,
  2269,
  3204,
  5341,
  1659,
  2601,
  2800,
  3017,
  1966,
  3326,
  2146,
  2360,
  2839,
  0]]
