[[0,
  1921,
  6067,
  6060,
  6360,
  4565,
  1796,
  5590,
  5520,
  2466,
  6188,
  6387,
  585,
  4542,
  4176,
  2463,
  4781,
  6058,
  1383,
  5849,
  6664,
  4184,
  4594,
  5717,
  2723,
  6031,
  6262,
  3233,
  5193,
  4962,
  5414,
  4387],
 [2043,
  0,
  8063,
  8056,
  8356,
  6561,
  3792,
  7586,
  7516,
  4462,
  8176,
  8383,
  2819,
  6538,
  6172,
  4459,
  6777,
  8054,
  3379,
  7845,
  8660,
  6180,
  6590,
  7713,
  4719,
  8027,
  8258,
  1486,
  7189,
  6958,
  7410,
  6383],
 [6427,
  8276,
  0,
  2833,
  1368,
  1469,
  4870,
  1928,
  861,
  3735,
  2930,
  1283,
  6014,
  1883,
  2914,
  3999,
  1687,
  954,
  5179,
  2663,
  1987,
  1567,
  2155,
  2531,
  4259,
  927,
  1158,
  9012,
  1531,
  2523,
  469,
  2299],
 [6300,
  8149,
  866,
  0,
  300,
  1918,
  4743,
  2794,
  1727,
  4184,
  1547,
  1288,
  5887,
  2749,
  3410,
  3872,
  2553,
  638,
  5052,
  1280,
  604,
  2316,
  2651,
  1148,
  4132,
  802,
  1033,
  9461,
  2397,
  3019,
  1335,
  3152],
 [6460,
  8309,
  566,
  1610,
  0,
  2078,
  4903,
  2494,
  1427,
  4344,
  1707,
  988,
  6047,
  2449,
  3570,
  4032,
  2253,
  338,
  5212,
  1440,
  764,
  2476,
  2811,
  1308,
  4292,
  502,
  733,
  9621,
  2097,
  3179,
  1035,
  2865],
 [4382,
  6231,
  2283,
  2276,
  2576,
  0,
  2825,
  2437,
  1736,
  2266,
  2404,
  2603,
  3969,
  1389,
  1437,
  1954,
  1628,
  2274,
  3134,
  2065,
  2880,
  398,
  733,
  1933,
  2214,
  2247,
  2478,
  7543,
  2040,
  1101,
  1630,
  1234],
 [1851,
  3700,
  4271,
  4264,
  4564,
  2769,
  0,
  3794,
  3724,
  670,
  4392,
  4591,
  1438,
  2746,
  2380,
  667,
  2985,
  4262,
  636,
  4053,
  4868,
  2388,
  2798,
  3921,
  927,
  4235,
  4466,
  5012,
  3397,
  3166,
  3618,
  2591],
 [5555,
  7404,
  2023,
  2753,
  2428,
  2547,
  3998,
  0,
  1070,
  3439,
  2881,
  1570,
  5142,
  1011,
  3335,
  3127,
  815,
  2014,
  4307,
  3723,
  3047,
  2140,
  2576,
  2410,
  3387,
  1914,
  1683,
  8716,
  564,
  2944,
  1454,
  1427],
 [5502,
  7351,
  1037,
  1683,
  1442,
  1120,
  3945,
  1303,
  0,
  3686,
  1811,
  1357,
  5089,
  1258,
  2612,
  3074,
  1062,
  1028,
  4254,
  1472,
  2061,
  1071,
  1853,
  1340,
  3334,
  1001,
  1232,
  8663,
  906,
  2221,
  384,
  1674],
 [2116,
  3965,
  4075,
  4068,
  4368,
  2573,
  559,
  3598,
  3528,
  0,
  4196,
  4395,
  1703,
  2550,
  2184,
  471,
  2789,
  4066,
  868,
  3857,
  4672,
  2192,
  2602,
  3725,
  731,
  4039,
  4270,
  5277,
  3201,
  2970,
  3422,
  2395],
 [6218,
  8067,
  2299,
  1433,
  1733,
  1836,
  4661,
  2995,
  1928,
  4102,
  0,
  2795,
  5805,
  3225,
  3328,
  3790,
  2754,
  2071,
  4970,
  1198,
  2037,
  2234,
  2569,
  470,
  4050,
  2235,
  2466,
  9379,
  2598,
  2937,
  1822,
  3070],
 [6210,
  8059,
  728,
  2557,
  1092,
  3025,
  4653,
  1711,
  1725,
  4094,
  2654,
  0,
  5797,
  1666,
  4517,
  3782,
  1470,
  678,
  4962,
  2387,
  1711,
  2795,
  3758,
  2212,
  4042,
  486,
  255,
  9371,
  1219,
  4126,
  1197,
  2082],
 [413,
  2262,
  6041,
  6034,
  6334,
  4539,
  1770,
  5564,
  5494,
  2440,
  6162,
  6361,
  0,
  4516,
  4150,
  2437,
  4755,
  6032,
  1357,
  5823,
  6638,
  4158,
  4568,
  5691,
  2697,
  6005,
  6236,
  3574,
  5167,
  4936,
  5388,
  4361],
 [4544,
  6393,
  2110,
  3033,
  2515,
  1536,
  2987,
  1048,
  1157,
  2428,
  3161,
  1657,
  4131,
  0,
  2324,
  2116,
  239,
  2101,
  3296,
  2822,
  3134,
  1129,
  1565,
  2690,
  2376,
  2001,
  1770,
  7705,
  651,
  1933,
  1541,
  416],
 [2980,
  4829,
  3462,
  3455,
  3755,
  1960,
  1423,
  2933,
  2915,
  864,
  3583,
  3782,
  2567,
  1885,
  0,
  552,
  2124,
  3453,
  1732,
  3244,
  4059,
  1579,
  1989,
  3112,
  812,
  3426,
  3657,
  6141,
  2536,
  552,
  2809,
  1730],
 [3051,
  4900,
  3604,
  3597,
  3897,
  2102,
  1494,
  3127,
  3057,
  935,
  3725,
  3924,
  2638,
  2079,
  1713,
  0,
  2318,
  3595,
  1803,
  3386,
  4201,
  1721,
  2131,
  3254,
  260,
  3568,
  3799,
  6212,
  2730,
  2499,
  2951,
  1924],
 [4740,
  6589,
  2417,
  3229,
  2822,
  1732,
  3183,
  1355,
  1464,
  2624,
  3357,
  1964,
  4327,
  196,
  2520,
  2312,
  0,
  2408,
  3492,
  3018,
  3441,
  1325,
  1761,
  2886,
  2572,
  2308,
  2077,
  7901,
  958,
  2129,
  1848,
  612],
 [6757,
  8606,
  256,
  1907,
  442,
  2375,
  5200,
  2184,
  1117,
  4641,
  2004,
  678,
  6344,
  2139,
  3867,
  4329,
  1943,
  0,
  5509,
  1737,
  1061,
  2773,
  3108,
  1605,
  4589,
  192,
  423,
  9918,
  1787,
  3476,
  725,
  2555],
 [1365,
  3214,
  4828,
  4821,
  5121,
  3326,
  557,
  4351,
  4281,
  1227,
  4949,
  5148,
  952,
  3303,
  2937,
  1224,
  3542,
  4819,
  0,
  4610,
  5425,
  2945,
  3355,
  4478,
  1484,
  4792,
  5023,
  4526,
  3954,
  3723,
  4175,
  3148],
 [5019,
  6868,
  1277,
  1276,
  1576,
  637,
  3462,
  1797,
  730,
  2903,
  1404,
  1597,
  4606,
  1752,
  2129,
  2591,
  1556,
  1268,
  3771,
  0,
  1880,
  1035,
  1370,
  933,
  2851,
  1241,
  1472,
  8180,
  1400,
  1738,
  624,
  1871],
 [5696,
  7545,
  1712,
  846,
  1146,
  1314,
  4139,
  2473,
  1406,
  3580,
  943,
  2134,
  5283,
  2703,
  2806,
  3268,
  2232,
  1484,
  4448,
  676,
  0,
  1712,
  2047,
  544,
  3528,
  1648,
  1879,
  8857,
  2076,
  2415,
  1300,
  2548],
 [4237,
  6086,
  1916,
  1909,
  2209,
  559,
  2680,
  2203,
  1369,
  2121,
  2037,
  2236,
  3824,
  1155,
  1347,
  1809,
  1394,
  1907,
  2989,
  1698,
  2513,
  0,
  588,
  1566,
  2069,
  1880,
  2111,
  7398,
  1806,
  956,
  1263,
  1000],
 [3655,
  5504,
  2769,
  2762,
  3062,
  818,
  2098,
  2923,
  2222,
  1539,
  2890,
  3089,
  3242,
  1875,
  765,
  1227,
  2114,
  2760,
  2407,
  2551,
  3366,
  884,
  0,
  2419,
  1487,
  2733,
  2964,
  6816,
  2526,
  374,
  2116,
  1720],
 [5755,
  7604,
  1771,
  905,
  1205,
  1373,
  4198,
  2532,
  1465,
  3639,
  483,
  2193,
  5342,
  2762,
  2865,
  3327,
  2291,
  1543,
  4507,
  735,
  1509,
  1771,
  2106,
  0,
  3587,
  1707,
  1938,
  8916,
  2135,
  2474,
  1359,
  2607],
 [2791,
  4640,
  3344,
  3337,
  3637,
  1842,
  1234,
  2867,
  2797,
  675,
  3465,
  3664,
  2378,
  1819,
  1453,
  363,
  2058,
  3335,
  1543,
  3126,
  3941,
  1461,
  1871,
  2994,
  0,
  3308,
  3539,
  5952,
  2470,
  2239,
  2691,
  1664],
 [6921,
  8770,
  242,
  2071,
  606,
  2539,
  5364,
  2055,
  1103,
  4805,
  2168,
  486,
  6508,
  2010,
  4031,
  4493,
  1814,
  192,
  5673,
  1901,
  1225,
  2937,
  3272,
  1769,
  4753,
  0,
  231,
  10082,
  1563,
  3640,
  711,
  2426],
 [7152,
  9001,
  473,
  2302,
  837,
  2770,
  5595,
  1824,
  1334,
  5036,
  2399,
  255,
  6739,
  1779,
  4262,
  4724,
  1583,
  423,
  5904,
  2132,
  1456,
  3168,
  3503,
  2000,
  4984,
  231,
  0,
  10313,
  1332,
  3871,
  942,
  2195],
 [557,
  1966,
  6556,
  6549,
  6849,
  5054,
  2285,
  6079,
  6009,
  2955,
  6677,
  6876,
  1333,
  5031,
  4665,
  2952,
  5270,
  6547,
  1892,
  6338,
  7153,
  4673,
  5083,
  6206,
  3212,
  6520,
  6751,
  0,
  5682,
  5451,
  5903,
  4876],
 [5362,
  7211,
  1543,
  2189,
  1948,
  1626,
  3805,
  863,
  506,
  3246,
  2317,
  1472,
  4949,
  818,
  3142,
  2934,
  622,
  1534,
  4114,
  1978,
  2567,
  1947,
  2383,
  1846,
  3194,
  1507,
  1738,
  8523,
  0,
  2751,
  890,
  1234],
 [3281,
  5130,
  3852,
  3845,
  4145,
  2350,
  1724,
  3234,
  3305,
  1165,
  3973,
  4172,
  2868,
  2186,
  336,
  853,
  2425,
  3843,
  2033,
  3634,
  4449,
  1969,
  2379,
  3502,
  1113,
  3816,
  4047,
  6442,
  2837,
  0,
  3199,
  2031],
 [5382,
  7231,
  1103,
  1563,
  1508,
  1000,
  3825,
  1459,
  392,
  3266,
  1691,
  1423,
  4969,
  1414,
  2492,
  2954,
  1218,
  1094,
  4134,
  1352,
  2127,
  1098,
  1733,
  1220,
  3214,
  1067,
  1298,
  8543,
  1062,
  2101,
  0,
  1830],
 [4661,
  6510,
  2265,
  3150,
  2670,
  1653,
  3104,
  1203,
  1312,
  2545,
  3278,
  1812,
  4248,
  155,
  2441,
  2233,
  394,
  2256,
  3413,
  2939,
  3289,
  1246,
  1682,
  2807,
  2493,
  2156,
  1925,
  7822,
  806,
  2050,
  1696,
  0]]
