[[0,
  1250,
  1697,
  871,
  3716,
  2198,
  1946,
  3068,
  3123,
  3342,
  4595,
  4191,
  2515,
  2026,
  3395,
  1666,
  1180,
  3694,
  3912,
  1916,
  4571,
  2691,
  2764,
  4186,
  4104,
  2220,
  1570,
  3369,
  3868,
  5350,
  2103,
  1203,
  5886,
  1533,
  2652,
  2649,
  3000,
  3817,
  3321,
  3125,
  3455,
  3107,
  1371,
  416,
  5027,
  3298,
  618,
  4026,
  4828,
  1374,
  2581,
  3582,
  4434,
  842,
  4326,
  1494,
  2467,
  3605],
 [951,
  0,
  2648,
  227,
  2879,
  1361,
  1109,
  2829,
  2884,
  3103,
  4356,
  3952,
  2276,
  1787,
  3156,
  1427,
  941,
  3455,
  3673,
  1677,
  4332,
  2452,
  1800,
  3947,
  3865,
  1981,
  1331,
  2532,
  3629,
  5111,
  1864,
  741,
  5647,
  1294,
  1688,
  2410,
  2070,
  2980,
  2391,
  2195,
  2787,
  2868,
  552,
  579,
  4788,
  2461,
  527,
  3787,
  3898,
  1135,
  1744,
  3343,
  4195,
  206,
  3489,
  1258,
  1630,
  2675],
 [2146,
  2799,
  0,
  2420,
  5392,
  3874,
  3622,
  4617,
  4672,
  4891,
  6144,
  5740,
  4064,
  3575,
  4944,
  3215,
  2729,
  5243,
  5461,
  3465,
  6120,
  4240,
  4313,
  5735,
  5653,
  3769,
  3119,
  5045,
  5417,
  6899,
  3652,
  2752,
  7435,
  3082,
  4201,
  4198,
  4549,
  5493,
  4870,
  4674,
  5004,
  4656,
  2920,
  1965,
  6576,
  4974,
  2167,
  5575,
  6377,
  2923,
  4257,
  5131,
  5983,
  2391,
  6308,
  3043,
  4143,
  5154],
 [724,
  509,
  2421,
  0,
  2975,
  1457,
  1205,
  2602,
  2657,
  2876,
  4129,
  3725,
  2049,
  1560,
  2929,
  1200,
  714,
  3228,
  3446,
  1450,
  4105,
  2225,
  1896,
  3720,
  3638,
  1754,
  1104,
  2628,
  3402,
  4884,
  1637,
  514,
  5420,
  1067,
  1784,
  2183,
  2166,
  3076,
  2487,
  2291,
  2883,
  2641,
  892,
  352,
  4561,
  2557,
  300,
  3560,
  3994,
  908,
  1840,
  3116,
  3968,
  101,
  3585,
  884,
  1726,
  2771],
 [3740,
  2653,
  5437,
  2880,
  0,
  1631,
  2140,
  3262,
  3317,
  571,
  4789,
  4385,
  2709,
  1985,
  3589,
  2193,
  2463,
  923,
  1141,
  2065,
  4765,
  2885,
  2865,
  1415,
  1333,
  1283,
  2391,
  771,
  1097,
  5544,
  2297,
  2650,
  6080,
  2639,
  2727,
  1619,
  2374,
  3284,
  2695,
  2499,
  2829,
  902,
  2512,
  3232,
  5221,
  418,
  3097,
  1255,
  4202,
  2372,
  2048,
  811,
  1663,
  2859,
  3793,
  2289,
  1295,
  2979],
 [2109,
  1022,
  3806,
  1249,
  1809,
  0,
  509,
  2174,
  2229,
  2403,
  3701,
  3297,
  1621,
  897,
  2501,
  1105,
  1219,
  2755,
  2973,
  977,
  3677,
  1797,
  1491,
  3247,
  3165,
  1281,
  1303,
  1462,
  2929,
  4456,
  1209,
  1019,
  4992,
  1572,
  1353,
  1710,
  1000,
  1910,
  1321,
  1125,
  1717,
  2168,
  881,
  1601,
  4133,
  1391,
  1466,
  3087,
  2828,
  1413,
  674,
  2643,
  3495,
  1228,
  2419,
  658,
  560,
  1605],
 [1491,
  912,
  3188,
  1139,
  2183,
  665,
  0,
  2598,
  2653,
  2872,
  4125,
  3721,
  2045,
  1556,
  2925,
  1196,
  710,
  3224,
  3442,
  1446,
  4101,
  2221,
  1865,
  3716,
  3634,
  1750,
  1100,
  1836,
  3398,
  4880,
  1633,
  510,
  5416,
  1063,
  1727,
  2179,
  1374,
  2284,
  1695,
  1499,
  1829,
  2637,
  771,
  1491,
  4557,
  1765,
  1356,
  3556,
  3202,
  904,
  1048,
  3112,
  3964,
  1118,
  2793,
  149,
  934,
  1979],
 [2798,
  2839,
  4495,
  3066,
  3105,
  1817,
  2326,
  0,
  415,
  2804,
  1887,
  1483,
  591,
  1488,
  687,
  1316,
  1713,
  3156,
  3374,
  1378,
  1863,
  643,
  3051,
  3648,
  3566,
  1682,
  1641,
  2758,
  3330,
  2642,
  1064,
  1979,
  3178,
  1889,
  2913,
  2111,
  2560,
  3470,
  2881,
  2685,
  3015,
  2569,
  2698,
  2753,
  2319,
  2687,
  2667,
  3488,
  4388,
  1622,
  2234,
  3044,
  3896,
  3045,
  3979,
  2475,
  1856,
  3165],
 [3032,
  3073,
  4729,
  3300,
  3339,
  2051,
  2560,
  234,
  0,
  3038,
  1472,
  1068,
  825,
  1722,
  272,
  1550,
  1947,
  3390,
  3608,
  1612,
  1448,
  877,
  3285,
  3882,
  3800,
  1916,
  1875,
  2992,
  3564,
  2227,
  1298,
  2213,
  2763,
  2123,
  3147,
  2345,
  2794,
  3704,
  3115,
  2919,
  3249,
  2803,
  2932,
  2987,
  1904,
  2921,
  2901,
  3722,
  4622,
  1856,
  2468,
  3278,
  4130,
  3279,
  4213,
  2709,
  2090,
  3399],
 [3329,
  3325,
  5026,
  3552,
  647,
  2303,
  2812,
  3043,
  3098,
  0,
  4570,
  4166,
  2490,
  1974,
  3370,
  1974,
  2244,
  352,
  570,
  1609,
  4546,
  2666,
  3537,
  844,
  762,
  1236,
  2172,
  1665,
  526,
  5325,
  2078,
  2510,
  5861,
  2420,
  3399,
  873,
  3046,
  3956,
  3367,
  3171,
  3501,
  429,
  3184,
  3284,
  5002,
  1043,
  3769,
  684,
  4874,
  2153,
  2720,
  240,
  1092,
  3531,
  4465,
  2961,
  2342,
  3651],
 [4505,
  4546,
  6202,
  4773,
  4812,
  3524,
  4033,
  1707,
  1473,
  4511,
  0,
  566,
  2298,
  3195,
  1291,
  3023,
  3420,
  4863,
  5081,
  3085,
  946,
  2350,
  4758,
  5355,
  5273,
  3389,
  3348,
  4465,
  5037,
  1725,
  2771,
  3686,
  2261,
  3596,
  4620,
  3818,
  4267,
  5177,
  4588,
  4392,
  4722,
  4276,
  4405,
  4460,
  1402,
  4394,
  4374,
  5195,
  6095,
  3329,
  3941,
  4751,
  5603,
  4752,
  5686,
  4182,
  3563,
  4872],
 [4101,
  4142,
  5798,
  4369,
  4408,
  3120,
  3629,
  1303,
  1069,
  4107,
  566,
  0,
  1894,
  2791,
  887,
  2619,
  3016,
  4459,
  4677,
  2681,
  380,
  1946,
  4354,
  4951,
  4869,
  2985,
  2944,
  4061,
  4633,
  1159,
  2367,
  3282,
  1695,
  3192,
  4216,
  3414,
  3863,
  4773,
  4184,
  3988,
  4318,
  3872,
  4001,
  4056,
  836,
  3990,
  3970,
  4791,
  5691,
  2925,
  3537,
  4347,
  5199,
  4348,
  5282,
  3778,
  3159,
  4468],
 [2207,
  2248,
  3904,
  2475,
  2514,
  1226,
  1735,
  809,
  864,
  2213,
  2336,
  1932,
  0,
  897,
  1136,
  725,
  1122,
  2565,
  2783,
  787,
  2312,
  432,
  2460,
  3057,
  2975,
  1091,
  1050,
  2167,
  2739,
  3091,
  473,
  1388,
  3627,
  1298,
  2322,
  1520,
  1969,
  2879,
  2290,
  2094,
  2424,
  1978,
  2107,
  2162,
  2768,
  2096,
  2076,
  2897,
  3797,
  1031,
  1643,
  2453,
  3305,
  2454,
  3388,
  1884,
  1265,
  2574],
 [2438,
  1351,
  4135,
  1578,
  1617,
  329,
  838,
  1982,
  2037,
  2211,
  3509,
  3105,
  1429,
  0,
  2309,
  913,
  1183,
  2563,
  2781,
  785,
  3485,
  1605,
  1563,
  3055,
  2973,
  1089,
  1111,
  1270,
  2737,
  4264,
  1017,
  1348,
  4800,
  1359,
  1425,
  1518,
  1072,
  1982,
  1393,
  1197,
  1527,
  1976,
  1210,
  1930,
  3941,
  1199,
  1795,
  2895,
  2900,
  1092,
  746,
  2451,
  3303,
  1557,
  2491,
  987,
  368,
  1677],
 [3333,
  3374,
  5030,
  3601,
  3640,
  2352,
  2861,
  535,
  301,
  3339,
  1200,
  796,
  1126,
  2023,
  0,
  1851,
  2248,
  3691,
  3909,
  1913,
  1176,
  1178,
  3586,
  4183,
  4101,
  2217,
  2176,
  3293,
  3865,
  1955,
  1599,
  2514,
  2491,
  2424,
  3448,
  2646,
  3095,
  4005,
  3416,
  3220,
  3550,
  3104,
  3233,
  3288,
  1632,
  3222,
  3202,
  4023,
  4923,
  2157,
  2769,
  3579,
  4431,
  3580,
  4514,
  3010,
  2391,
  3700],
 [1571,
  1943,
  3268,
  1270,
  2209,
  921,
  1277,
  1489,
  1544,
  1908,
  3016,
  2612,
  936,
  592,
  1816,
  0,
  486,
  2260,
  2478,
  482,
  2992,
  1112,
  2155,
  2752,
  2670,
  786,
  178,
  1862,
  2434,
  3771,
  524,
  752,
  4307,
  426,
  2017,
  1215,
  1664,
  2574,
  1985,
  1789,
  2119,
  1673,
  1802,
  1526,
  3448,
  1791,
  1440,
  2592,
  3492,
  395,
  1338,
  2148,
  3000,
  1241,
  3083,
  1122,
  960,
  2269],
 [1091,
  1611,
  2788,
  790,
  2475,
  1187,
  797,
  1900,
  1955,
  2174,
  3427,
  3023,
  1347,
  858,
  2227,
  498,
  0,
  2526,
  2744,
  748,
  3403,
  1523,
  2421,
  3018,
  2936,
  1052,
  402,
  2128,
  2700,
  4182,
  935,
  272,
  4718,
  508,
  2283,
  1481,
  1930,
  2840,
  2251,
  2055,
  2385,
  1939,
  1470,
  1046,
  3859,
  2057,
  1248,
  2858,
  3758,
  206,
  1604,
  2414,
  3266,
  761,
  3349,
  642,
  1226,
  2535],
 [3605,
  3601,
  5302,
  3828,
  923,
  2579,
  3088,
  3319,
  3374,
  382,
  4846,
  4442,
  2766,
  2250,
  3646,
  2250,
  2520,
  0,
  218,
  1885,
  4822,
  2942,
  3813,
  492,
  410,
  1512,
  2448,
  1941,
  174,
  5601,
  2354,
  2786,
  6137,
  2696,
  3675,
  1149,
  3322,
  4232,
  3643,
  3447,
  3777,
  705,
  3460,
  3560,
  5278,
  1319,
  4045,
  332,
  5150,
  2429,
  2996,
  244,
  740,
  3807,
  4741,
  3237,
  2618,
  3927],
 [3823,
  3819,
  5520,
  4046,
  1141,
  2797,
  3306,
  3537,
  3592,
  600,
  5064,
  4660,
  2984,
  2468,
  3864,
  2468,
  2738,
  218,
  0,
  2103,
  5040,
  3160,
  4031,
  452,
  192,
  1730,
  2666,
  2159,
  134,
  5819,
  2572,
  3004,
  6355,
  2914,
  3893,
  1367,
  3540,
  4450,
  3861,
  3665,
  3995,
  923,
  3678,
  3778,
  5496,
  1537,
  4263,
  292,
  5368,
  2647,
  3214,
  462,
  522,
  4025,
  4959,
  3455,
  2836,
  4145],
 [1720,
  1716,
  3417,
  1943,
  1982,
  694,
  1203,
  1434,
  1489,
  1726,
  2961,
  2557,
  881,
  365,
  1761,
  365,
  635,
  2078,
  2296,
  0,
  2937,
  1057,
  1928,
  2570,
  2488,
  604,
  563,
  1635,
  2252,
  3716,
  469,
  901,
  4252,
  811,
  1790,
  1033,
  1437,
  2347,
  1758,
  1562,
  1892,
  1491,
  1575,
  1675,
  3393,
  1564,
  2160,
  2410,
  3265,
  544,
  1111,
  1966,
  2818,
  1922,
  2856,
  1352,
  733,
  2042],
 [4481,
  4522,
  6178,
  4749,
  4788,
  3500,
  4009,
  1683,
  1449,
  4487,
  946,
  380,
  2274,
  3171,
  1267,
  2999,
  3396,
  4839,
  5057,
  3061,
  0,
  2326,
  4734,
  5331,
  5249,
  3365,
  3324,
  4441,
  5013,
  779,
  2747,
  3662,
  1315,
  3572,
  4596,
  3794,
  4243,
  5153,
  4564,
  4368,
  4698,
  4252,
  4381,
  4436,
  456,
  4370,
  4966,
  5171,
  6071,
  3305,
  3917,
  4727,
  5579,
  4728,
  6002,
  4158,
  3539,
  4848],
 [2806,
  2847,
  4503,
  3074,
  3113,
  1825,
  2334,
  377,
  432,
  2812,
  1904,
  1500,
  599,
  1496,
  704,
  1324,
  1721,
  3164,
  3382,
  1386,
  1880,
  0,
  3059,
  3656,
  3574,
  1690,
  1649,
  2766,
  3338,
  2659,
  1072,
  1987,
  3195,
  1897,
  2921,
  2119,
  2568,
  3478,
  2889,
  2693,
  3023,
  2577,
  2706,
  2761,
  2336,
  2695,
  3291,
  3496,
  4396,
  1630,
  2242,
  3052,
  3904,
  3053,
  4327,
  2483,
  1864,
  3173],
 [2952,
  1865,
  4649,
  2092,
  2361,
  843,
  1352,
  2726,
  2781,
  2955,
  4253,
  3849,
  2173,
  1449,
  3053,
  1657,
  1927,
  3307,
  3525,
  1529,
  4229,
  2349,
  0,
  3799,
  3717,
  1833,
  1855,
  2014,
  3481,
  5008,
  1761,
  1862,
  5544,
  2103,
  630,
  2262,
  236,
  1620,
  557,
  361,
  691,
  2720,
  1724,
  2444,
  4685,
  1943,
  2309,
  3639,
  2064,
  1836,
  375,
  3195,
  4047,
  2071,
  1995,
  1501,
  1112,
  841],
 [4097,
  4093,
  5794,
  4320,
  1415,
  3071,
  3580,
  3811,
  3866,
  874,
  5338,
  4934,
  3258,
  2742,
  4138,
  2742,
  3012,
  492,
  452,
  2377,
  5314,
  3434,
  4305,
  0,
  753,
  2004,
  2940,
  2433,
  318,
  6093,
  2846,
  3278,
  6629,
  3188,
  4167,
  1641,
  3814,
  4724,
  4135,
  3939,
  4269,
  1197,
  3952,
  4052,
  5770,
  1811,
  4537,
  160,
  5642,
  2921,
  3488,
  736,
  423,
  4299,
  5573,
  3729,
  3110,
  4419],
 [4015,
  4011,
  5712,
  4238,
  1333,
  2989,
  3498,
  3729,
  3784,
  792,
  5256,
  4852,
  3176,
  2660,
  4056,
  2660,
  2930,
  410,
  192,
  2295,
  5232,
  3352,
  4223,
  644,
  0,
  1922,
  2858,
  2351,
  326,
  6011,
  2764,
  3196,
  6547,
  3106,
  4085,
  1559,
  3732,
  4642,
  4053,
  3857,
  4187,
  1115,
  3870,
  3970,
  5688,
  1729,
  4455,
  484,
  5560,
  2839,
  3406,
  654,
  330,
  4217,
  5491,
  3647,
  3028,
  4337],
 [2093,
  2089,
  3790,
  2316,
  1323,
  1067,
  1576,
  1807,
  1862,
  1178,
  3334,
  2930,
  1254,
  738,
  2134,
  738,
  1008,
  1530,
  1748,
  373,
  3310,
  1430,
  2301,
  2022,
  1940,
  0,
  936,
  993,
  1704,
  4089,
  842,
  1274,
  4625,
  1184,
  2163,
  485,
  1810,
  2720,
  2131,
  1935,
  2265,
  943,
  1948,
  2048,
  3766,
  905,
  2533,
  1862,
  3638,
  917,
  1484,
  1418,
  2270,
  2295,
  3229,
  1725,
  1106,
  2415],
 [1475,
  1995,
  3172,
  1174,
  2405,
  1117,
  1181,
  1830,
  1885,
  2104,
  3357,
  2953,
  1277,
  788,
  2157,
  178,
  390,
  2456,
  2674,
  678,
  3333,
  1453,
  2351,
  2948,
  2866,
  982,
  0,
  2058,
  2630,
  4112,
  865,
  656,
  4648,
  248,
  2213,
  1411,
  1860,
  2770,
  2181,
  1985,
  2315,
  1869,
  1854,
  1430,
  3789,
  1987,
  1344,
  2788,
  3688,
  299,
  1534,
  2344,
  3196,
  1145,
  3619,
  1026,
  1156,
  2465],
 [2969,
  1882,
  4666,
  2109,
  814,
  860,
  1369,
  2491,
  2546,
  1541,
  4018,
  3614,
  1938,
  1214,
  2818,
  1422,
  1692,
  1893,
  2111,
  1294,
  3994,
  2114,
  2094,
  2385,
  2303,
  512,
  1620,
  0,
  2067,
  4773,
  1526,
  1879,
  5309,
  1868,
  1956,
  848,
  1603,
  2513,
  1924,
  1728,
  2058,
  1306,
  1741,
  2461,
  4450,
  396,
  2326,
  2225,
  3431,
  1601,
  1277,
  1781,
  2633,
  2088,
  3362,
  1518,
  524,
  2208],
 [3779,
  3775,
  5476,
  4002,
  1097,
  2753,
  3262,
  3493,
  3548,
  556,
  5020,
  4616,
  2940,
  2424,
  3820,
  2424,
  2694,
  174,
  134,
  2059,
  4996,
  3116,
  3987,
  318,
  326,
  1686,
  2622,
  2115,
  0,
  5775,
  2528,
  2960,
  6311,
  2870,
  3849,
  1323,
  3496,
  4406,
  3817,
  3621,
  3951,
  879,
  3634,
  3734,
  5452,
  1493,
  4219,
  158,
  5324,
  2603,
  3170,
  418,
  741,
  3981,
  5255,
  3411,
  2792,
  4101],
 [5260,
  5301,
  6957,
  5528,
  5567,
  4279,
  4788,
  2462,
  2228,
  5266,
  1725,
  1159,
  3053,
  3950,
  2046,
  3778,
  4175,
  5618,
  5836,
  3840,
  779,
  3105,
  5513,
  6110,
  6028,
  4144,
  4103,
  5220,
  5792,
  0,
  3526,
  4441,
  536,
  4351,
  5375,
  4573,
  5022,
  5932,
  5343,
  5147,
  5477,
  5031,
  5160,
  5215,
  323,
  5149,
  5129,
  5950,
  6850,
  4084,
  4696,
  5506,
  6358,
  5507,
  6781,
  4937,
  4318,
  5627],
 [2102,
  2143,
  3799,
  2370,
  2409,
  1121,
  1630,
  965,
  1020,
  2108,
  2492,
  2088,
  412,
  792,
  1292,
  620,
  1017,
  2460,
  2678,
  682,
  2468,
  588,
  2355,
  2952,
  2870,
  986,
  945,
  2062,
  2634,
  3247,
  0,
  1283,
  3783,
  1193,
  2217,
  1415,
  1864,
  2774,
  2185,
  1989,
  2319,
  1873,
  2002,
  2057,
  2924,
  1991,
  2587,
  2792,
  3692,
  926,
  1538,
  2348,
  3200,
  2349,
  3623,
  1779,
  1160,
  2469],
 [981,
  1501,
  2678,
  680,
  2663,
  1375,
  687,
  2088,
  2143,
  2362,
  3615,
  3211,
  1535,
  1046,
  2415,
  686,
  200,
  2714,
  2932,
  936,
  3591,
  1711,
  2609,
  3206,
  3124,
  1240,
  590,
  2316,
  2888,
  4370,
  1123,
  0,
  4906,
  553,
  2471,
  1669,
  2118,
  3028,
  2439,
  2243,
  2573,
  2127,
  1360,
  936,
  4047,
  2245,
  1138,
  3046,
  3946,
  394,
  1792,
  2602,
  3454,
  651,
  3877,
  532,
  1414,
  2723],
 [5796,
  5837,
  7493,
  6064,
  6103,
  4815,
  5324,
  2998,
  2764,
  5802,
  2261,
  1695,
  3589,
  4486,
  2582,
  4314,
  4711,
  6154,
  6372,
  4376,
  1315,
  3641,
  6049,
  6646,
  6564,
  4680,
  4639,
  5756,
  6328,
  536,
  4062,
  4977,
  0,
  4887,
  5911,
  5109,
  5558,
  6468,
  5879,
  5683,
  6013,
  5567,
  5696,
  5751,
  859,
  5685,
  6281,
  6486,
  7386,
  4620,
  5232,
  6042,
  6894,
  6043,
  7317,
  5473,
  4854,
  6163],
 [1437,
  1957,
  3134,
  1136,
  2653,
  1365,
  1143,
  2078,
  2133,
  2352,
  3605,
  3201,
  1525,
  1036,
  2405,
  426,
  638,
  2704,
  2922,
  926,
  3581,
  1701,
  2599,
  3196,
  3114,
  1230,
  248,
  2306,
  2878,
  4360,
  1113,
  618,
  4896,
  0,
  2461,
  1659,
  2108,
  3018,
  2429,
  2233,
  2563,
  2117,
  1816,
  1392,
  4037,
  2235,
  1306,
  3036,
  3936,
  547,
  1782,
  2592,
  3444,
  1107,
  3867,
  988,
  1404,
  2713],
 [2279,
  1209,
  3976,
  1436,
  3074,
  1556,
  1166,
  3439,
  3494,
  3668,
  4966,
  4562,
  2886,
  2162,
  3766,
  2370,
  2640,
  4020,
  4238,
  2242,
  4942,
  3062,
  713,
  4512,
  4430,
  2546,
  2568,
  2727,
  4194,
  5721,
  2474,
  1676,
  6257,
  2816,
  0,
  2975,
  949,
  2333,
  1270,
  1074,
  1404,
  3433,
  1068,
  1788,
  5398,
  2656,
  1956,
  4352,
  2777,
  2549,
  1088,
  3908,
  4760,
  1415,
  2708,
  1315,
  1825,
  1554],
 [2661,
  2657,
  4358,
  2884,
  1231,
  1635,
  2144,
  2375,
  2430,
  693,
  3902,
  3498,
  1822,
  1306,
  2702,
  1306,
  1576,
  1045,
  1263,
  941,
  3878,
  1998,
  2869,
  1537,
  1455,
  568,
  1504,
  987,
  1219,
  4657,
  1410,
  1842,
  5193,
  1752,
  2731,
  0,
  2378,
  3288,
  2699,
  2503,
  2833,
  458,
  2516,
  2616,
  4334,
  956,
  3101,
  1377,
  4206,
  1485,
  2052,
  933,
  1785,
  2863,
  4137,
  2293,
  1674,
  2983],
 [3361,
  2274,
  5058,
  2501,
  2770,
  1252,
  1761,
  3135,
  3190,
  3364,
  4662,
  4258,
  2582,
  1858,
  3462,
  2066,
  2336,
  3716,
  3934,
  1938,
  4638,
  2758,
  1177,
  4208,
  4126,
  2242,
  2264,
  2423,
  3890,
  5417,
  2170,
  2271,
  5953,
  2512,
  1039,
  2671,
  0,
  1384,
  321,
  125,
  455,
  3129,
  2133,
  2853,
  5094,
  2352,
  2718,
  4048,
  1828,
  2245,
  784,
  3604,
  4456,
  2480,
  1759,
  1910,
  1521,
  605],
 [3385,
  2298,
  5082,
  2525,
  2794,
  1276,
  1785,
  3159,
  3214,
  3388,
  4686,
  4282,
  2606,
  1882,
  3486,
  2090,
  2360,
  3740,
  3958,
  1962,
  4662,
  2782,
  1201,
  4232,
  4150,
  2266,
  2288,
  2447,
  3914,
  5441,
  2194,
  2295,
  5977,
  2536,
  1063,
  2695,
  636,
  0,
  193,
  761,
  327,
  3153,
  2157,
  2877,
  5118,
  2376,
  2742,
  4072,
  1950,
  2269,
  808,
  3628,
  4480,
  2504,
  375,
  1934,
  1545,
  477],
 [4078,
  2991,
  5775,
  3218,
  3487,
  1969,
  2478,
  3852,
  3907,
  4081,
  5379,
  4975,
  3299,
  2575,
  4179,
  2783,
  3053,
  4433,
  4651,
  2655,
  5355,
  3475,
  1928,
  4925,
  4843,
  2959,
  2981,
  3140,
  4607,
  6134,
  2887,
  2988,
  6670,
  3229,
  1174,
  3388,
  1363,
  193,
  0,
  1488,
  134,
  3846,
  2850,
  3570,
  5811,
  3069,
  3435,
  4765,
  1715,
  2962,
  1618,
  4321,
  5173,
  3197,
  568,
  2627,
  2238,
  284],
 [3160,
  2073,
  4857,
  2300,
  2569,
  1051,
  1560,
  2934,
  2989,
  3163,
  4461,
  4057,
  2381,
  1657,
  3261,
  1865,
  2135,
  3515,
  3733,
  1737,
  4437,
  2557,
  976,
  4007,
  3925,
  2041,
  2063,
  2222,
  3689,
  5216,
  1969,
  2070,
  5752,
  2311,
  838,
  2470,
  411,
  1259,
  196,
  0,
  330,
  2928,
  1932,
  2652,
  4893,
  2151,
  2517,
  3847,
  1703,
  2044,
  583,
  3403,
  4255,
  2279,
  1634,
  1709,
  1320,
  480],
 [4212,
  2891,
  5909,
  3352,
  3621,
  2103,
  2378,
  3986,
  3807,
  4215,
  5513,
  5109,
  3199,
  2475,
  4313,
  2683,
  3187,
  4567,
  4551,
  2789,
  5255,
  3609,
  1794,
  5059,
  4977,
  2859,
  2881,
  3274,
  4507,
  6034,
  2787,
  2888,
  6804,
  3129,
  1656,
  3288,
  1229,
  327,
  134,
  1548,
  0,
  3980,
  2984,
  3470,
  5711,
  2969,
  3335,
  4899,
  1581,
  2862,
  1401,
  4455,
  5307,
  3097,
  702,
  2761,
  2372,
  150],
 [2900,
  2896,
  4597,
  3123,
  1369,
  1874,
  2383,
  2614,
  2669,
  831,
  4141,
  3737,
  2061,
  1545,
  2941,
  1545,
  1815,
  1183,
  1401,
  1180,
  4117,
  2237,
  3108,
  1675,
  1593,
  807,
  1743,
  1236,
  1357,
  4896,
  1649,
  2081,
  5432,
  1991,
  2970,
  444,
  2617,
  3527,
  2938,
  2742,
  3072,
  0,
  2755,
  2855,
  4573,
  1205,
  3340,
  1515,
  4445,
  1724,
  2291,
  1071,
  1923,
  3102,
  4376,
  2532,
  1913,
  3222],
 [1271,
  320,
  2968,
  547,
  2472,
  954,
  702,
  2837,
  2892,
  3066,
  4364,
  3960,
  2284,
  1560,
  3164,
  1768,
  1412,
  3418,
  3636,
  1640,
  4340,
  2460,
  1393,
  3910,
  3828,
  1944,
  1802,
  2125,
  3592,
  5119,
  1872,
  1212,
  5655,
  1765,
  1281,
  2373,
  1629,
  3013,
  1950,
  1754,
  2084,
  2831,
  0,
  899,
  4796,
  2054,
  847,
  3750,
  3457,
  1606,
  1337,
  3306,
  4158,
  526,
  3388,
  851,
  1223,
  2234],
 [327,
  779,
  2024,
  400,
  3245,
  1727,
  1475,
  2934,
  2989,
  3208,
  4461,
  4057,
  2381,
  1892,
  3261,
  1532,
  1046,
  3560,
  3778,
  1782,
  4437,
  2557,
  2567,
  4052,
  3970,
  2086,
  1436,
  2898,
  3734,
  5216,
  1969,
  802,
  5752,
  1399,
  2455,
  2515,
  2803,
  4187,
  3124,
  2928,
  3258,
  2973,
  840,
  0,
  4893,
  2827,
  202,
  3892,
  4631,
  1240,
  2110,
  3448,
  4300,
  371,
  4562,
  1624,
  1996,
  3408],
 [4937,
  4978,
  6634,
  5205,
  5244,
  3956,
  4465,
  2139,
  1905,
  4943,
  1402,
  836,
  2730,
  3627,
  1723,
  3455,
  3852,
  5295,
  5513,
  3517,
  456,
  2782,
  5190,
  5787,
  5705,
  3821,
  3780,
  4897,
  5469,
  323,
  3203,
  4118,
  859,
  4028,
  5052,
  4250,
  4699,
  5609,
  5020,
  4824,
  5154,
  4708,
  4837,
  4892,
  0,
  4826,
  4806,
  5627,
  6527,
  3761,
  4373,
  5183,
  6035,
  5184,
  6458,
  4614,
  3995,
  5304],
 [3322,
  2235,
  5019,
  2462,
  418,
  1213,
  1722,
  2844,
  2899,
  968,
  4371,
  3967,
  2291,
  1567,
  3171,
  1775,
  2045,
  1320,
  1538,
  1647,
  4347,
  2467,
  2447,
  1812,
  1730,
  865,
  1973,
  353,
  1494,
  5126,
  1879,
  2232,
  5662,
  2221,
  2309,
  1201,
  1956,
  2866,
  2277,
  2081,
  2411,
  1160,
  2094,
  2814,
  4803,
  0,
  2679,
  1652,
  3784,
  1954,
  1630,
  1208,
  2060,
  2441,
  3375,
  1871,
  877,
  2561],
 [703,
  727,
  2400,
  348,
  3110,
  1592,
  1340,
  2838,
  2893,
  3112,
  4365,
  3961,
  2285,
  1796,
  3165,
  1436,
  950,
  3464,
  3682,
  1686,
  4341,
  2461,
  2365,
  3956,
  3874,
  1990,
  1340,
  2763,
  3638,
  5120,
  1873,
  750,
  5656,
  1303,
  2253,
  2419,
  2601,
  3985,
  2922,
  2726,
  3056,
  2877,
  638,
  202,
  4797,
  2692,
  0,
  3796,
  4429,
  1144,
  1975,
  3352,
  4204,
  319,
  4360,
  1489,
  1861,
  3206],
 [3937,
  3933,
  5634,
  4160,
  1255,
  2911,
  3420,
  3651,
  3706,
  714,
  5178,
  4774,
  3098,
  2582,
  3978,
  2582,
  2852,
  332,
  292,
  2217,
  5154,
  3274,
  4145,
  160,
  484,
  1844,
  2780,
  2273,
  158,
  5933,
  2686,
  3118,
  6469,
  3028,
  4007,
  1481,
  3654,
  4564,
  3975,
  3779,
  4109,
  1037,
  3792,
  3892,
  5610,
  1651,
  4377,
  0,
  5482,
  2761,
  3328,
  576,
  583,
  4139,
  5413,
  3569,
  2950,
  4259],
 [5044,
  3957,
  6741,
  4184,
  4453,
  2935,
  3444,
  4818,
  4873,
  5047,
  6345,
  5941,
  4265,
  3541,
  5145,
  3749,
  4019,
  5399,
  5617,
  3621,
  6321,
  4441,
  2860,
  5891,
  5809,
  3925,
  3947,
  4106,
  5573,
  7100,
  3853,
  3954,
  7636,
  4195,
  2722,
  4354,
  2295,
  2173,
  1980,
  3163,
  1846,
  4812,
  3816,
  4536,
  6777,
  4035,
  4401,
  5731,
  0,
  3928,
  2467,
  5287,
  6139,
  4163,
  2548,
  3593,
  3204,
  1696],
 [1325,
  2003,
  3022,
  1024,
  2269,
  981,
  1490,
  1694,
  1749,
  1968,
  3221,
  2817,
  1141,
  652,
  2021,
  292,
  240,
  2320,
  2538,
  542,
  3197,
  1317,
  2215,
  2812,
  2730,
  846,
  196,
  1922,
  2494,
  3976,
  729,
  506,
  4512,
  444,
  2077,
  1275,
  1724,
  2634,
  2045,
  1849,
  2179,
  1733,
  1862,
  1280,
  3653,
  1851,
  1194,
  2652,
  3552,
  0,
  1398,
  2208,
  3060,
  995,
  3143,
  876,
  1020,
  2329],
 [2766,
  1679,
  4463,
  1906,
  2175,
  657,
  1166,
  2540,
  2595,
  2769,
  4067,
  3663,
  1987,
  1263,
  2867,
  1471,
  1741,
  3121,
  3339,
  1343,
  4043,
  2163,
  817,
  3613,
  3531,
  1647,
  1669,
  1828,
  3295,
  4822,
  1575,
  1676,
  5358,
  1917,
  679,
  2076,
  326,
  1710,
  647,
  451,
  781,
  2534,
  1538,
  2258,
  4499,
  1757,
  2123,
  3453,
  2154,
  1650,
  0,
  3009,
  3861,
  1885,
  2085,
  1315,
  926,
  931],
 [3505,
  3501,
  5202,
  3728,
  823,
  2479,
  2988,
  3219,
  3274,
  282,
  4746,
  4342,
  2666,
  2150,
  3546,
  2150,
  2420,
  244,
  462,
  1785,
  4722,
  2842,
  3713,
  736,
  654,
  1412,
  2348,
  1841,
  418,
  5501,
  2254,
  2686,
  6037,
  2596,
  3575,
  1049,
  3222,
  4132,
  3543,
  3347,
  3677,
  605,
  3360,
  3460,
  5178,
  1219,
  3945,
  576,
  5050,
  2329,
  2896,
  0,
  984,
  3707,
  4981,
  3137,
  2518,
  3827],
 [4345,
  4341,
  6042,
  4568,
  1663,
  3319,
  3828,
  4059,
  4114,
  1122,
  5586,
  5182,
  3506,
  2990,
  4386,
  2990,
  3260,
  740,
  522,
  2625,
  5562,
  3682,
  4553,
  423,
  330,
  2252,
  3188,
  2681,
  741,
  6341,
  3094,
  3526,
  6877,
  3436,
  4415,
  1889,
  4062,
  4972,
  4383,
  4187,
  4517,
  1445,
  4200,
  4300,
  6018,
  2059,
  4785,
  583,
  5890,
  3169,
  3736,
  984,
  0,
  4547,
  5821,
  3977,
  3358,
  4667],
 [753,
  418,
  2450,
  29,
  2884,
  1366,
  1114,
  2631,
  2686,
  3478,
  4158,
  3754,
  2078,
  1972,
  2958,
  1229,
  743,
  3830,
  4048,
  2052,
  4134,
  2254,
  1805,
  4322,
  4240,
  2356,
  1133,
  2537,
  4004,
  4913,
  1666,
  543,
  5449,
  1096,
  1693,
  2785,
  2041,
  3425,
  2362,
  2166,
  2496,
  3243,
  557,
  381,
  4590,
  2466,
  329,
  4162,
  3869,
  937,
  1749,
  3718,
  4570,
  0,
  3800,
  1263,
  1635,
  2646],
 [3510,
  2423,
  5207,
  2650,
  2919,
  1401,
  1910,
  3284,
  3339,
  3513,
  4811,
  4407,
  2731,
  2007,
  3611,
  2215,
  2485,
  3865,
  4083,
  2087,
  4787,
  2907,
  1646,
  4357,
  4275,
  2391,
  2413,
  2572,
  4039,
  5566,
  2319,
  2420,
  6102,
  2661,
  1508,
  2820,
  1081,
  445,
  707,
  1206,
  573,
  3278,
  2282,
  3002,
  5243,
  2501,
  2867,
  4197,
  2395,
  2394,
  1050,
  3753,
  4605,
  2629,
  0,
  2059,
  1670,
  922],
 [1342,
  1296,
  3039,
  1523,
  2567,
  1049,
  482,
  2449,
  2504,
  2723,
  3976,
  3572,
  1896,
  1407,
  2776,
  1047,
  561,
  3075,
  3293,
  1297,
  3952,
  2072,
  2403,
  3567,
  3485,
  1601,
  951,
  2220,
  3249,
  4731,
  1484,
  361,
  5267,
  914,
  2111,
  2030,
  1758,
  2668,
  2079,
  1883,
  2213,
  2488,
  1155,
  1297,
  4408,
  2149,
  1069,
  3407,
  3586,
  755,
  1432,
  2963,
  3815,
  870,
  3517,
  0,
  1318,
  2363],
 [2445,
  1358,
  4142,
  1585,
  2307,
  336,
  845,
  1967,
  2022,
  2196,
  3494,
  3090,
  1414,
  690,
  2294,
  898,
  1168,
  2548,
  2766,
  770,
  3470,
  1590,
  1570,
  3040,
  2958,
  1074,
  1096,
  1960,
  2722,
  4249,
  1002,
  1355,
  4785,
  1344,
  1432,
  1503,
  1079,
  1989,
  1400,
  1204,
  1534,
  1961,
  1217,
  1937,
  3926,
  1889,
  1802,
  2880,
  2907,
  1077,
  753,
  2436,
  3288,
  1564,
  2498,
  994,
  0,
  1684],
 [3649,
  2562,
  5346,
  2789,
  3058,
  1540,
  2049,
  3423,
  3478,
  3652,
  4950,
  4546,
  2870,
  2146,
  3750,
  2354,
  2624,
  4004,
  4222,
  2226,
  4926,
  3046,
  1644,
  4496,
  4414,
  2530,
  2552,
  2711,
  4178,
  5705,
  2458,
  2559,
  6241,
  2800,
  1506,
  2959,
  1079,
  477,
  284,
  1398,
  150,
  3417,
  2421,
  3141,
  5382,
  2640,
  3006,
  4336,
  1431,
  2533,
  1189,
  3892,
  4744,
  2768,
  852,
  2198,
  1809,
  0]]
