[[0,
  1846,
  1334,
  1703,
  2356,
  2372,
  5781,
  1289,
  1548,
  2000,
  4634,
  1998,
  2026,
  2865,
  4898,
  481,
  5051,
  2272,
  4723,
  4092,
  1103,
  14263,
  2236,
  1725,
  2682,
  624,
  1683,
  4460,
  1433,
  1691,
  6708,
  2334,
  3000,
  455,
  4136,
  124,
  1852,
  1236,
  3083,
  2626,
  196],
 [1812,
  0,
  2905,
  2430,
  1455,
  2410,
  5770,
  1928,
  2275,
  1099,
  4652,
  2313,
  2753,
  2487,
  4953,
  2293,
  5781,
  859,
  4538,
  3718,
  2674,
  16582,
  4022,
  4048,
  1120,
  1351,
  3990,
  5190,
  2163,
  2421,
  6558,
  531,
  3727,
  1494,
  4866,
  1953,
  2132,
  2305,
  3813,
  2455,
  2008],
 [1858,
  3348,
  0,
  3106,
  2940,
  2481,
  5007,
  3586,
  2951,
  2584,
  3860,
  2107,
  3429,
  1531,
  4124,
  1916,
  4277,
  2856,
  5065,
  2758,
  490,
  12929,
  902,
  391,
  3266,
  2027,
  349,
  3686,
  1507,
  1185,
  6107,
  2918,
  4403,
  3147,
  3362,
  1527,
  1926,
  861,
  2309,
  1712,
  1631],
 [1553,
  1222,
  2887,
  0,
  2580,
  3535,
  6909,
  632,
  355,
  2321,
  5777,
  3315,
  861,
  3612,
  6092,
  2034,
  5254,
  2081,
  5663,
  4843,
  2656,
  15816,
  3789,
  3278,
  1764,
  1092,
  3236,
  6033,
  3019,
  3277,
  7683,
  1753,
  1835,
  1235,
  6088,
  1677,
  3354,
  2789,
  4824,
  3580,
  1749],
 [3129,
  1599,
  1955,
  3762,
  0,
  781,
  4329,
  3250,
  3607,
  1867,
  3211,
  735,
  4085,
  1032,
  3512,
  2329,
  2674,
  1138,
  3097,
  2263,
  1724,
  14903,
  2559,
  2369,
  1051,
  2668,
  2311,
  2094,
  1213,
  1471,
  5117,
  1200,
  5059,
  2811,
  1759,
  2403,
  574,
  1355,
  2863,
  1000,
  2475],
 [3098,
  2106,
  1924,
  3716,
  1232,
  0,
  3820,
  3219,
  3561,
  1836,
  2702,
  704,
  4039,
  1001,
  3003,
  2298,
  2643,
  2108,
  2588,
  2232,
  1693,
  14872,
  2528,
  2338,
  1558,
  2637,
  2280,
  2958,
  1182,
  1440,
  4608,
  2170,
  5013,
  2780,
  1728,
  2372,
  543,
  1324,
  2832,
  969,
  2444],
 [6250,
  5234,
  4402,
  6883,
  4289,
  3129,
  0,
  6371,
  6728,
  4965,
  718,
  3833,
  7206,
  2005,
  447,
  5299,
  2154,
  4773,
  2930,
  3236,
  4670,
  15772,
  3084,
  3952,
  4686,
  5789,
  3894,
  938,
  4292,
  3970,
  3028,
  4835,
  8180,
  5932,
  1239,
  5373,
  3672,
  4301,
  2276,
  2186,
  5445],
 [921,
  1007,
  2255,
  831,
  2365,
  3320,
  6711,
  0,
  676,
  2106,
  5578,
  2716,
  1154,
  3341,
  5828,
  1402,
  5995,
  1866,
  5448,
  5013,
  2024,
  15184,
  3157,
  2646,
  1549,
  460,
  2604,
  5404,
  2377,
  2635,
  7468,
  1538,
  2128,
  603,
  5080,
  1045,
  2535,
  2157,
  4027,
  3309,
  1117],
 [1198,
  867,
  2532,
  789,
  2225,
  3180,
  6554,
  277,
  0,
  1966,
  5422,
  2960,
  1112,
  3257,
  5723,
  1679,
  6282,
  1726,
  5308,
  4488,
  2301,
  15461,
  3434,
  2923,
  1409,
  737,
  2881,
  5678,
  2664,
  2922,
  7328,
  1398,
  2086,
  880,
  5367,
  1322,
  2999,
  2434,
  4314,
  3225,
  1394],
 [2311,
  1230,
  2318,
  2929,
  356,
  1311,
  4671,
  2432,
  2774,
  0,
  3553,
  1091,
  3252,
  1388,
  3854,
  2792,
  3030,
  840,
  3439,
  2619,
  2087,
  15259,
  2915,
  2725,
  682,
  1850,
  2667,
  3809,
  1576,
  1834,
  5459,
  902,
  4226,
  1993,
  2115,
  2452,
  1545,
  1718,
  3226,
  1356,
  2507],
 [5725,
  4732,
  3921,
  6402,
  3787,
  2627,
  1147,
  5846,
  6203,
  4463,
  0,
  3331,
  6725,
  1524,
  301,
  4818,
  1673,
  4271,
  2428,
  2755,
  4189,
  16790,
  2603,
  3471,
  4184,
  5264,
  3413,
  457,
  3811,
  3489,
  3622,
  4333,
  7699,
  5407,
  758,
  4892,
  3170,
  3820,
  1795,
  1705,
  4964],
 [2394,
  2014,
  1220,
  3012,
  1488,
  1048,
  4826,
  2515,
  2857,
  1132,
  3679,
  0,
  3335,
  1299,
  3943,
  1594,
  4096,
  1404,
  3364,
  2530,
  989,
  14897,
  2337,
  2363,
  1814,
  1933,
  2305,
  3505,
  478,
  736,
  5346,
  1466,
  4309,
  2076,
  3181,
  1668,
  493,
  620,
  2128,
  1267,
  1740],
 [2198,
  1867,
  3532,
  645,
  3225,
  4180,
  7883,
  1277,
  1000,
  2966,
  6422,
  3960,
  0,
  4257,
  7000,
  2679,
  5899,
  2726,
  6308,
  5488,
  3301,
  16461,
  4434,
  3923,
  2409,
  1737,
  3881,
  6678,
  3535,
  3793,
  8328,
  2398,
  974,
  1880,
  4984,
  2322,
  3999,
  3434,
  5185,
  4225,
  2394],
 [4100,
  3108,
  2439,
  4733,
  2234,
  1477,
  3075,
  4221,
  4578,
  2838,
  1928,
  1706,
  5056,
  0,
  2192,
  3966,
  2345,
  2647,
  3538,
  1231,
  3337,
  14574,
  2230,
  2040,
  2560,
  3639,
  1982,
  1765,
  2184,
  2637,
  4172,
  2709,
  6030,
  3782,
  1430,
  4040,
  1545,
  2968,
  2490,
  988,
  4112],
 [5803,
  4787,
  3955,
  6436,
  3842,
  2682,
  1197,
  5924,
  6281,
  4518,
  271,
  3386,
  6759,
  1558,
  0,
  4852,
  1707,
  4326,
  2483,
  2789,
  4223,
  15325,
  2637,
  3505,
  4239,
  5342,
  3447,
  491,
  3845,
  3523,
  3677,
  4388,
  7733,
  5485,
  792,
  4926,
  3225,
  3854,
  1829,
  1739,
  4998],
 [1288,
  2482,
  853,
  2536,
  2074,
  2114,
  5488,
  2122,
  2381,
  1718,
  4341,
  1740,
  2859,
  2384,
  4605,
  0,
  4758,
  1990,
  4430,
  3611,
  622,
  13782,
  1755,
  1244,
  2400,
  1457,
  1202,
  4167,
  1140,
  1398,
  6552,
  2052,
  3833,
  1288,
  3843,
  957,
  1559,
  755,
  2790,
  2333,
  1522],
 [4096,
  3979,
  2248,
  4729,
  3571,
  3112,
  2820,
  4217,
  4574,
  3215,
  1673,
  2738,
  5052,
  1888,
  1937,
  3145,
  0,
  3487,
  3885,
  3119,
  2516,
  14336,
  1785,
  1798,
  3897,
  3635,
  1740,
  1499,
  2138,
  1816,
  5919,
  3549,
  6011,
  3778,
  1175,
  3219,
  2557,
  2147,
  122,
  2069,
  3291],
 [2039,
  1470,
  2046,
  2657,
  596,
  1551,
  4911,
  2160,
  2502,
  240,
  3793,
  1454,
  2980,
  1628,
  4094,
  1915,
  3270,
  0,
  3679,
  2859,
  1815,
  15723,
  3163,
  3189,
  922,
  1578,
  3131,
  4331,
  1304,
  1562,
  5661,
  630,
  3954,
  1721,
  4007,
  2180,
  1273,
  1446,
  2954,
  1596,
  2235],
 [4137,
  2897,
  2227,
  5323,
  2023,
  1586,
  2864,
  4826,
  5168,
  3824,
  1717,
  1495,
  5661,
  498,
  1981,
  3754,
  2134,
  4096,
  0,
  1729,
  3125,
  14362,
  2018,
  1828,
  2349,
  4244,
  1770,
  1554,
  2747,
  2425,
  4670,
  4158,
  6620,
  4387,
  1219,
  3828,
  1334,
  2756,
  2278,
  777,
  3900],
 [5638,
  4645,
  4534,
  4158,
  3700,
  2540,
  3539,
  5759,
  6101,
  4376,
  2421,
  3244,
  4509,
  2805,
  2722,
  4838,
  3893,
  4184,
  2307,
  0,
  5432,
  16669,
  4325,
  4135,
  4097,
  5177,
  4077,
  2677,
  3722,
  4732,
  4289,
  4246,
  5483,
  5320,
  2978,
  4912,
  3083,
  5063,
  4585,
  3084,
  4984],
 [1738,
  2967,
  231,
  2986,
  2559,
  2100,
  4134,
  2572,
  2831,
  2203,
  2987,
  1726,
  3309,
  1762,
  3251,
  1796,
  3404,
  2475,
  5296,
  2989,
  0,
  13160,
  1133,
  622,
  2885,
  1907,
  580,
  2824,
  1126,
  1416,
  5930,
  2537,
  4283,
  1738,
  2489,
  1407,
  1545,
  741,
  2540,
  1943,
  1511],
 [2970,
  4175,
  1487,
  4218,
  3783,
  3829,
  4728,
  4413,
  4063,
  3411,
  3581,
  3255,
  4541,
  2356,
  3845,
  3028,
  3998,
  3683,
  5890,
  3583,
  1602,
  0,
  1713,
  1202,
  4109,
  3139,
  1160,
  3418,
  2334,
  2012,
  6524,
  3745,
  5515,
  3974,
  3083,
  2639,
  2753,
  1973,
  3134,
  2537,
  2743],
 [2636,
  3823,
  1153,
  4558,
  3083,
  2646,
  4790,
  4061,
  4403,
  3059,
  2528,
  2555,
  4881,
  1656,
  2792,
  2989,
  2945,
  3331,
  5540,
  3233,
  1268,
  13277,
  0,
  739,
  3409,
  3479,
  808,
  2365,
  1982,
  1660,
  6174,
  3393,
  5855,
  3622,
  2030,
  2305,
  2401,
  1639,
  2092,
  1837,
  2409],
 [3855,
  5060,
  2372,
  5103,
  4668,
  4714,
  5613,
  5298,
  4948,
  4296,
  4466,
  4140,
  5426,
  3241,
  4730,
  3913,
  5987,
  4568,
  6775,
  4468,
  2487,
  15910,
  2598,
  0,
  4994,
  4024,
  2045,
  4303,
  3219,
  2897,
  7409,
  4630,
  6400,
  4859,
  3968,
  3524,
  3638,
  2858,
  4019,
  3422,
  3628],
 [2360,
  548,
  3453,
  1803,
  1158,
  2113,
  5473,
  1291,
  1648,
  1647,
  4355,
  1893,
  2126,
  2190,
  4656,
  2841,
  3832,
  1407,
  4241,
  3421,
  3222,
  17130,
  4570,
  4596,
  0,
  1899,
  4538,
  4611,
  2711,
  2969,
  6223,
  1079,
  3100,
  2042,
  5414,
  2501,
  2680,
  2853,
  4361,
  2158,
  2556],
 [765,
  1255,
  2099,
  1079,
  2613,
  3568,
  6442,
  665,
  924,
  1813,
  5295,
  2560,
  1402,
  3185,
  5559,
  1246,
  5712,
  2114,
  5250,
  4857,
  1868,
  15028,
  3001,
  2490,
  1797,
  0,
  2448,
  5121,
  2094,
  2352,
  7232,
  1786,
  2376,
  447,
  4797,
  889,
  2379,
  2012,
  3744,
  3153,
  961],
 [2266,
  3453,
  783,
  4188,
  3045,
  2586,
  4887,
  3691,
  4033,
  2689,
  3740,
  2212,
  4511,
  1636,
  4004,
  2619,
  4157,
  2961,
  5170,
  2863,
  898,
  16279,
  553,
  369,
  3371,
  3109,
  0,
  2462,
  1612,
  1290,
  5804,
  3023,
  5485,
  3252,
  3242,
  1935,
  2031,
  1269,
  2189,
  1817,
  2039],
 [4744,
  3368,
  3464,
  5930,
  2494,
  3263,
  1999,
  5433,
  5775,
  3098,
  852,
  1966,
  6253,
  1067,
  1063,
  4361,
  1216,
  2907,
  3064,
  2298,
  3732,
  14834,
  2146,
  3014,
  2820,
  4851,
  2956,
  0,
  3354,
  3032,
  4258,
  2969,
  7227,
  4994,
  301,
  4435,
  1805,
  3363,
  1338,
  1248,
  4507],
 [2028,
  2479,
  748,
  3214,
  2071,
  1612,
  4348,
  2717,
  3059,
  1715,
  3201,
  1238,
  3537,
  1903,
  3465,
  1645,
  3618,
  1987,
  3928,
  3134,
  1016,
  17791,
  1859,
  1885,
  2397,
  2135,
  1827,
  3027,
  0,
  258,
  7230,
  2049,
  4511,
  2278,
  2703,
  1719,
  1057,
  647,
  1650,
  2084,
  1791],
 [3936,
  4387,
  2026,
  5122,
  3979,
  3520,
  4090,
  4625,
  4967,
  3623,
  2943,
  3146,
  5445,
  1645,
  3207,
  3553,
  3360,
  3895,
  5155,
  2876,
  2924,
  17533,
  1601,
  1627,
  4305,
  4043,
  1569,
  2769,
  2546,
  0,
  6972,
  3957,
  6419,
  4186,
  2445,
  3627,
  2965,
  2555,
  1392,
  1826,
  3699],
 [5208,
  3968,
  3298,
  6394,
  3094,
  2657,
  3935,
  5897,
  6239,
  4895,
  2788,
  2566,
  6717,
  1569,
  3052,
  4825,
  3205,
  5167,
  1071,
  2800,
  4196,
  18805,
  3089,
  2899,
  3420,
  5315,
  2841,
  2625,
  3818,
  3496,
  0,
  5229,
  7691,
  5458,
  2290,
  4899,
  2405,
  3827,
  3349,
  1848,
  4971],
 [1281,
  548,
  2431,
  1899,
  1906,
  2861,
  6221,
  1397,
  1744,
  1097,
  5103,
  2311,
  2222,
  2938,
  5404,
  1762,
  5779,
  857,
  4989,
  4169,
  2200,
  16580,
  4020,
  4046,
  1090,
  820,
  3988,
  5359,
  2161,
  2419,
  6971,
  0,
  3196,
  963,
  4864,
  1422,
  2130,
  1805,
  3811,
  2906,
  1477],
 [2383,
  2052,
  3717,
  830,
  3410,
  4365,
  8068,
  1462,
  1185,
  3151,
  6607,
  4186,
  726,
  4442,
  7185,
  2864,
  7338,
  2911,
  6493,
  5673,
  3486,
  16646,
  4619,
  4108,
  2594,
  1922,
  4066,
  6747,
  3720,
  3978,
  8475,
  2583,
  0,
  2065,
  6423,
  2507,
  4005,
  3630,
  5370,
  4410,
  2579],
 [318,
  1739,
  1652,
  1590,
  2674,
  2725,
  6099,
  1176,
  1435,
  2318,
  4952,
  2351,
  1913,
  3183,
  5216,
  799,
  5369,
  1624,
  5041,
  4410,
  1421,
  14581,
  2554,
  2043,
  2281,
  511,
  2001,
  4778,
  1751,
  2009,
  7351,
  1686,
  2887,
  0,
  4454,
  442,
  2170,
  1565,
  3401,
  2944,
  514],
 [4443,
  4894,
  3163,
  5629,
  4486,
  4027,
  3735,
  5132,
  5474,
  4130,
  2588,
  3653,
  5952,
  2803,
  2852,
  4060,
  915,
  4402,
  4800,
  4034,
  3431,
  15251,
  2700,
  2713,
  4812,
  4550,
  2655,
  2414,
  3053,
  2731,
  6834,
  4464,
  6926,
  4693,
  0,
  4134,
  3472,
  3062,
  1037,
  2984,
  4206],
 [331,
  1728,
  1665,
  1579,
  2387,
  3152,
  6115,
  1165,
  1424,
  2031,
  4968,
  2778,
  1902,
  3196,
  5232,
  812,
  5385,
  1613,
  5468,
  4423,
  1434,
  14594,
  2567,
  2056,
  2270,
  500,
  2014,
  4794,
  1767,
  2025,
  7364,
  1675,
  2876,
  331,
  4470,
  0,
  2597,
  1578,
  3417,
  3371,
  527],
 [2903,
  1866,
  1729,
  3521,
  992,
  555,
  4103,
  3019,
  3366,
  1641,
  2985,
  509,
  3844,
  806,
  3286,
  2103,
  2448,
  1405,
  2871,
  2037,
  1498,
  14677,
  2333,
  2143,
  1318,
  2442,
  2085,
  1868,
  987,
  1245,
  4853,
  1467,
  4818,
  2585,
  1533,
  2177,
  0,
  1129,
  2593,
  774,
  2249],
 [1599,
  2226,
  1104,
  2961,
  1818,
  1359,
  4733,
  2459,
  2806,
  1462,
  3586,
  985,
  3284,
  1610,
  3850,
  1216,
  4003,
  1734,
  3675,
  2841,
  873,
  18176,
  2244,
  2270,
  2144,
  1882,
  2212,
  3412,
  385,
  643,
  5657,
  1796,
  4258,
  2025,
  3088,
  1290,
  804,
  0,
  2035,
  1578,
  1362],
 [4074,
  4067,
  2794,
  5260,
  3193,
  3962,
  2698,
  4758,
  5105,
  3797,
  1551,
  2665,
  5583,
  1766,
  1815,
  3691,
  1968,
  3606,
  3763,
  2997,
  3062,
  15533,
  2331,
  2344,
  3519,
  4181,
  2286,
  1377,
  2684,
  2362,
  4957,
  3668,
  6557,
  4324,
  1053,
  3765,
  2504,
  2693,
  0,
  1947,
  3837],
 [3112,
  2120,
  1938,
  3730,
  1246,
  809,
  2782,
  3228,
  3575,
  1850,
  1635,
  718,
  4053,
  410,
  1899,
  2312,
  2052,
  1659,
  3125,
  1641,
  1707,
  17653,
  1937,
  1747,
  1572,
  2651,
  1689,
  1472,
  1196,
  1454,
  4582,
  1721,
  5027,
  2794,
  1137,
  2386,
  557,
  1338,
  2197,
  0,
  2458],
 [853,
  2107,
  1138,
  2101,
  2191,
  2242,
  5616,
  1687,
  1946,
  1835,
  4469,
  1868,
  2424,
  2669,
  4733,
  285,
  4886,
  2107,
  4558,
  3896,
  907,
  14067,
  2040,
  1529,
  2517,
  1022,
  1487,
  4295,
  1268,
  1526,
  6837,
  2169,
  3398,
  853,
  3971,
  522,
  1687,
  1051,
  2918,
  2461,
  0]]
