[[0,
  4735,
  3956,
  3135,
  5532,
  4349,
  1686,
  3162,
  3765,
  4047,
  2923,
  4605,
  2418,
  4474,
  3435,
  4891,
  4731,
  4636,
  3864,
  4723,
  2665,
  3532,
  3913,
  3517,
  4295,
  4950,
  3088,
  4106,
  4796,
  5324,
  6021,
  9260,
  3889,
  4015,
  3848,
  4615,
  4275,
  3721,
  3524,
  4546,
  4297,
  9242,
  4470,
  6366,
  9013,
  4202,
  3899,
  4692,
  3975,
  3748,
  4560,
  4407,
  4335,
  2897,
  2553,
  4048,
  3612,
  4593,
  4569,
  2552,
  3038,
  3743,
  4959,
  3611,
  2535,
  4495,
  6856,
  3052,
  3132,
  4321,
  4900,
  2810],
 [2296,
  0,
  900,
  2181,
  798,
  327,
  2283,
  1621,
  998,
  749,
  1969,
  1790,
  3035,
  1776,
  4052,
  1667,
  2152,
  2037,
  4481,
  1634,
  3282,
  4149,
  4530,
  4134,
  4912,
  1300,
  3705,
  4723,
  1927,
  5941,
  6638,
  9877,
  4506,
  4632,
  2576,
  1726,
  2066,
  1077,
  4141,
  2398,
  2009,
  9859,
  1871,
  6983,
  9630,
  1146,
  933,
  1558,
  4592,
  4365,
  1781,
  328,
  4952,
  3514,
  3170,
  750,
  4229,
  5210,
  5186,
  3169,
  3655,
  4360,
  5576,
  4228,
  2927,
  389,
  7473,
  2098,
  2442,
  355,
  229,
  3427],
 [2207,
  991,
  0,
  2092,
  1822,
  1267,
  2194,
  1532,
  639,
  965,
  1880,
  2814,
  2946,
  5002,
  3963,
  2691,
  5259,
  5164,
  4392,
  5251,
  3193,
  4060,
  4441,
  4045,
  4823,
  2324,
  3616,
  4634,
  5324,
  5852,
  6549,
  9788,
  4417,
  4543,
  4376,
  2750,
  4803,
  988,
  4052,
  5074,
  4825,
  9770,
  4998,
  6894,
  9541,
  246,
  574,
  2582,
  4503,
  4276,
  2805,
  663,
  4863,
  3425,
  3081,
  966,
  4140,
  5121,
  5097,
  3080,
  3566,
  4271,
  5487,
  4139,
  2838,
  1413,
  7384,
  2009,
  2083,
  1239,
  1156,
  3338],
 [565,
  2246,
  1255,
  0,
  2203,
  1648,
  552,
  709,
  1894,
  1346,
  222,
  3491,
  1304,
  3360,
  2321,
  3777,
  3617,
  3522,
  2750,
  3609,
  1551,
  2418,
  2799,
  2403,
  3181,
  3836,
  1974,
  2992,
  3682,
  4210,
  4907,
  8146,
  2775,
  2901,
  2734,
  3501,
  3161,
  1020,
  2410,
  3432,
  3183,
  8128,
  3356,
  5252,
  7899,
  1501,
  1829,
  3578,
  2861,
  2634,
  3446,
  1918,
  3221,
  1783,
  1439,
  1347,
  2498,
  3479,
  3455,
  1438,
  1924,
  2629,
  3845,
  2497,
  1196,
  1794,
  5742,
  351,
  1819,
  1620,
  2411,
  1696],
 [2524,
  798,
  1128,
  2409,
  0,
  555,
  2511,
  1849,
  1767,
  977,
  2197,
  1006,
  1529,
  978,
  2292,
  883,
  1368,
  1253,
  1864,
  850,
  1850,
  2203,
  1913,
  2004,
  3481,
  502,
  2273,
  1386,
  1143,
  4510,
  5207,
  8446,
  2746,
  2872,
  1778,
  928,
  1268,
  1305,
  2381,
  2250,
  1211,
  8428,
  1073,
  5552,
  8199,
  1374,
  1702,
  760,
  1563,
  2605,
  983,
  1126,
  3521,
  2082,
  1738,
  978,
  2043,
  3779,
  3755,
  1737,
  2223,
  1761,
  4145,
  2044,
  3155,
  409,
  6042,
  2326,
  3211,
  583,
  1027,
  1995],
 [1969,
  327,
  573,
  1854,
  555,
  0,
  1956,
  1294,
  1212,
  422,
  1642,
  1547,
  2708,
  1533,
  3725,
  1424,
  1909,
  1794,
  4154,
  1391,
  2955,
  3822,
  4203,
  3807,
  4585,
  1057,
  3378,
  4396,
  1684,
  5614,
  6311,
  9550,
  4179,
  4305,
  4138,
  1483,
  1823,
  750,
  3814,
  4836,
  1766,
  9532,
  1628,
  6656,
  9303,
  819,
  1147,
  1315,
  4265,
  4038,
  1538,
  655,
  4625,
  3187,
  2843,
  423,
  3902,
  4883,
  4859,
  2842,
  3328,
  4033,
  5249,
  3901,
  2600,
  146,
  7146,
  1771,
  2656,
  28,
  556,
  3100],
 [1216,
  3411,
  2420,
  1165,
  4892,
  2813,
  0,
  1874,
  3059,
  2511,
  1387,
  3965,
  1778,
  3834,
  2795,
  4251,
  4091,
  3996,
  3224,
  4083,
  2025,
  2892,
  3273,
  2877,
  3655,
  4310,
  2448,
  3466,
  4156,
  4684,
  5381,
  8620,
  3249,
  3375,
  3208,
  3975,
  3635,
  2185,
  2884,
  3906,
  3657,
  8602,
  3830,
  5726,
  8373,
  2666,
  2994,
  4052,
  3335,
  3108,
  3920,
  3083,
  3695,
  2257,
  1913,
  2512,
  2972,
  3953,
  3929,
  1912,
  2398,
  3103,
  4319,
  2971,
  644,
  2959,
  6216,
  1516,
  4348,
  2785,
  3576,
  2170],
 [675,
  2244,
  1253,
  560,
  2201,
  1646,
  662,
  0,
  1892,
  1344,
  348,
  3601,
  1414,
  3470,
  2431,
  3887,
  3727,
  3632,
  2860,
  3719,
  1661,
  2528,
  2909,
  2513,
  3291,
  3946,
  2084,
  3102,
  3792,
  4320,
  5017,
  8256,
  2885,
  3011,
  2844,
  3611,
  3271,
  1018,
  2520,
  3542,
  3293,
  8238,
  3466,
  5362,
  8009,
  1499,
  1827,
  3688,
  2971,
  2744,
  3556,
  1916,
  3331,
  1893,
  1549,
  1345,
  2608,
  3589,
  3565,
  1548,
  2034,
  2739,
  3955,
  2607,
  1306,
  1792,
  5852,
  477,
  1929,
  1618,
  2409,
  1806],
 [2240,
  1079,
  907,
  2125,
  1855,
  1300,
  2227,
  1565,
  0,
  998,
  1913,
  2847,
  2979,
  5035,
  3996,
  2724,
  5292,
  5197,
  4425,
  5284,
  3226,
  4093,
  4474,
  4078,
  4856,
  2357,
  3649,
  4667,
  5357,
  5885,
  6582,
  9821,
  4450,
  4576,
  4409,
  2783,
  4836,
  1021,
  4085,
  5107,
  4858,
  9803,
  5031,
  6927,
  9574,
  1153,
  219,
  2615,
  4536,
  4309,
  2838,
  751,
  4896,
  3458,
  3114,
  999,
  4173,
  5154,
  5130,
  3113,
  3599,
  4304,
  5520,
  4172,
  2871,
  1446,
  7417,
  2042,
  1444,
  1272,
  1244,
  3371],
 [1708,
  629,
  312,
  1593,
  857,
  302,
  1695,
  1033,
  951,
  0,
  1381,
  1849,
  2447,
  1835,
  3464,
  1726,
  2211,
  2096,
  3893,
  1693,
  2694,
  3561,
  3942,
  3546,
  4324,
  1359,
  3117,
  4135,
  1986,
  5353,
  6050,
  9289,
  3918,
  4044,
  3877,
  1785,
  2125,
  489,
  3553,
  4575,
  2068,
  9271,
  1930,
  6395,
  9042,
  558,
  886,
  1617,
  4004,
  3777,
  1840,
  576,
  4364,
  2926,
  2582,
  1,
  3641,
  4622,
  4598,
  2581,
  3067,
  3772,
  4988,
  3640,
  2339,
  448,
  6885,
  1510,
  2395,
  274,
  858,
  2839],
 [914,
  2024,
  1033,
  799,
  1981,
  1426,
  901,
  239,
  1672,
  1124,
  0,
  3840,
  1653,
  3709,
  2670,
  4126,
  3966,
  3871,
  3099,
  3958,
  1900,
  2767,
  3148,
  2752,
  3530,
  2483,
  2323,
  3341,
  4031,
  4559,
  5256,
  8495,
  3124,
  3250,
  3083,
  3850,
  3510,
  798,
  2759,
  3781,
  3532,
  8477,
  3705,
  5601,
  8248,
  1279,
  1607,
  3927,
  3210,
  2983,
  3795,
  1696,
  3570,
  2132,
  1788,
  1125,
  2847,
  3828,
  3804,
  1787,
  2273,
  2978,
  4194,
  2846,
  1545,
  1572,
  6091,
  716,
  2168,
  1398,
  2189,
  2045],
 [2243,
  1898,
  2228,
  2192,
  1114,
  1655,
  2412,
  2949,
  2867,
  2077,
  2082,
  0,
  1346,
  477,
  1353,
  473,
  1496,
  843,
  925,
  305,
  1667,
  1264,
  974,
  1065,
  2215,
  953,
  1450,
  531,
  733,
  3244,
  3941,
  7180,
  1807,
  1933,
  839,
  933,
  1130,
  2405,
  1442,
  1311,
  300,
  7162,
  1078,
  4286,
  6933,
  2474,
  2802,
  695,
  1036,
  1666,
  988,
  2226,
  2255,
  1899,
  1555,
  2078,
  1104,
  2513,
  2489,
  1554,
  1953,
  822,
  2879,
  1105,
  3056,
  1509,
  4776,
  1769,
  3679,
  1683,
  2127,
  1812],
 [892,
  2755,
  1764,
  841,
  3346,
  2157,
  1061,
  1218,
  2403,
  1855,
  731,
  2419,
  0,
  2288,
  1249,
  2705,
  2545,
  2450,
  1678,
  2537,
  478,
  1346,
  1727,
  1331,
  2109,
  2764,
  901,
  1920,
  2610,
  3138,
  3835,
  7074,
  1703,
  1829,
  1662,
  2429,
  2089,
  1529,
  1338,
  2360,
  2111,
  7056,
  2284,
  4180,
  6827,
  2010,
  2338,
  2506,
  1789,
  1562,
  2374,
  2427,
  2149,
  710,
  366,
  1856,
  1426,
  2407,
  2383,
  365,
  851,
  1557,
  2773,
  1425,
  1705,
  2303,
  4670,
  418,
  2328,
  2129,
  2920,
  623],
 [2204,
  1957,
  2287,
  2153,
  1173,
  1714,
  2373,
  3008,
  2926,
  2136,
  2043,
  541,
  1307,
  0,
  1314,
  827,
  1457,
  1197,
  886,
  659,
  1628,
  1225,
  935,
  1026,
  2176,
  476,
  1411,
  408,
  1087,
  3205,
  3902,
  7141,
  1768,
  1894,
  800,
  456,
  759,
  2464,
  1403,
  1272,
  233,
  7123,
  601,
  4247,
  6894,
  2533,
  2861,
  218,
  585,
  1627,
  511,
  2285,
  2216,
  1860,
  1516,
  2137,
  1065,
  2474,
  2450,
  1515,
  1914,
  783,
  2840,
  1066,
  3017,
  1568,
  4737,
  1730,
  3640,
  1742,
  2186,
  1773],
 [2287,
  3125,
  3455,
  2236,
  2341,
  2882,
  2456,
  2613,
  4094,
  3304,
  2126,
  1414,
  1105,
  1283,
  0,
  1700,
  1540,
  1445,
  673,
  1532,
  1154,
  341,
  722,
  326,
  1106,
  1759,
  247,
  915,
  1605,
  2135,
  2832,
  6071,
  604,
  730,
  657,
  1424,
  1084,
  2924,
  307,
  1355,
  1106,
  6053,
  1279,
  3177,
  5824,
  3701,
  4029,
  1501,
  784,
  463,
  1369,
  3453,
  1146,
  981,
  1042,
  3305,
  421,
  1404,
  1380,
  783,
  750,
  552,
  1770,
  420,
  3100,
  2736,
  3667,
  1813,
  3723,
  2910,
  3354,
  525],
 [1543,
  2103,
  2433,
  1492,
  1319,
  1860,
  1712,
  1869,
  3072,
  2282,
  1382,
  801,
  646,
  1278,
  1738,
  0,
  485,
  370,
  2167,
  645,
  967,
  1835,
  2216,
  1354,
  2598,
  1754,
  1390,
  1332,
  260,
  3627,
  4324,
  7563,
  2192,
  2318,
  1640,
  1734,
  2578,
  2180,
  1827,
  731,
  1101,
  7545,
  1879,
  4669,
  7316,
  2679,
  3007,
  1496,
  2278,
  2051,
  1789,
  2431,
  2638,
  1199,
  855,
  2283,
  1915,
  2896,
  2872,
  854,
  1340,
  1111,
  3262,
  1914,
  2356,
  1714,
  5159,
  1069,
  2979,
  1888,
  2332,
  1112],
 [1370,
  1908,
  2238,
  1319,
  1124,
  1665,
  1539,
  1696,
  2877,
  2087,
  1209,
  606,
  473,
  1083,
  1565,
  348,
  0,
  197,
  1531,
  450,
  794,
  1662,
  1580,
  1159,
  2425,
  1559,
  1217,
  1137,
  65,
  3454,
  4151,
  7390,
  2019,
  2145,
  1445,
  1539,
  1736,
  2415,
  1654,
  536,
  906,
  7372,
  1684,
  4496,
  7143,
  2484,
  2812,
  1301,
  1642,
  1878,
  1594,
  2236,
  2465,
  1026,
  682,
  2088,
  1438,
  2723,
  2699,
  681,
  1167,
  916,
  3089,
  1437,
  2183,
  1519,
  4986,
  896,
  2806,
  1693,
  2137,
  939],
 [1173,
  3036,
  2045,
  1292,
  3465,
  2438,
  1342,
  1499,
  2684,
  2136,
  1012,
  2538,
  276,
  2407,
  1368,
  2824,
  2664,
  0,
  1797,
  2656,
  597,
  1465,
  1846,
  1450,
  2228,
  2883,
  1020,
  2039,
  2729,
  3257,
  3954,
  7193,
  1822,
  1948,
  1781,
  2548,
  2208,
  1810,
  1457,
  2479,
  2230,
  7175,
  2403,
  4299,
  6946,
  2291,
  2619,
  2625,
  1908,
  1681,
  2493,
  2708,
  2268,
  829,
  485,
  2137,
  1545,
  2526,
  2502,
  484,
  970,
  1676,
  2892,
  1544,
  1986,
  2584,
  4789,
  699,
  2609,
  2410,
  3201,
  742],
 [2479,
  2692,
  3351,
  2598,
  1908,
  2449,
  2648,
  2557,
  3990,
  2871,
  2318,
  981,
  1582,
  850,
  669,
  1267,
  1732,
  1637,
  0,
  1099,
  1673,
  533,
  289,
  518,
  1531,
  1326,
  766,
  482,
  1527,
  2560,
  3257,
  6496,
  1123,
  1249,
  224,
  991,
  651,
  3116,
  758,
  1547,
  673,
  6478,
  846,
  3602,
  6249,
  3597,
  3925,
  1068,
  351,
  982,
  936,
  3020,
  1571,
  1500,
  1561,
  2872,
  179,
  1829,
  1805,
  1302,
  1269,
  744,
  2195,
  180,
  3292,
  2303,
  4092,
  2005,
  3915,
  2477,
  2921,
  1044],
 [1711,
  1593,
  1923,
  1830,
  809,
  1350,
  1880,
  1789,
  2562,
  1772,
  1550,
  442,
  814,
  919,
  1906,
  168,
  653,
  538,
  1367,
  0,
  1135,
  2003,
  1416,
  1507,
  2766,
  799,
  1558,
  973,
  428,
  3795,
  4492,
  7731,
  2360,
  2486,
  1281,
  1375,
  1572,
  2348,
  1995,
  899,
  742,
  7713,
  1520,
  4837,
  7484,
  2169,
  2497,
  1137,
  1478,
  2219,
  1430,
  1921,
  2806,
  1367,
  1023,
  1773,
  2083,
  3064,
  3040,
  1022,
  1508,
  1264,
  3430,
  2082,
  2524,
  1204,
  5327,
  1237,
  3147,
  1378,
  1822,
  1280],
 [1324,
  3187,
  2196,
  1391,
  3399,
  2589,
  1493,
  1402,
  2835,
  2287,
  1163,
  2472,
  435,
  2341,
  1017,
  2758,
  2598,
  2503,
  1731,
  2590,
  0,
  1399,
  1780,
  1384,
  2313,
  2817,
  907,
  1973,
  2663,
  3342,
  4039,
  7278,
  775,
  901,
  1715,
  2482,
  2142,
  1961,
  1365,
  2413,
  2164,
  7260,
  2337,
  4384,
  7031,
  2442,
  2770,
  2559,
  1842,
  1019,
  2427,
  2859,
  2353,
  232,
  112,
  2288,
  1479,
  2611,
  2587,
  371,
  373,
  1610,
  2977,
  1478,
  2137,
  2735,
  4874,
  850,
  2760,
  2561,
  3352,
  629],
 [2305,
  2784,
  3177,
  2372,
  2000,
  2541,
  2474,
  2383,
  3816,
  3268,
  2144,
  1073,
  1408,
  942,
  483,
  1359,
  1558,
  1729,
  332,
  1191,
  1487,
  0,
  381,
  344,
  1345,
  1418,
  580,
  574,
  1623,
  2374,
  3071,
  6310,
  937,
  1063,
  316,
  1083,
  743,
  2942,
  572,
  1373,
  765,
  6292,
  938,
  3416,
  6063,
  3423,
  3751,
  1160,
  443,
  796,
  1028,
  3112,
  1385,
  1314,
  1375,
  3269,
  511,
  1643,
  1619,
  1116,
  1083,
  570,
  2009,
  512,
  3118,
  2395,
  3906,
  1831,
  3741,
  2569,
  3013,
  858],
 [2536,
  2403,
  2733,
  2422,
  1619,
  2160,
  2524,
  2433,
  3372,
  2582,
  2194,
  692,
  1458,
  561,
  1031,
  978,
  1608,
  1348,
  603,
  810,
  1779,
  956,
  0,
  1177,
  1893,
  1037,
  1128,
  193,
  1238,
  2922,
  3619,
  6858,
  1485,
  1611,
  517,
  1017,
  854,
  2992,
  1120,
  1423,
  384,
  6840,
  1162,
  3964,
  6611,
  2979,
  3307,
  779,
  680,
  1344,
  1072,
  2731,
  1933,
  1862,
  1667,
  2583,
  782,
  2191,
  2167,
  1666,
  1631,
  934,
  2557,
  783,
  3168,
  2014,
  4454,
  1881,
  3791,
  2188,
  2632,
  1406],
 [2349,
  2983,
  3040,
  2235,
  2199,
  2740,
  2337,
  2246,
  3679,
  3131,
  2007,
  1272,
  1271,
  1141,
  297,
  1558,
  1421,
  1326,
  458,
  1390,
  1301,
  199,
  580,
  0,
  1159,
  1617,
  394,
  773,
  1486,
  2188,
  2885,
  6124,
  751,
  877,
  515,
  1282,
  942,
  2805,
  386,
  1236,
  964,
  6106,
  1137,
  3230,
  5877,
  3286,
  3614,
  1359,
  642,
  610,
  1227,
  3311,
  1199,
  1128,
  1189,
  3132,
  279,
  1457,
  1433,
  930,
  897,
  433,
  1823,
  278,
  2981,
  2594,
  3720,
  1694,
  3604,
  2768,
  3212,
  672],
 [2679,
  3720,
  3551,
  2798,
  2936,
  3477,
  2848,
  2757,
  4190,
  3642,
  2518,
  2009,
  1985,
  1878,
  932,
  2295,
  2135,
  2040,
  1003,
  2127,
  1936,
  936,
  1317,
  921,
  0,
  2354,
  1029,
  1510,
  2200,
  1832,
  2529,
  5768,
  1386,
  1512,
  1227,
  2019,
  1679,
  3316,
  1021,
  1950,
  1701,
  5750,
  1874,
  2874,
  5521,
  3797,
  4125,
  2096,
  1379,
  1245,
  1964,
  4214,
  1834,
  1763,
  1824,
  3643,
  824,
  1101,
  1077,
  1565,
  1532,
  1147,
  1467,
  823,
  3492,
  3331,
  3364,
  2205,
  4115,
  3505,
  3949,
  1307],
 [2861,
  1514,
  1844,
  2747,
  730,
  1271,
  2849,
  2565,
  2483,
  1693,
  2519,
  1017,
  1783,
  476,
  1790,
  1303,
  1933,
  1673,
  1362,
  1135,
  2104,
  1701,
  1411,
  1502,
  2652,
  0,
  1887,
  884,
  1563,
  3681,
  4378,
  7617,
  2244,
  2370,
  1276,
  426,
  766,
  2021,
  1879,
  1748,
  709,
  7599,
  571,
  4723,
  7370,
  2090,
  2418,
  258,
  1061,
  2103,
  481,
  1842,
  2692,
  2336,
  1992,
  1694,
  1541,
  2950,
  2926,
  1991,
  2390,
  1259,
  3316,
  1542,
  3493,
  1125,
  5213,
  2206,
  4116,
  1299,
  1743,
  2249],
 [1928,
  3276,
  2619,
  1814,
  2492,
  3033,
  1916,
  1825,
  3258,
  2710,
  1586,
  1565,
  858,
  1434,
  279,
  1851,
  1691,
  1596,
  824,
  1683,
  907,
  492,
  873,
  477,
  1257,
  1910,
  0,
  1066,
  1756,
  2286,
  2983,
  6222,
  733,
  859,
  808,
  1575,
  1235,
  2384,
  458,
  1506,
  1257,
  6204,
  1430,
  3328,
  5975,
  2865,
  3193,
  1652,
  935,
  592,
  1520,
  3282,
  1297,
  1110,
  795,
  2711,
  572,
  1555,
  1531,
  536,
  879,
  703,
  1921,
  571,
  2560,
  2887,
  3818,
  1273,
  3183,
  3061,
  3505,
  278],
 [2343,
  2210,
  2540,
  2229,
  1426,
  1967,
  2331,
  2240,
  3179,
  2389,
  2001,
  499,
  1265,
  368,
  1281,
  785,
  1415,
  1155,
  844,
  617,
  1586,
  1183,
  893,
  984,
  2143,
  844,
  1378,
  0,
  1045,
  3172,
  3869,
  7108,
  1735,
  1861,
  758,
  824,
  1021,
  2799,
  1370,
  1230,
  191,
  7090,
  969,
  4214,
  6861,
  2786,
  3114,
  586,
  847,
  1594,
  879,
  2538,
  2183,
  1818,
  1474,
  2390,
  1263,
  2441,
  2417,
  1473,
  1881,
  741,
  2807,
  1262,
  2975,
  1821,
  4704,
  1688,
  3598,
  1995,
  2439,
  1731],
 [1558,
  1915,
  2249,
  1444,
  1131,
  1672,
  1546,
  1455,
  2888,
  2340,
  1216,
  613,
  480,
  1090,
  1572,
  355,
  319,
  204,
  1538,
  457,
  801,
  1669,
  1587,
  1094,
  2432,
  1566,
  1224,
  1144,
  0,
  3461,
  4158,
  7397,
  2026,
  2152,
  1452,
  1546,
  1743,
  2014,
  1661,
  471,
  913,
  7379,
  1691,
  4503,
  7150,
  2495,
  2823,
  1308,
  1649,
  1885,
  1601,
  2243,
  2472,
  1033,
  689,
  2341,
  1373,
  2730,
  2706,
  688,
  1174,
  851,
  3096,
  1372,
  2190,
  1526,
  4993,
  903,
  2813,
  1700,
  2144,
  946],
 [3907,
  4948,
  4779,
  4026,
  4164,
  4705,
  4076,
  3985,
  5418,
  4870,
  3746,
  3237,
  3213,
  3106,
  2160,
  3523,
  3363,
  3268,
  2231,
  3355,
  3164,
  2164,
  2545,
  2149,
  1228,
  3582,
  2257,
  2738,
  3428,
  0,
  697,
  3936,
  2614,
  2740,
  2455,
  3247,
  2907,
  4544,
  2249,
  3178,
  2929,
  3918,
  3102,
  1042,
  3689,
  5025,
  5353,
  3324,
  2607,
  2473,
  3192,
  5442,
  1385,
  2991,
  3052,
  4871,
  2052,
  814,
  790,
  2793,
  2760,
  2375,
  365,
  2051,
  4720,
  4559,
  1532,
  3433,
  5343,
  4733,
  5177,
  2535],
 [4604,
  5645,
  5476,
  4723,
  4861,
  5402,
  4773,
  4682,
  6115,
  5567,
  4443,
  3934,
  3910,
  3803,
  2857,
  4220,
  4060,
  3965,
  2928,
  4052,
  3861,
  2861,
  3242,
  2846,
  1925,
  4279,
  2954,
  3435,
  4125,
  697,
  0,
  3239,
  3311,
  3437,
  3152,
  3944,
  3604,
  5241,
  2946,
  3875,
  3626,
  3221,
  3799,
  345,
  2992,
  5722,
  6050,
  4021,
  3304,
  3170,
  3889,
  6139,
  2082,
  3688,
  3749,
  5568,
  2749,
  1511,
  1487,
  3490,
  3457,
  3072,
  1062,
  2748,
  5417,
  5256,
  835,
  4130,
  6040,
  5430,
  5874,
  3232],
 [7838,
  9706,
  8715,
  7992,
  8100,
  9108,
  8094,
  7921,
  9354,
  8806,
  7682,
  7173,
  7149,
  7042,
  6096,
  7459,
  7299,
  7204,
  6167,
  7291,
  7100,
  6100,
  6481,
  6085,
  5164,
  7518,
  6193,
  6674,
  7364,
  3936,
  3239,
  0,
  6550,
  6676,
  6391,
  7183,
  6843,
  8480,
  6185,
  7114,
  6865,
  18,
  7038,
  2894,
  247,
  8961,
  9289,
  7260,
  6543,
  6409,
  7128,
  9378,
  5321,
  6927,
  6988,
  8807,
  5988,
  4750,
  4726,
  6729,
  6696,
  6311,
  4301,
  5987,
  8738,
  9254,
  2404,
  7369,
  9279,
  9080,
  9871,
  6471],
 [2640,
  3674,
  3512,
  2759,
  2890,
  3431,
  2809,
  2718,
  4151,
  3603,
  2479,
  1963,
  1273,
  1832,
  549,
  2249,
  2089,
  1994,
  1222,
  2081,
  838,
  890,
  1271,
  875,
  1655,
  2308,
  796,
  1464,
  2154,
  2684,
  3381,
  6620,
  0,
  126,
  1206,
  1973,
  1633,
  3277,
  856,
  1904,
  1655,
  6602,
  1828,
  3726,
  6373,
  3758,
  4086,
  2050,
  1333,
  551,
  1918,
  4175,
  1695,
  696,
  950,
  3604,
  970,
  1953,
  1929,
  1332,
  465,
  1101,
  2319,
  969,
  4634,
  3285,
  4216,
  2166,
  4076,
  3459,
  3903,
  1074],
 [2793,
  3827,
  3665,
  2912,
  3043,
  3584,
  2962,
  2871,
  4304,
  3756,
  2632,
  2116,
  1426,
  1985,
  702,
  2402,
  2242,
  2147,
  1375,
  2234,
  991,
  1043,
  1424,
  1028,
  1808,
  2461,
  949,
  1617,
  2307,
  2837,
  3534,
  6773,
  472,
  0,
  1359,
  2126,
  1786,
  3430,
  1009,
  2057,
  1808,
  6755,
  1981,
  3879,
  6526,
  3911,
  4239,
  2203,
  1486,
  704,
  2071,
  4328,
  1848,
  849,
  1103,
  3757,
  1123,
  2106,
  2082,
  1485,
  618,
  1254,
  2472,
  1122,
  4508,
  3438,
  4369,
  2319,
  4229,
  3612,
  4056,
  1227],
 [2517,
  2841,
  3140,
  2217,
  2057,
  2598,
  2437,
  2414,
  3847,
  3231,
  2175,
  1130,
  1439,
  999,
  514,
  1416,
  1589,
  1494,
  389,
  1248,
  1518,
  439,
  438,
  375,
  1376,
  1475,
  611,
  631,
  1654,
  2405,
  3102,
  6341,
  968,
  1094,
  0,
  1140,
  800,
  2905,
  603,
  1404,
  822,
  6323,
  995,
  3447,
  6094,
  3454,
  3714,
  1217,
  500,
  827,
  1085,
  3803,
  1416,
  1345,
  1406,
  3232,
  496,
  1674,
  1650,
  1147,
  1114,
  601,
  2040,
  495,
  3081,
  2452,
  3937,
  1862,
  3704,
  2626,
  3070,
  889],
 [2655,
  1940,
  2270,
  2609,
  1156,
  1697,
  2829,
  2991,
  2909,
  2119,
  2499,
  997,
  1763,
  456,
  1455,
  1283,
  1913,
  1653,
  1027,
  1115,
  2084,
  1681,
  1006,
  1482,
  2317,
  426,
  1552,
  864,
  1543,
  3346,
  4043,
  7282,
  1909,
  2035,
  941,
  0,
  340,
  2447,
  1544,
  1728,
  689,
  7264,
  145,
  4388,
  7035,
  2516,
  2844,
  238,
  640,
  1768,
  55,
  2268,
  2357,
  2316,
  1972,
  2120,
  1206,
  2615,
  2591,
  1971,
  2055,
  1239,
  2981,
  1207,
  3473,
  1551,
  4878,
  2186,
  4096,
  1725,
  2169,
  2229],
 [2869,
  2280,
  2610,
  2818,
  1496,
  2037,
  3038,
  2947,
  3249,
  2459,
  2708,
  1358,
  2040,
  759,
  1115,
  1644,
  2190,
  2014,
  687,
  1476,
  2119,
  1040,
  666,
  976,
  1977,
  766,
  1212,
  859,
  2255,
  3006,
  3703,
  6942,
  1569,
  1695,
  601,
  340,
  0,
  3506,
  1204,
  2005,
  1050,
  6924,
  195,
  4048,
  6695,
  2856,
  3184,
  578,
  300,
  1428,
  285,
  2608,
  2017,
  1946,
  2007,
  2460,
  866,
  2275,
  2251,
  1748,
  1715,
  1202,
  2641,
  867,
  3682,
  1891,
  4538,
  2395,
  4305,
  2065,
  2509,
  1490],
 [1679,
  1226,
  235,
  1564,
  1183,
  628,
  1666,
  1004,
  874,
  326,
  1352,
  2175,
  2418,
  2161,
  3435,
  2052,
  4731,
  2422,
  3864,
  2019,
  2665,
  3532,
  3913,
  3517,
  4295,
  1685,
  3532,
  4106,
  2312,
  5324,
  6021,
  9260,
  3889,
  4015,
  3848,
  2111,
  4275,
  0,
  3524,
  4546,
  4297,
  9242,
  2256,
  6366,
  9013,
  481,
  809,
  1943,
  3975,
  3748,
  2166,
  898,
  4335,
  2897,
  2553,
  327,
  3612,
  4593,
  4569,
  2552,
  3038,
  3743,
  4959,
  3611,
  2310,
  774,
  6856,
  1481,
  2318,
  600,
  1391,
  2810],
 [2216,
  3250,
  3088,
  2165,
  2466,
  3007,
  2385,
  2294,
  3727,
  3179,
  2055,
  1539,
  1515,
  1408,
  462,
  1825,
  1665,
  1570,
  798,
  1657,
  1466,
  466,
  847,
  451,
  873,
  1884,
  559,
  1040,
  1730,
  1902,
  2599,
  5838,
  916,
  1042,
  782,
  1549,
  1209,
  2853,
  0,
  1480,
  1231,
  5820,
  1404,
  2944,
  5591,
  3334,
  3662,
  1626,
  909,
  775,
  1494,
  3751,
  913,
  1293,
  1354,
  3180,
  546,
  1171,
  1147,
  1095,
  1062,
  677,
  1537,
  545,
  3029,
  2861,
  3434,
  1742,
  3652,
  3035,
  3479,
  837],
 [1258,
  2093,
  2135,
  1212,
  1309,
  1850,
  1432,
  1341,
  2774,
  2226,
  1102,
  791,
  366,
  1268,
  1458,
  533,
  185,
  90,
  1716,
  635,
  687,
  1555,
  1765,
  1344,
  2318,
  1744,
  1110,
  1322,
  250,
  3347,
  4044,
  7283,
  1912,
  2038,
  1630,
  1724,
  1921,
  1900,
  1547,
  0,
  1091,
  7265,
  1869,
  4389,
  7036,
  2381,
  2709,
  1486,
  1827,
  1771,
  1779,
  2421,
  2358,
  919,
  575,
  2227,
  1635,
  2616,
  2592,
  574,
  1060,
  1101,
  2982,
  1634,
  2076,
  1704,
  4879,
  789,
  2699,
  1878,
  2322,
  832],
 [2132,
  2019,
  2349,
  2086,
  1235,
  1776,
  2306,
  2215,
  2988,
  2198,
  1976,
  308,
  1240,
  495,
  1502,
  594,
  1079,
  964,
  1074,
  426,
  1561,
  1311,
  1123,
  1112,
  3192,
  971,
  1984,
  680,
  854,
  4221,
  4918,
  8157,
  1956,
  2082,
  988,
  951,
  1148,
  2774,
  1591,
  1358,
  0,
  8139,
  1096,
  5263,
  7910,
  2595,
  2923,
  713,
  974,
  1815,
  1006,
  2347,
  3232,
  1793,
  1449,
  2199,
  1253,
  3490,
  3466,
  1448,
  1934,
  869,
  3856,
  1254,
  2950,
  1630,
  5753,
  1663,
  3573,
  1804,
  2248,
  1706],
 [7820,
  9688,
  8697,
  7974,
  8082,
  9090,
  8076,
  7903,
  9336,
  8788,
  7664,
  7155,
  7131,
  7024,
  6078,
  7441,
  7281,
  7186,
  6149,
  7273,
  7082,
  6082,
  6463,
  6067,
  5146,
  7500,
  6175,
  6656,
  7346,
  3918,
  3221,
  18,
  6532,
  6658,
  6373,
  7165,
  6825,
  8462,
  6167,
  7096,
  6847,
  0,
  7020,
  2876,
  229,
  8943,
  9271,
  7242,
  6525,
  6391,
  7110,
  9360,
  5303,
  6909,
  6970,
  8789,
  5970,
  4732,
  4708,
  6711,
  6678,
  6293,
  4283,
  5969,
  8720,
  9236,
  2386,
  7351,
  9261,
  9062,
  9853,
  6453],
 [2800,
  2085,
  2415,
  2754,
  1301,
  1842,
  2974,
  3136,
  3054,
  2264,
  2644,
  1142,
  1908,
  601,
  1310,
  1428,
  2058,
  1798,
  882,
  1260,
  2229,
  1235,
  861,
  1171,
  2172,
  571,
  1407,
  1054,
  1688,
  3201,
  3898,
  7137,
  1764,
  1890,
  796,
  145,
  195,
  2592,
  1399,
  1873,
  834,
  7119,
  0,
  4243,
  6890,
  2661,
  2989,
  383,
  495,
  1623,
  90,
  2413,
  2212,
  2141,
  2117,
  2265,
  1061,
  2470,
  2446,
  2116,
  1910,
  1397,
  2836,
  1062,
  3618,
  1696,
  4733,
  2331,
  4241,
  1870,
  2314,
  1685],
 [4944,
  5990,
  5821,
  5098,
  5206,
  6214,
  5200,
  5027,
  6460,
  5912,
  4788,
  4279,
  4255,
  4148,
  3202,
  4565,
  4405,
  4310,
  3273,
  4397,
  4206,
  3206,
  3587,
  3191,
  2270,
  4624,
  3299,
  3780,
  4470,
  1042,
  345,
  2894,
  3656,
  3782,
  3497,
  4289,
  3949,
  5586,
  3291,
  4220,
  3971,
  2876,
  4144,
  0,
  2647,
  6067,
  6395,
  4366,
  3649,
  3515,
  4234,
  6484,
  2427,
  4033,
  4094,
  5913,
  3094,
  1856,
  1832,
  3835,
  3802,
  3417,
  1407,
  3093,
  5844,
  5601,
  490,
  4475,
  6385,
  6186,
  6219,
  3577],
 [7591,
  9459,
  8468,
  7745,
  7853,
  8861,
  7847,
  7674,
  9107,
  8559,
  7435,
  6926,
  6902,
  6795,
  5849,
  7212,
  7052,
  6957,
  5920,
  7044,
  6853,
  5853,
  6234,
  5838,
  4917,
  7271,
  5946,
  6427,
  7117,
  3689,
  2992,
  247,
  6303,
  6429,
  6144,
  6936,
  6596,
  8233,
  5938,
  6867,
  6618,
  229,
  6791,
  2647,
  0,
  8714,
  9042,
  7013,
  6296,
  6162,
  6881,
  9131,
  5074,
  6680,
  6741,
  8560,
  5741,
  4503,
  4479,
  6482,
  6449,
  6064,
  4054,
  5740,
  8491,
  9007,
  2157,
  7122,
  9032,
  8833,
  9624,
  6224],
 [1961,
  745,
  628,
  1846,
  1576,
  1021,
  1948,
  1286,
  393,
  719,
  1634,
  2568,
  2700,
  4756,
  3717,
  2445,
  5013,
  4918,
  4146,
  5005,
  2947,
  3814,
  4195,
  3799,
  4577,
  2078,
  3814,
  4388,
  5078,
  5606,
  6303,
  9542,
  4171,
  4297,
  4130,
  2504,
  4557,
  742,
  3806,
  4828,
  4579,
  9524,
  4752,
  6648,
  9295,
  0,
  328,
  2336,
  4257,
  4030,
  2559,
  417,
  4617,
  3179,
  2835,
  720,
  3894,
  4875,
  4851,
  2834,
  3320,
  4025,
  5241,
  3893,
  2592,
  1167,
  7138,
  1763,
  1837,
  993,
  910,
  3092],
 [2021,
  860,
  688,
  1906,
  1636,
  1081,
  2008,
  1346,
  305,
  779,
  1694,
  2628,
  2760,
  4816,
  3777,
  2505,
  5073,
  4978,
  4206,
  5065,
  3007,
  3874,
  4255,
  3859,
  4637,
  2138,
  3874,
  4448,
  5138,
  5666,
  6363,
  9602,
  4231,
  4357,
  4190,
  2564,
  4617,
  802,
  3866,
  4888,
  4639,
  9584,
  4812,
  6708,
  9355,
  934,
  0,
  2396,
  4317,
  4090,
  2619,
  532,
  4677,
  3239,
  2895,
  780,
  3954,
  4935,
  4911,
  2894,
  3380,
  4085,
  5301,
  3953,
  2652,
  1227,
  7198,
  1823,
  1897,
  1053,
  1025,
  3152],
 [2417,
  1772,
  2102,
  2371,
  988,
  1529,
  2591,
  2500,
  2741,
  1951,
  2261,
  759,
  1525,
  218,
  1532,
  1045,
  1675,
  1415,
  1104,
  877,
  1846,
  1443,
  1153,
  1244,
  2394,
  258,
  1629,
  626,
  1305,
  3423,
  4120,
  7359,
  1986,
  2112,
  1018,
  238,
  578,
  2279,
  1621,
  1490,
  451,
  7341,
  383,
  4465,
  7112,
  2348,
  2676,
  0,
  803,
  1845,
  293,
  2100,
  2434,
  2078,
  1734,
  1952,
  1283,
  2692,
  2668,
  1733,
  2132,
  1001,
  3058,
  1284,
  3235,
  1383,
  4955,
  1948,
  3858,
  1557,
  2001,
  1991],
 [2569,
  2436,
  3441,
  2518,
  1652,
  2193,
  2738,
  2647,
  4080,
  3532,
  2408,
  1058,
  1740,
  585,
  815,
  1344,
  1890,
  1714,
  387,
  1176,
  1819,
  740,
  366,
  676,
  1677,
  1061,
  912,
  559,
  1955,
  2706,
  3403,
  6642,
  1269,
  1395,
  301,
  640,
  300,
  3206,
  904,
  1705,
  750,
  6624,
  495,
  3748,
  6395,
  3687,
  4015,
  803,
  0,
  1128,
  585,
  2764,
  1717,
  1646,
  1707,
  3533,
  566,
  1975,
  1951,
  1448,
  1415,
  902,
  2341,
  567,
  3382,
  2047,
  4238,
  2095,
  4005,
  2221,
  2665,
  1190],
 [2474,
  3508,
  3346,
  2423,
  2724,
  3265,
  2643,
  2552,
  3985,
  3437,
  2313,
  1797,
  1095,
  1666,
  383,
  2083,
  1923,
  1828,
  1056,
  1915,
  660,
  724,
  1105,
  709,
  1489,
  2142,
  630,
  1298,
  1988,
  2518,
  3215,
  6454,
  141,
  267,
  1040,
  1807,
  1467,
  3111,
  690,
  1738,
  1489,
  6436,
  1662,
  3560,
  6207,
  3592,
  3920,
  1884,
  1167,
  0,
  1752,
  4009,
  1529,
  518,
  772,
  3438,
  804,
  1787,
  1763,
  1031,
  287,
  935,
  2153,
  803,
  3287,
  3119,
  4050,
  2000,
  3910,
  3293,
  3737,
  908],
 [2710,
  1995,
  2325,
  2664,
  1211,
  1752,
  2884,
  3046,
  2964,
  2174,
  2554,
  1052,
  1818,
  511,
  1400,
  1338,
  1968,
  1708,
  972,
  1170,
  2139,
  1325,
  951,
  1537,
  2262,
  481,
  1497,
  919,
  1598,
  3291,
  3988,
  7227,
  1854,
  1980,
  886,
  55,
  285,
  2502,
  1489,
  1783,
  744,
  7209,
  90,
  4333,
  6980,
  2571,
  2899,
  293,
  585,
  1713,
  0,
  2323,
  2302,
  2231,
  2027,
  2175,
  1151,
  2560,
  2536,
  2026,
  2000,
  1294,
  2926,
  1152,
  3528,
  1606,
  4823,
  2241,
  4151,
  1780,
  2224,
  1775],
 [2238,
  328,
  905,
  2123,
  1126,
  655,
  2225,
  1563,
  670,
  996,
  1911,
  2118,
  2977,
  2104,
  3994,
  1995,
  2480,
  2365,
  4423,
  1962,
  3224,
  4091,
  4472,
  4076,
  4854,
  1628,
  4091,
  4665,
  2255,
  5883,
  6580,
  9819,
  4448,
  4574,
  4407,
  2054,
  4834,
  1019,
  4083,
  5105,
  2337,
  9801,
  2199,
  6925,
  9572,
  1151,
  605,
  1886,
  4534,
  4307,
  2109,
  0,
  4894,
  3456,
  3112,
  997,
  4171,
  5152,
  5128,
  3111,
  3597,
  4302,
  5518,
  4170,
  2869,
  717,
  7415,
  2040,
  2114,
  683,
  493,
  3369],
 [3113,
  4154,
  3985,
  3062,
  3370,
  3911,
  3282,
  3191,
  4624,
  4076,
  2952,
  2443,
  2419,
  2312,
  1366,
  2729,
  2569,
  2474,
  1437,
  2561,
  2370,
  1370,
  1751,
  1355,
  434,
  2788,
  1463,
  1944,
  2634,
  1463,
  2160,
  5399,
  1820,
  1946,
  1661,
  2453,
  2113,
  3750,
  1455,
  2384,
  2135,
  5381,
  2308,
  2505,
  5152,
  4231,
  4559,
  2530,
  1813,
  1679,
  2398,
  4482,
  0,
  2197,
  2258,
  4077,
  1258,
  732,
  708,
  1999,
  1966,
  1581,
  1098,
  1257,
  5355,
  3765,
  2995,
  2639,
  4549,
  3939,
  4383,
  1741],
 [1738,
  4000,
  2428,
  1623,
  3216,
  3757,
  1725,
  1634,
  3067,
  2519,
  1395,
  2289,
  667,
  2158,
  875,
  2575,
  2415,
  2320,
  1548,
  2407,
  232,
  1216,
  1597,
  1201,
  1981,
  2634,
  1139,
  1790,
  2480,
  3010,
  3707,
  6946,
  633,
  759,
  1532,
  2299,
  1959,
  2193,
  1182,
  2230,
  1981,
  6928,
  2154,
  4052,
  6699,
  2674,
  3002,
  2376,
  1659,
  877,
  2244,
  3091,
  2021,
  0,
  344,
  2520,
  1296,
  2279,
  2255,
  603,
  231,
  1427,
  2645,
  1295,
  2369,
  3611,
  4542,
  1082,
  2992,
  2793,
  4229,
  861],
 [1394,
  3075,
  2084,
  1279,
  3287,
  2477,
  1381,
  1290,
  2723,
  2175,
  1051,
  2360,
  323,
  2229,
  1129,
  2646,
  2486,
  2391,
  1619,
  2478,
  112,
  1287,
  1668,
  1272,
  2201,
  2705,
  795,
  1861,
  2551,
  3230,
  3927,
  7166,
  887,
  1013,
  1603,
  2370,
  2030,
  1849,
  1253,
  2301,
  2052,
  7148,
  2225,
  4272,
  6919,
  2330,
  2658,
  2447,
  1730,
  1387,
  2315,
  2747,
  2241,
  344,
  0,
  2176,
  1367,
  2499,
  2475,
  259,
  485,
  1498,
  2865,
  1366,
  2025,
  2623,
  4762,
  738,
  2648,
  2449,
  3240,
  517],
 [1707,
  628,
  311,
  1592,
  856,
  301,
  1694,
  1032,
  950,
  160,
  1380,
  1848,
  2446,
  1834,
  3463,
  1725,
  2210,
  2095,
  3892,
  1692,
  2693,
  3560,
  3941,
  3545,
  4323,
  1358,
  3560,
  4134,
  1985,
  5352,
  6049,
  9288,
  3917,
  4043,
  3876,
  1784,
  4303,
  488,
  3552,
  4574,
  2067,
  9270,
  1929,
  6394,
  9041,
  557,
  885,
  1616,
  4003,
  3776,
  1839,
  575,
  4363,
  2925,
  2581,
  0,
  3640,
  4621,
  4597,
  2580,
  3066,
  3771,
  4987,
  3639,
  2338,
  447,
  6884,
  1509,
  2394,
  273,
  857,
  2838],
 [2244,
  2805,
  3116,
  2193,
  2007,
  2562,
  2413,
  2378,
  3755,
  3263,
  2083,
  1160,
  1403,
  1029,
  490,
  1446,
  1553,
  1458,
  179,
  1278,
  1494,
  354,
  468,
  339,
  1352,
  1505,
  587,
  661,
  1618,
  2381,
  3078,
  6317,
  944,
  1070,
  403,
  1170,
  830,
  2881,
  579,
  1368,
  852,
  6299,
  1025,
  3423,
  6070,
  3362,
  3690,
  1247,
  530,
  803,
  1115,
  3133,
  1392,
  1321,
  1382,
  3208,
  0,
  1650,
  1626,
  1123,
  1090,
  565,
  2016,
  1,
  3057,
  2416,
  3913,
  1770,
  3680,
  2656,
  3034,
  865],
 [3093,
  4068,
  3965,
  3042,
  3270,
  3825,
  3262,
  3171,
  4604,
  4056,
  2932,
  2423,
  2399,
  2292,
  1346,
  2709,
  2549,
  2454,
  1417,
  2541,
  2350,
  1350,
  1731,
  1335,
  414,
  2768,
  1443,
  1924,
  2614,
  890,
  1587,
  4826,
  1800,
  1926,
  1641,
  2433,
  2093,
  3730,
  1435,
  2364,
  2115,
  4808,
  2288,
  1932,
  4579,
  4211,
  4539,
  2510,
  1793,
  1659,
  2378,
  4628,
  571,
  2177,
  2238,
  4057,
  1238,
  0,
  135,
  1979,
  1946,
  1561,
  525,
  1237,
  3906,
  3679,
  2422,
  2619,
  4529,
  3919,
  4297,
  1721],
 [3117,
  4092,
  3989,
  3066,
  3294,
  3915,
  3286,
  3195,
  4628,
  4080,
  2956,
  2447,
  2423,
  2316,
  1370,
  2733,
  2573,
  2478,
  1441,
  2565,
  2374,
  1374,
  1755,
  1359,
  438,
  2792,
  1467,
  1948,
  2638,
  914,
  1611,
  4850,
  1824,
  1950,
  1665,
  2457,
  2117,
  3754,
  1459,
  2388,
  2139,
  4832,
  2312,
  1956,
  4603,
  4235,
  4563,
  2534,
  1817,
  1683,
  2402,
  4486,
  595,
  2201,
  2262,
  4081,
  1262,
  24,
  0,
  2003,
  1970,
  1585,
  549,
  1261,
  3930,
  3703,
  2446,
  2643,
  4553,
  4354,
  4387,
  1745],
 [1393,
  3074,
  2083,
  1278,
  2948,
  2476,
  1380,
  1289,
  2722,
  2174,
  1050,
  2101,
  322,
  1970,
  815,
  2387,
  2227,
  2132,
  1360,
  2219,
  371,
  1028,
  1409,
  1013,
  2200,
  2446,
  536,
  1602,
  2292,
  3229,
  3926,
  7165,
  1269,
  1395,
  1344,
  2111,
  1771,
  1848,
  994,
  2042,
  1793,
  7147,
  1966,
  4271,
  6918,
  2329,
  2657,
  2188,
  1471,
  1128,
  2056,
  2746,
  2240,
  603,
  259,
  2175,
  1108,
  2498,
  2474,
  0,
  744,
  1239,
  2864,
  1107,
  2024,
  3357,
  4761,
  737,
  2647,
  2448,
  3239,
  258],
 [1692,
  3703,
  2569,
  1764,
  2905,
  3460,
  1866,
  1775,
  3208,
  2660,
  1536,
  2058,
  808,
  1927,
  644,
  2344,
  2184,
  2089,
  1317,
  2176,
  373,
  985,
  1366,
  970,
  1750,
  2403,
  891,
  1559,
  2249,
  2779,
  3476,
  6715,
  402,
  528,
  1301,
  2068,
  1728,
  2334,
  951,
  1999,
  1750,
  6697,
  1923,
  3821,
  6468,
  2815,
  3143,
  2145,
  1428,
  646,
  2013,
  3232,
  1790,
  231,
  485,
  2661,
  1065,
  2048,
  2024,
  744,
  0,
  1196,
  2414,
  1064,
  2510,
  3314,
  4311,
  1223,
  3133,
  3488,
  3932,
  1002],
 [1735,
  2515,
  2607,
  1684,
  1717,
  2272,
  1904,
  1813,
  3246,
  2698,
  1574,
  870,
  838,
  739,
  637,
  1156,
  988,
  893,
  798,
  988,
  1159,
  539,
  920,
  340,
  1499,
  1215,
  734,
  793,
  1053,
  2528,
  3225,
  6464,
  1091,
  1217,
  1101,
  1195,
  1282,
  2372,
  726,
  803,
  562,
  6446,
  1340,
  3570,
  6217,
  2853,
  3181,
  957,
  982,
  950,
  1250,
  2843,
  1539,
  1391,
  1047,
  2699,
  619,
  1797,
  1773,
  1046,
  1237,
  0,
  2163,
  618,
  2548,
  2126,
  4060,
  1261,
  3171,
  2300,
  2744,
  1304],
 [3537,
  4583,
  4414,
  3491,
  3799,
  4340,
  3711,
  3868,
  5053,
  4505,
  3381,
  2872,
  2848,
  2741,
  1795,
  3158,
  2998,
  2903,
  1866,
  2990,
  2799,
  1799,
  2180,
  1784,
  863,
  3217,
  1892,
  2373,
  3063,
  365,
  1062,
  4301,
  2249,
  2375,
  2090,
  2882,
  2542,
  4179,
  1884,
  2813,
  2564,
  4283,
  2737,
  1407,
  4054,
  4660,
  4988,
  2959,
  2242,
  2108,
  2827,
  4845,
  1020,
  2626,
  2687,
  4506,
  1687,
  449,
  425,
  2428,
  2395,
  2010,
  0,
  1686,
  4355,
  4128,
  1897,
  3068,
  4978,
  4302,
  4746,
  2170],
 [2299,
  2806,
  3171,
  2248,
  2008,
  2563,
  2468,
  2625,
  3810,
  3262,
  2138,
  1161,
  1402,
  1030,
  489,
  1447,
  1552,
  1457,
  180,
  1279,
  1493,
  353,
  469,
  338,
  1351,
  1506,
  586,
  662,
  1617,
  2380,
  3077,
  6316,
  943,
  1069,
  404,
  1171,
  831,
  2936,
  578,
  1367,
  853,
  6298,
  1026,
  3422,
  6069,
  3417,
  3745,
  1248,
  531,
  802,
  1116,
  3134,
  1391,
  1320,
  1381,
  3263,
  1,
  1649,
  1625,
  1122,
  1089,
  564,
  2015,
  0,
  3112,
  2417,
  3912,
  1825,
  3735,
  2591,
  3035,
  864],
 [806,
  3001,
  2010,
  755,
  2958,
  2403,
  1027,
  1216,
  2649,
  2101,
  977,
  3555,
  1368,
  3424,
  2385,
  3841,
  3681,
  3586,
  2814,
  3673,
  1615,
  2482,
  2863,
  2467,
  3245,
  3900,
  2482,
  3056,
  3746,
  4274,
  4971,
  8210,
  2839,
  2965,
  2798,
  3565,
  3225,
  1775,
  2474,
  3496,
  3247,
  8192,
  3420,
  5316,
  7963,
  2256,
  2584,
  3642,
  2925,
  2698,
  3510,
  2673,
  3285,
  1847,
  1503,
  2102,
  2562,
  3543,
  3519,
  1502,
  1988,
  2693,
  3909,
  2561,
  0,
  2549,
  5806,
  1106,
  2574,
  2375,
  3166,
  1760],
 [2115,
  389,
  719,
  2000,
  409,
  146,
  2102,
  1440,
  1358,
  568,
  1788,
  1401,
  2854,
  1387,
  3871,
  1278,
  1763,
  1648,
  2273,
  1245,
  3101,
  3968,
  4349,
  3953,
  4731,
  911,
  3968,
  1795,
  1538,
  5760,
  6457,
  9696,
  4325,
  4451,
  2187,
  1337,
  1677,
  896,
  3960,
  2009,
  1620,
  9678,
  1482,
  6802,
  9449,
  965,
  1293,
  1169,
  1972,
  4184,
  1392,
  717,
  4771,
  3333,
  2989,
  569,
  4048,
  5029,
  5005,
  2988,
  3474,
  4179,
  5395,
  4047,
  2746,
  0,
  7292,
  1917,
  2802,
  174,
  618,
  3246],
 [5434,
  7302,
  6311,
  5588,
  5696,
  6704,
  5690,
  5517,
  6950,
  6402,
  5278,
  4769,
  4745,
  4638,
  3692,
  5055,
  4895,
  4800,
  3763,
  4887,
  4696,
  3696,
  4077,
  3681,
  2760,
  5114,
  3789,
  4270,
  4960,
  1532,
  835,
  2404,
  4146,
  4272,
  3987,
  4779,
  4439,
  6076,
  3781,
  4710,
  4461,
  2386,
  4634,
  490,
  2157,
  6557,
  6885,
  4856,
  4139,
  4005,
  4724,
  6974,
  2917,
  4523,
  4584,
  6403,
  3584,
  2346,
  2322,
  4325,
  4292,
  3907,
  1897,
  3583,
  6334,
  6091,
  0,
  4965,
  6875,
  6676,
  7467,
  4067],
 [474,
  2669,
  1678,
  423,
  2626,
  2071,
  695,
  884,
  2317,
  1769,
  645,
  3634,
  1447,
  3503,
  2464,
  3920,
  3760,
  3665,
  2893,
  3752,
  1694,
  2561,
  2942,
  2546,
  3324,
  3979,
  2561,
  3135,
  3825,
  4353,
  5050,
  8289,
  2918,
  3044,
  2877,
  3644,
  3304,
  1443,
  2553,
  3575,
  3326,
  8271,
  3499,
  5395,
  8042,
  1924,
  2252,
  3721,
  3004,
  2777,
  3589,
  2341,
  3364,
  1926,
  1582,
  1770,
  2641,
  3622,
  3598,
  1581,
  2067,
  2772,
  3988,
  2640,
  1339,
  2217,
  5885,
  0,
  2242,
  2043,
  2834,
  1839],
 [2132,
  2443,
  2271,
  2017,
  3219,
  2664,
  2119,
  1978,
  1473,
  2362,
  1805,
  5058,
  2871,
  4927,
  3888,
  5344,
  5184,
  5089,
  4317,
  5176,
  3118,
  3985,
  4366,
  3970,
  4748,
  5403,
  3985,
  4559,
  5249,
  5777,
  6474,
  9713,
  4342,
  4468,
  4301,
  5068,
  4728,
  2385,
  3977,
  4999,
  4750,
  9695,
  4923,
  6819,
  9466,
  2517,
  1607,
  5145,
  4428,
  4201,
  5013,
  2115,
  4788,
  3350,
  3006,
  2363,
  4065,
  5046,
  5022,
  3005,
  3491,
  4196,
  5412,
  4064,
  2763,
  2810,
  7309,
  1934,
  0,
  2636,
  2608,
  3263],
 [1941,
  355,
  545,
  1826,
  583,
  28,
  1928,
  1266,
  1184,
  394,
  1614,
  1575,
  2680,
  1561,
  3697,
  1452,
  1937,
  1822,
  4126,
  1419,
  2927,
  3794,
  4175,
  3779,
  4557,
  1085,
  3794,
  4368,
  1712,
  5586,
  6283,
  9522,
  4151,
  4277,
  4110,
  1511,
  1851,
  722,
  3786,
  4808,
  1794,
  9504,
  1656,
  6628,
  9275,
  791,
  1119,
  1343,
  4237,
  4010,
  1566,
  683,
  4597,
  3159,
  2815,
  395,
  3874,
  4855,
  4831,
  2814,
  3300,
  4005,
  5221,
  3873,
  2572,
  174,
  7118,
  1743,
  2628,
  0,
  584,
  3072],
 [2525,
  229,
  1129,
  2410,
  1027,
  556,
  2512,
  1850,
  1163,
  978,
  2198,
  2019,
  3264,
  2005,
  4281,
  1896,
  2381,
  2266,
  4710,
  1863,
  3511,
  4378,
  4759,
  4363,
  5141,
  1529,
  4378,
  4952,
  2156,
  6170,
  6867,
  10106,
  4735,
  4861,
  2805,
  1955,
  2295,
  1306,
  4370,
  2627,
  2238,
  10088,
  2100,
  7212,
  9859,
  1375,
  1098,
  1787,
  4821,
  4594,
  2010,
  493,
  5181,
  3743,
  3399,
  979,
  4458,
  5439,
  5415,
  3398,
  3884,
  4589,
  5805,
  4457,
  3156,
  618,
  7702,
  2327,
  2607,
  584,
  0,
  3656],
 [1654,
  3488,
  2344,
  1421,
  2690,
  2737,
  1641,
  1798,
  2983,
  2435,
  1311,
  1843,
  580,
  1712,
  557,
  2129,
  1969,
  1874,
  1102,
  1961,
  629,
  770,
  1151,
  755,
  1535,
  2188,
  278,
  1344,
  2034,
  2564,
  3261,
  6500,
  1011,
  1137,
  1086,
  1853,
  1513,
  2109,
  736,
  1784,
  1535,
  6482,
  1708,
  3606,
  6253,
  2590,
  2918,
  1930,
  1213,
  870,
  1798,
  3007,
  1575,
  861,
  517,
  2436,
  850,
  1833,
  1809,
  258,
  1002,
  981,
  2199,
  849,
  2285,
  3099,
  4096,
  998,
  2908,
  3273,
  3717,
  0]]
