[[0,
  549,
  4130,
  1871,
  2202,
  3909,
  5739,
  5643,
  4698,
  4325,
  3315,
  4322,
  2504,
  981,
  1917,
  2403,
  4161,
  3875,
  3468,
  4447,
  4228,
  4688,
  4894,
  4995,
  5005,
  5198,
  2344,
  3942,
  2787,
  1868,
  4251,
  4261,
  1373,
  5303,
  3077,
  1062,
  1985,
  4915,
  2185,
  963,
  4460,
  2467,
  3897,
  4390,
  5111,
  3654,
  5562,
  4260,
  4718,
  4752,
  1580,
  3077,
  3897,
  1634,
  1218,
  4308,
  4520,
  113,
  3913,
  5379,
  5596,
  290,
  2059,
  875,
  5914,
  3655,
  3082,
  2059,
  1450,
  2034],
 [549,
  0,
  3667,
  1627,
  1653,
  3446,
  5276,
  5180,
  4235,
  3862,
  2852,
  3859,
  2041,
  432,
  1454,
  1940,
  3698,
  3412,
  3005,
  3984,
  3765,
  4225,
  4431,
  4532,
  4542,
  4735,
  1795,
  3479,
  2324,
  1319,
  3788,
  3798,
  910,
  4840,
  2614,
  818,
  1522,
  4452,
  1722,
  500,
  3997,
  2472,
  3434,
  3927,
  4648,
  3191,
  5099,
  3797,
  4255,
  4289,
  1336,
  2614,
  3434,
  1085,
  669,
  3845,
  4057,
  662,
  3450,
  5509,
  5133,
  259,
  1815,
  631,
  5451,
  3192,
  2619,
  1510,
  806,
  1790],
 [4662,
  4199,
  0,
  5199,
  5043,
  2429,
  2306,
  1794,
  568,
  2328,
  2046,
  2821,
  2158,
  3912,
  3909,
  2816,
  2164,
  843,
  1893,
  2700,
  2727,
  2691,
  764,
  1146,
  1156,
  1068,
  5185,
  1728,
  1875,
  4709,
  2308,
  2264,
  3289,
  1454,
  2532,
  4390,
  2677,
  2701,
  2477,
  3699,
  2463,
  3348,
  1900,
  260,
  1262,
  1707,
  1432,
  2263,
  3217,
  2755,
  4908,
  2532,
  1464,
  4475,
  4059,
  2311,
  2523,
  4775,
  1916,
  1842,
  1747,
  4372,
  3756,
  4465,
  1784,
  1481,
  2285,
  4900,
  3538,
  3781],
 [1871,
  1627,
  4667,
  0,
  3492,
  4446,
  6276,
  6180,
  5235,
  4862,
  3852,
  4859,
  3041,
  2059,
  2454,
  1128,
  4698,
  4412,
  4005,
  4984,
  4765,
  5225,
  5431,
  5532,
  5542,
  5735,
  3634,
  4479,
  3324,
  3158,
  4788,
  4798,
  1910,
  5840,
  3614,
  921,
  2522,
  5452,
  2722,
  1500,
  4997,
  596,
  4434,
  4927,
  5648,
  4191,
  6099,
  4797,
  5255,
  5289,
  291,
  3614,
  4434,
  2924,
  2508,
  4845,
  5057,
  1984,
  4450,
  5916,
  6133,
  1581,
  188,
  996,
  6451,
  4192,
  3619,
  3349,
  1987,
  163],
 [2202,
  1653,
  4511,
  3280,
  0,
  4290,
  6120,
  6024,
  5079,
  4706,
  3696,
  4703,
  2885,
  1221,
  2298,
  2784,
  4542,
  4256,
  3849,
  4828,
  4609,
  5069,
  5275,
  5376,
  5386,
  5579,
  480,
  4323,
  3168,
  1292,
  4632,
  4642,
  1754,
  5684,
  3458,
  2683,
  2366,
  5542,
  2566,
  1992,
  4841,
  3316,
  4278,
  4771,
  5492,
  4035,
  5943,
  4641,
  5099,
  5133,
  2989,
  3458,
  4278,
  1058,
  984,
  4689,
  4901,
  2315,
  4294,
  6353,
  5977,
  1912,
  3680,
  2284,
  6295,
  4036,
  3463,
  143,
  1505,
  3655],
 [4395,
  3932,
  2998,
  4932,
  4776,
  0,
  2446,
  2220,
  1830,
  846,
  1080,
  473,
  2495,
  3645,
  3642,
  4716,
  1159,
  2743,
  927,
  598,
  379,
  916,
  1634,
  1985,
  1995,
  1330,
  4918,
  3628,
  3775,
  4442,
  342,
  306,
  3022,
  1700,
  1566,
  4123,
  2410,
  4601,
  2210,
  3432,
  808,
  5248,
  1368,
  2138,
  2101,
  741,
  1062,
  608,
  869,
  980,
  4641,
  1566,
  934,
  4208,
  3792,
  656,
  1518,
  4508,
  594,
  1472,
  2173,
  4105,
  5120,
  4198,
  1414,
  3381,
  1319,
  4633,
  3271,
  5095],
 [5629,
  5166,
  2102,
  6166,
  6010,
  2463,
  0,
  1512,
  2670,
  1585,
  2139,
  2855,
  3125,
  4879,
  4876,
  3783,
  1487,
  1847,
  1986,
  2409,
  2761,
  1948,
  2866,
  1277,
  1287,
  3170,
  6152,
  2695,
  2842,
  5676,
  2342,
  2298,
  4256,
  1172,
  2625,
  5357,
  3644,
  6654,
  3444,
  4666,
  2172,
  4315,
  1675,
  2362,
  2085,
  1800,
  1648,
  1972,
  3251,
  2012,
  5875,
  2625,
  1993,
  5442,
  5026,
  1934,
  1134,
  5742,
  2305,
  1248,
  1465,
  5339,
  4723,
  5432,
  2473,
  2448,
  2378,
  5867,
  4505,
  4748],
 [4161,
  3698,
  2168,
  4698,
  4542,
  1229,
  2251,
  0,
  1000,
  1128,
  846,
  1621,
  3228,
  3411,
  3408,
  3886,
  964,
  1913,
  693,
  1500,
  1527,
  1491,
  804,
  1790,
  1800,
  500,
  4684,
  2798,
  2945,
  4208,
  1108,
  1064,
  2788,
  1685,
  1332,
  3889,
  2176,
  3771,
  1976,
  3198,
  1263,
  4418,
  700,
  1308,
  1906,
  507,
  136,
  1063,
  2017,
  1555,
  4407,
  1332,
  264,
  3974,
  3558,
  1111,
  1323,
  4274,
  716,
  1370,
  1978,
  3871,
  4826,
  3964,
  1312,
  2551,
  1085,
  4399,
  3037,
  4851],
 [4732,
  4269,
  1168,
  5269,
  5113,
  1861,
  2610,
  1864,
  0,
  1760,
  1478,
  2253,
  2228,
  3982,
  3979,
  2886,
  1596,
  913,
  1325,
  2132,
  2159,
  2123,
  196,
  1216,
  1226,
  500,
  5255,
  1798,
  1945,
  4779,
  1740,
  1696,
  3359,
  1502,
  1964,
  4460,
  2747,
  2771,
  2547,
  3769,
  1895,
  3418,
  1332,
  308,
  1332,
  1139,
  864,
  1695,
  2649,
  2187,
  4978,
  1964,
  896,
  4545,
  4129,
  1743,
  1955,
  4845,
  1348,
  1274,
  1817,
  4442,
  3826,
  4535,
  1216,
  1551,
  1717,
  4970,
  3608,
  3851],
 [4301,
  3838,
  2576,
  4838,
  4682,
  878,
  1600,
  1374,
  1736,
  0,
  986,
  1270,
  2401,
  3551,
  3548,
  4257,
  313,
  2321,
  833,
  824,
  1176,
  363,
  1540,
  1139,
  1149,
  1236,
  4824,
  3169,
  3316,
  4348,
  757,
  713,
  2928,
  1034,
  1472,
  4029,
  2316,
  7128,
  2116,
  3338,
  587,
  4789,
  522,
  2044,
  1255,
  647,
  968,
  387,
  1666,
  427,
  4547,
  1472,
  840,
  4114,
  3698,
  349,
  672,
  4414,
  720,
  1110,
  1327,
  4011,
  5026,
  4104,
  1320,
  2922,
  1225,
  4539,
  3177,
  5001],
 [3315,
  2852,
  2646,
  3852,
  3696,
  1066,
  2133,
  1907,
  1478,
  1010,
  0,
  1503,
  1415,
  2565,
  2562,
  3048,
  846,
  2391,
  153,
  1382,
  1409,
  1373,
  1282,
  1672,
  1682,
  978,
  3838,
  3276,
  1698,
  3362,
  990,
  946,
  1942,
  1348,
  486,
  3043,
  1330,
  4249,
  1130,
  2352,
  1145,
  3580,
  582,
  1786,
  1788,
  339,
  710,
  945,
  1899,
  1437,
  3561,
  486,
  582,
  3128,
  2712,
  993,
  1205,
  3428,
  598,
  1120,
  1860,
  3025,
  4040,
  3118,
  1062,
  3029,
  239,
  3553,
  2191,
  4015],
 [4405,
  3942,
  3514,
  4942,
  4786,
  516,
  2962,
  2736,
  2346,
  1362,
  1596,
  0,
  2505,
  3655,
  3652,
  4138,
  1675,
  3259,
  1443,
  791,
  572,
  996,
  2150,
  2501,
  2511,
  1846,
  4928,
  4144,
  2788,
  4452,
  858,
  822,
  3032,
  2216,
  1576,
  4133,
  2420,
  5117,
  2220,
  3442,
  828,
  4670,
  1884,
  2654,
  2617,
  1257,
  1578,
  996,
  396,
  988,
  4651,
  1576,
  1450,
  4218,
  3802,
  1172,
  2034,
  4518,
  1110,
  1988,
  2689,
  4115,
  5130,
  4208,
  1930,
  3897,
  1329,
  4643,
  3281,
  5105],
 [2504,
  2041,
  1626,
  3041,
  2885,
  2009,
  3235,
  3139,
  2194,
  2425,
  1415,
  2422,
  0,
  1754,
  1751,
  1890,
  2261,
  1371,
  1568,
  2547,
  2328,
  2788,
  2390,
  2491,
  2501,
  2694,
  3027,
  1438,
  283,
  2551,
  2351,
  2361,
  1131,
  2799,
  1429,
  2232,
  519,
  2411,
  319,
  1541,
  2560,
  2422,
  1997,
  1886,
  2607,
  1754,
  3058,
  2360,
  2818,
  2852,
  2750,
  1429,
  3090,
  2317,
  1901,
  2408,
  3104,
  2617,
  2013,
  2875,
  3092,
  2214,
  3229,
  2307,
  3410,
  1151,
  1182,
  2742,
  1380,
  3204],
 [981,
  432,
  3380,
  2059,
  1221,
  3159,
  4989,
  4893,
  3948,
  3575,
  2565,
  3572,
  1754,
  0,
  1167,
  1653,
  3411,
  3125,
  2718,
  3697,
  3478,
  3938,
  4144,
  4245,
  4255,
  4448,
  1363,
  3192,
  2037,
  887,
  3501,
  3511,
  623,
  4553,
  2327,
  1250,
  1235,
  4165,
  1435,
  861,
  3710,
  2185,
  3147,
  3640,
  4361,
  2904,
  4812,
  3510,
  3968,
  4002,
  1768,
  2327,
  3147,
  653,
  237,
  3558,
  3770,
  1094,
  3163,
  4629,
  4846,
  691,
  2247,
  1063,
  5164,
  2905,
  2332,
  1078,
  374,
  2222],
 [1917,
  1454,
  3377,
  2454,
  2298,
  3156,
  4986,
  4890,
  3945,
  3572,
  2562,
  3569,
  1751,
  1167,
  0,
  486,
  3408,
  3122,
  2715,
  3694,
  3475,
  3935,
  4141,
  4242,
  4252,
  4445,
  2440,
  3189,
  2034,
  1964,
  3498,
  3508,
  620,
  4550,
  2324,
  1645,
  1232,
  4162,
  1432,
  954,
  3707,
  1018,
  3144,
  3637,
  4358,
  2901,
  4809,
  3507,
  3965,
  3999,
  2163,
  2324,
  3144,
  1730,
  1314,
  3555,
  3767,
  2030,
  3160,
  5219,
  4843,
  1627,
  1426,
  1720,
  5161,
  2902,
  2329,
  2155,
  793,
  1451],
 [2403,
  1940,
  2284,
  1128,
  2784,
  3642,
  3893,
  3797,
  2852,
  4213,
  3048,
  5105,
  1890,
  1653,
  486,
  0,
  4448,
  2029,
  3201,
  4984,
  5011,
  4576,
  3048,
  3149,
  3159,
  3352,
  2926,
  2096,
  1607,
  2450,
  4592,
  4548,
  1106,
  3457,
  2810,
  2131,
  1718,
  3069,
  1918,
  1440,
  4747,
  532,
  4184,
  2544,
  3265,
  3991,
  3716,
  4547,
  5501,
  4640,
  1419,
  2810,
  3748,
  2216,
  1800,
  4595,
  3762,
  2516,
  4200,
  4126,
  3750,
  2113,
  940,
  2206,
  4068,
  1809,
  2815,
  2641,
  1279,
  965],
 [4265,
  3802,
  2263,
  4802,
  4646,
  1274,
  1287,
  1061,
  1700,
  396,
  950,
  1666,
  3286,
  3515,
  3512,
  3944,
  0,
  2008,
  797,
  1220,
  1572,
  759,
  1504,
  826,
  836,
  1200,
  4788,
  2856,
  3003,
  4312,
  1153,
  1109,
  2892,
  721,
  1436,
  3993,
  2280,
  6815,
  2080,
  3302,
  983,
  4476,
  486,
  1644,
  942,
  611,
  932,
  783,
  2062,
  823,
  4511,
  1436,
  804,
  4078,
  3662,
  745,
  359,
  4378,
  1116,
  797,
  1014,
  3975,
  4884,
  4068,
  1284,
  2609,
  1189,
  4503,
  3141,
  4909],
 [4917,
  4454,
  255,
  5454,
  5298,
  2684,
  2561,
  2049,
  823,
  2583,
  2301,
  3076,
  2413,
  4167,
  4164,
  3071,
  2419,
  0,
  2148,
  2955,
  2982,
  2946,
  1019,
  1401,
  1411,
  1323,
  5440,
  1983,
  2130,
  4964,
  2563,
  2519,
  3544,
  1709,
  2787,
  4645,
  2932,
  2956,
  2732,
  3954,
  2718,
  3603,
  2155,
  515,
  1517,
  1962,
  1687,
  2518,
  3472,
  3010,
  5163,
  2787,
  1719,
  4730,
  4314,
  2566,
  2778,
  5030,
  2171,
  2097,
  2002,
  4627,
  4011,
  4720,
  2039,
  1736,
  2540,
  5155,
  3793,
  4036],
 [3468,
  3005,
  2493,
  4005,
  3849,
  958,
  1980,
  1754,
  1325,
  857,
  153,
  1350,
  1568,
  2718,
  2715,
  3201,
  693,
  2238,
  0,
  1229,
  1256,
  1220,
  1129,
  1519,
  1529,
  825,
  3991,
  3123,
  1851,
  3515,
  837,
  793,
  2095,
  1195,
  639,
  3196,
  1483,
  4096,
  1283,
  2505,
  992,
  3733,
  429,
  1633,
  1635,
  186,
  557,
  792,
  1746,
  1284,
  3714,
  639,
  429,
  3281,
  2865,
  840,
  1052,
  3581,
  445,
  967,
  1707,
  3178,
  4193,
  3271,
  909,
  2876,
  392,
  3706,
  2344,
  4168],
 [4755,
  4292,
  3143,
  5292,
  5136,
  651,
  2167,
  1941,
  2190,
  567,
  1440,
  759,
  2855,
  4005,
  4002,
  4824,
  880,
  2888,
  1287,
  0,
  432,
  205,
  1994,
  1706,
  1716,
  1690,
  5278,
  3736,
  3883,
  4802,
  991,
  947,
  3382,
  1601,
  1926,
  4483,
  2770,
  7695,
  2570,
  3792,
  305,
  5356,
  1089,
  2498,
  1822,
  1101,
  1422,
  621,
  1155,
  197,
  5001,
  1926,
  1294,
  4568,
  4152,
  583,
  1239,
  4868,
  954,
  1677,
  1894,
  4465,
  5480,
  4558,
  1774,
  3489,
  1679,
  4993,
  3631,
  5455],
 [4682,
  4219,
  3285,
  5219,
  5063,
  870,
  2386,
  2160,
  2117,
  786,
  1367,
  978,
  2782,
  3932,
  3929,
  5003,
  1099,
  3030,
  1214,
  219,
  0,
  424,
  1921,
  1925,
  1935,
  1617,
  5205,
  3915,
  4062,
  4729,
  918,
  874,
  3309,
  1820,
  1853,
  4410,
  2697,
  4888,
  2497,
  3719,
  256,
  5535,
  1308,
  2425,
  2041,
  1028,
  1349,
  424,
  1374,
  416,
  4928,
  1853,
  1221,
  4495,
  4079,
  618,
  1458,
  4795,
  881,
  1759,
  2113,
  4392,
  5407,
  4485,
  1701,
  3668,
  1606,
  4920,
  3558,
  5382],
 [4550,
  4087,
  2938,
  5087,
  4931,
  790,
  1962,
  1736,
  1985,
  362,
  1235,
  898,
  2650,
  3800,
  3797,
  4619,
  675,
  2683,
  1082,
  441,
  571,
  0,
  1789,
  1501,
  1511,
  1485,
  5073,
  3531,
  3678,
  4597,
  786,
  742,
  3177,
  1396,
  1721,
  4278,
  2565,
  7490,
  2365,
  3587,
  172,
  5151,
  884,
  2293,
  1617,
  896,
  1217,
  416,
  1294,
  64,
  4796,
  1721,
  1089,
  4363,
  3947,
  378,
  1034,
  4663,
  749,
  1472,
  1689,
  4260,
  5275,
  4353,
  1569,
  3284,
  1474,
  4788,
  3426,
  5250],
 [4928,
  4465,
  1364,
  5465,
  5309,
  1665,
  2327,
  2060,
  196,
  1564,
  1282,
  2057,
  2424,
  4178,
  4175,
  3082,
  1400,
  1109,
  1129,
  1936,
  1963,
  1927,
  0,
  1412,
  1422,
  304,
  5451,
  1994,
  2141,
  4975,
  1544,
  1500,
  3555,
  1306,
  1768,
  4656,
  2943,
  2967,
  2743,
  3965,
  1699,
  3614,
  1136,
  504,
  1528,
  943,
  668,
  1499,
  2453,
  1991,
  5174,
  1768,
  700,
  4741,
  4325,
  1547,
  1759,
  5041,
  1152,
  1078,
  2013,
  4638,
  4022,
  4731,
  1020,
  1747,
  1521,
  5166,
  3804,
  4047],
 [5054,
  4591,
  1527,
  5591,
  5435,
  2002,
  1255,
  708,
  1216,
  1124,
  1678,
  2394,
  2550,
  4304,
  4301,
  3208,
  1026,
  1272,
  1525,
  1948,
  2300,
  1487,
  1412,
  0,
  10,
  1208,
  5577,
  2120,
  2267,
  5101,
  1881,
  1837,
  3681,
  368,
  2164,
  4782,
  3069,
  6079,
  2869,
  4091,
  1711,
  3740,
  1214,
  908,
  176,
  1339,
  844,
  1511,
  2790,
  1551,
  5300,
  2164,
  972,
  4867,
  4451,
  1473,
  673,
  5167,
  1844,
  444,
  661,
  4764,
  4148,
  4857,
  2012,
  1873,
  1917,
  5292,
  3930,
  4173],
 [5064,
  4601,
  1537,
  5601,
  5445,
  2012,
  1265,
  718,
  1226,
  1134,
  1688,
  2404,
  2560,
  4314,
  4311,
  3218,
  1036,
  1282,
  1535,
  1958,
  2310,
  1497,
  1422,
  10,
  0,
  1218,
  5587,
  2130,
  2277,
  5111,
  1891,
  1847,
  3691,
  378,
  2174,
  4792,
  3079,
  6089,
  2879,
  4101,
  1721,
  3750,
  1224,
  918,
  186,
  1349,
  854,
  1521,
  2800,
  1561,
  5310,
  2174,
  982,
  4877,
  4461,
  1483,
  683,
  5177,
  1854,
  454,
  671,
  4774,
  4158,
  4867,
  2022,
  1883,
  1927,
  5302,
  3940,
  4183],
 [5232,
  4769,
  1668,
  5769,
  5613,
  1361,
  2023,
  2157,
  500,
  1260,
  978,
  1753,
  2728,
  4482,
  4479,
  3386,
  1096,
  1413,
  825,
  1632,
  1659,
  1623,
  304,
  1221,
  1231,
  0,
  5755,
  2298,
  2445,
  5279,
  1240,
  1196,
  3859,
  1002,
  1464,
  4960,
  3247,
  3271,
  3047,
  4269,
  1395,
  3918,
  832,
  808,
  1337,
  639,
  364,
  1195,
  2149,
  1687,
  5478,
  1464,
  396,
  5045,
  4629,
  1243,
  1455,
  5345,
  848,
  774,
  2110,
  4942,
  4326,
  5035,
  716,
  2051,
  1217,
  5470,
  4108,
  4351],
 [2344,
  1795,
  4653,
  3422,
  480,
  4432,
  6262,
  6166,
  5221,
  4848,
  3838,
  4845,
  3027,
  1363,
  2440,
  2926,
  4684,
  4398,
  3991,
  4970,
  4751,
  5211,
  5417,
  5518,
  5528,
  5721,
  0,
  4465,
  3310,
  1466,
  4774,
  4784,
  1896,
  5826,
  3600,
  2825,
  2508,
  5684,
  2708,
  2134,
  4983,
  3458,
  4420,
  4913,
  5634,
  4177,
  6085,
  4783,
  5241,
  5275,
  3131,
  3600,
  4420,
  1232,
  1126,
  4831,
  5043,
  2457,
  4436,
  6495,
  6119,
  2054,
  3610,
  2426,
  6437,
  4178,
  3605,
  337,
  1647,
  3585],
 [3694,
  3231,
  988,
  4231,
  4075,
  3417,
  2448,
  2700,
  1556,
  3116,
  3034,
  3809,
  1190,
  2944,
  2941,
  1848,
  3152,
  733,
  2881,
  3688,
  3715,
  3479,
  1752,
  2052,
  2062,
  2056,
  4217,
  0,
  907,
  3741,
  3296,
  3252,
  2321,
  2360,
  2619,
  3422,
  1709,
  1268,
  1509,
  2731,
  3451,
  2380,
  2888,
  1248,
  2168,
  2695,
  2420,
  3251,
  4205,
  3543,
  3940,
  2619,
  2452,
  3507,
  3091,
  3299,
  2665,
  3807,
  2904,
  2436,
  2653,
  3404,
  2788,
  3497,
  2772,
  513,
  2372,
  3932,
  2570,
  2813],
 [2787,
  2324,
  1343,
  3324,
  3168,
  2292,
  2952,
  2856,
  1911,
  3272,
  1698,
  2705,
  283,
  2037,
  2034,
  1607,
  3507,
  1088,
  1851,
  4043,
  2611,
  3635,
  2107,
  2208,
  2218,
  2411,
  3310,
  1155,
  0,
  2834,
  3651,
  3607,
  1414,
  2516,
  1712,
  2515,
  802,
  2128,
  602,
  1824,
  3806,
  2139,
  3243,
  1603,
  2324,
  2037,
  2775,
  3606,
  3101,
  3699,
  3033,
  1712,
  2807,
  2600,
  2184,
  3654,
  2821,
  2900,
  3259,
  3185,
  2809,
  2497,
  3512,
  2590,
  3127,
  868,
  1465,
  3025,
  1663,
  3487],
 [1868,
  1319,
  4177,
  2946,
  1292,
  3956,
  5786,
  5690,
  4745,
  4372,
  3362,
  4369,
  2551,
  887,
  1964,
  2450,
  4208,
  3922,
  3515,
  4494,
  4275,
  4735,
  4941,
  5042,
  5052,
  5245,
  1434,
  3989,
  2834,
  0,
  4298,
  4308,
  1420,
  5350,
  3124,
  2349,
  2032,
  4962,
  2232,
  1658,
  4507,
  2982,
  3944,
  4437,
  5158,
  3701,
  5609,
  4307,
  4765,
  4799,
  2655,
  3124,
  3944,
  234,
  650,
  4355,
  4567,
  1981,
  3960,
  6019,
  5643,
  1578,
  3134,
  1950,
  5961,
  3702,
  3129,
  1149,
  1171,
  3109],
 [4053,
  3590,
  2656,
  4590,
  4434,
  830,
  2104,
  1878,
  1488,
  504,
  738,
  824,
  2153,
  3303,
  3300,
  4374,
  817,
  2401,
  585,
  703,
  730,
  574,
  1292,
  1643,
  1653,
  988,
  4576,
  3286,
  3433,
  4100,
  0,
  267,
  2680,
  1358,
  1224,
  3781,
  2068,
  4259,
  1868,
  3090,
  466,
  4906,
  1026,
  1796,
  1759,
  399,
  720,
  266,
  1220,
  638,
  4299,
  1224,
  592,
  3866,
  3450,
  314,
  1176,
  4166,
  252,
  1130,
  1831,
  3763,
  4778,
  3856,
  1072,
  3039,
  977,
  4291,
  2929,
  4753],
 [4054,
  3591,
  3090,
  4591,
  4435,
  165,
  2538,
  2312,
  1922,
  938,
  1172,
  557,
  2154,
  3304,
  3301,
  3787,
  1251,
  2835,
  1019,
  682,
  463,
  887,
  1726,
  2077,
  2087,
  1422,
  4577,
  3720,
  2437,
  4101,
  434,
  0,
  2681,
  1792,
  1225,
  3782,
  2069,
  4693,
  1869,
  3091,
  719,
  4319,
  1460,
  2230,
  2193,
  833,
  1154,
  700,
  953,
  879,
  4300,
  1225,
  1026,
  3867,
  3451,
  748,
  1610,
  4167,
  686,
  1564,
  2265,
  3764,
  4779,
  3857,
  1506,
  3473,
  978,
  4292,
  2930,
  4754],
 [1373,
  910,
  2757,
  1910,
  1754,
  2536,
  4366,
  4270,
  3325,
  2952,
  1942,
  2949,
  1131,
  623,
  620,
  1106,
  2788,
  2502,
  2095,
  3074,
  2855,
  3315,
  3521,
  3622,
  3632,
  3825,
  1896,
  2569,
  1414,
  1420,
  2878,
  2888,
  0,
  3930,
  1704,
  1101,
  612,
  3542,
  812,
  410,
  3087,
  1638,
  2524,
  3017,
  3738,
  2281,
  4189,
  2887,
  3345,
  3379,
  1619,
  1704,
  2524,
  1186,
  770,
  2935,
  3147,
  1486,
  2540,
  4599,
  4223,
  1083,
  2098,
  1176,
  4541,
  2282,
  1709,
  1611,
  249,
  2073],
 [5335,
  4872,
  1808,
  5872,
  5716,
  1721,
  1173,
  492,
  1492,
  1042,
  1596,
  2113,
  2831,
  4585,
  4582,
  3489,
  944,
  1553,
  1443,
  1866,
  2019,
  1405,
  1296,
  371,
  381,
  992,
  5858,
  2401,
  2548,
  5382,
  1600,
  1556,
  3962,
  0,
  2082,
  5063,
  3350,
  6360,
  3150,
  4372,
  1629,
  4021,
  1132,
  1189,
  487,
  1257,
  628,
  1429,
  2509,
  1469,
  5581,
  2082,
  756,
  5148,
  4732,
  1391,
  591,
  5448,
  1208,
  228,
  445,
  5045,
  4429,
  5138,
  1930,
  2154,
  1835,
  5573,
  4211,
  4454],
 [3077,
  2614,
  3132,
  3614,
  3458,
  1080,
  2619,
  2393,
  1964,
  1496,
  486,
  1493,
  1429,
  2327,
  2324,
  2810,
  1332,
  2877,
  639,
  1618,
  1399,
  1859,
  1768,
  2158,
  2168,
  1464,
  3600,
  2867,
  1712,
  3124,
  1422,
  1432,
  1704,
  1834,
  0,
  2805,
  1092,
  3840,
  1144,
  2114,
  1631,
  3342,
  1068,
  2272,
  2274,
  825,
  1196,
  1431,
  1889,
  1923,
  3323,
  0,
  1068,
  2890,
  2474,
  1479,
  1691,
  3190,
  1084,
  1606,
  2346,
  2787,
  3802,
  2880,
  1548,
  2580,
  247,
  3315,
  1953,
  3777],
 [1062,
  818,
  3858,
  921,
  2683,
  3637,
  5467,
  5371,
  4426,
  4053,
  3043,
  4050,
  2232,
  1250,
  1645,
  2131,
  3889,
  3603,
  3196,
  4175,
  3956,
  4416,
  4622,
  4723,
  4733,
  4926,
  2825,
  3670,
  2515,
  2349,
  3979,
  3989,
  1101,
  5031,
  2805,
  0,
  1713,
  4643,
  1913,
  691,
  4188,
  1517,
  3625,
  4118,
  4839,
  3382,
  5290,
  3988,
  4446,
  4480,
  630,
  2805,
  3625,
  2115,
  1699,
  4036,
  4248,
  1175,
  3641,
  5700,
  5324,
  772,
  1109,
  187,
  5642,
  3383,
  2810,
  2540,
  1178,
  1084],
 [1985,
  1522,
  2145,
  2522,
  2366,
  1924,
  3754,
  3658,
  2713,
  2340,
  1330,
  2337,
  519,
  1235,
  1232,
  1718,
  2176,
  1890,
  1483,
  2462,
  2243,
  2703,
  2909,
  3010,
  3020,
  3213,
  2508,
  1957,
  802,
  2032,
  2266,
  2276,
  612,
  3318,
  1092,
  1713,
  0,
  2930,
  200,
  1022,
  2475,
  2250,
  1912,
  2405,
  3126,
  1669,
  3577,
  2275,
  2733,
  2767,
  2231,
  1092,
  1912,
  1798,
  1382,
  2323,
  2535,
  2098,
  1928,
  3394,
  3611,
  1695,
  2710,
  1788,
  3929,
  1670,
  1097,
  2223,
  861,
  2685],
 [4187,
  3724,
  1481,
  4724,
  4568,
  3910,
  2966,
  3218,
  2049,
  3634,
  3527,
  4302,
  1683,
  3437,
  3434,
  2341,
  3645,
  1226,
  3374,
  4181,
  4208,
  3997,
  2245,
  2570,
  2580,
  2549,
  4710,
  1169,
  1400,
  4234,
  3789,
  3745,
  2814,
  2878,
  3112,
  3915,
  2202,
  0,
  2002,
  3224,
  3944,
  2873,
  3381,
  1741,
  2686,
  3188,
  2913,
  3744,
  4698,
  4061,
  4433,
  3112,
  2945,
  4000,
  3584,
  3792,
  3183,
  4300,
  3397,
  2954,
  3171,
  3897,
  3281,
  3990,
  3265,
  1006,
  2865,
  4425,
  3063,
  3306],
 [2185,
  1722,
  1945,
  2722,
  2566,
  1724,
  3554,
  3458,
  2513,
  2140,
  1130,
  2137,
  319,
  1435,
  1432,
  1918,
  1976,
  1690,
  1283,
  2262,
  2043,
  2503,
  2709,
  2810,
  2820,
  3013,
  2708,
  1757,
  602,
  2232,
  2066,
  2076,
  812,
  3118,
  1144,
  1913,
  200,
  2730,
  0,
  1222,
  2275,
  2450,
  1712,
  2205,
  2926,
  1469,
  3377,
  2075,
  2533,
  2567,
  2431,
  1144,
  1712,
  1998,
  1582,
  2123,
  2335,
  2298,
  1728,
  3194,
  3411,
  1895,
  2910,
  1988,
  3729,
  1470,
  897,
  2423,
  1061,
  2885],
 [963,
  500,
  3167,
  1500,
  1992,
  2946,
  4776,
  4680,
  3735,
  3362,
  2352,
  3359,
  1541,
  861,
  954,
  1440,
  3198,
  2912,
  2505,
  3484,
  3265,
  3725,
  3931,
  4032,
  4042,
  4235,
  2134,
  2979,
  1824,
  1658,
  3288,
  3298,
  410,
  4340,
  2114,
  691,
  1022,
  3952,
  1222,
  0,
  3497,
  1972,
  2934,
  3427,
  4148,
  2691,
  4599,
  3297,
  3755,
  3789,
  1209,
  2114,
  2934,
  1424,
  1008,
  3345,
  3557,
  1076,
  2950,
  5009,
  4633,
  673,
  1688,
  766,
  4951,
  2692,
  2119,
  1849,
  487,
  1663],
 [4458,
  3995,
  3061,
  4995,
  4839,
  815,
  2134,
  1908,
  1893,
  534,
  1143,
  998,
  2558,
  3708,
  3705,
  4779,
  847,
  2806,
  990,
  269,
  671,
  172,
  1697,
  1673,
  1683,
  1393,
  4981,
  3691,
  3838,
  4505,
  694,
  650,
  3085,
  1568,
  1629,
  4186,
  2473,
  4664,
  2273,
  3495,
  0,
  5311,
  1056,
  2201,
  1789,
  804,
  1125,
  200,
  1394,
  108,
  4704,
  1629,
  997,
  4271,
  3855,
  394,
  1206,
  4571,
  657,
  1535,
  1861,
  4168,
  5183,
  4261,
  1477,
  3444,
  1382,
  4696,
  3334,
  5158],
 [2467,
  2472,
  2816,
  596,
  3316,
  4174,
  4425,
  4329,
  3384,
  4745,
  3580,
  5637,
  2422,
  2185,
  1018,
  532,
  4980,
  2561,
  3733,
  5516,
  5543,
  5108,
  3580,
  3681,
  3691,
  3884,
  3458,
  2628,
  2139,
  2982,
  5124,
  4526,
  1638,
  3989,
  3342,
  1517,
  2250,
  3601,
  2450,
  1972,
  5279,
  0,
  4716,
  3076,
  3797,
  4523,
  4248,
  5079,
  6033,
  5172,
  887,
  3342,
  4280,
  2748,
  2332,
  4573,
  4294,
  2580,
  4732,
  4658,
  4282,
  2177,
  408,
  1592,
  4600,
  2341,
  3347,
  3173,
  1811,
  433],
 [3779,
  3316,
  2382,
  4316,
  4160,
  847,
  1755,
  1529,
  1214,
  632,
  464,
  1239,
  1879,
  3029,
  3026,
  4100,
  468,
  2127,
  311,
  1118,
  1145,
  995,
  1018,
  1303,
  1313,
  714,
  4302,
  3012,
  3159,
  3826,
  726,
  682,
  2406,
  1084,
  950,
  3507,
  1794,
  3985,
  1594,
  2816,
  881,
  4632,
  0,
  1522,
  1419,
  125,
  446,
  681,
  1635,
  1059,
  4025,
  950,
  318,
  3592,
  3176,
  729,
  827,
  3892,
  334,
  856,
  1482,
  3489,
  4504,
  3582,
  798,
  2765,
  703,
  4017,
  2655,
  4479],
 [4424,
  3961,
  860,
  4961,
  4805,
  2169,
  2302,
  1556,
  308,
  2068,
  1786,
  2561,
  1920,
  3674,
  3671,
  2578,
  1904,
  605,
  1633,
  2440,
  2467,
  2431,
  504,
  908,
  918,
  808,
  4947,
  1490,
  1637,
  4471,
  2048,
  2004,
  3051,
  1216,
  2272,
  4152,
  2439,
  2463,
  2239,
  3461,
  2203,
  3110,
  1640,
  0,
  1024,
  1447,
  1172,
  2003,
  2957,
  2495,
  4670,
  2272,
  1204,
  4237,
  3821,
  2051,
  2263,
  4537,
  1656,
  1582,
  1509,
  4134,
  3518,
  4227,
  1524,
  1243,
  2025,
  4662,
  3300,
  3543],
 [5261,
  4798,
  1734,
  5798,
  5642,
  1826,
  1079,
  532,
  1532,
  948,
  1502,
  2218,
  2757,
  4511,
  4508,
  3415,
  850,
  1479,
  1349,
  1772,
  2124,
  1311,
  1336,
  297,
  307,
  1032,
  5784,
  2327,
  2474,
  5308,
  1705,
  1661,
  3888,
  192,
  1988,
  4989,
  3276,
  3300,
  3076,
  4298,
  1535,
  3947,
  1038,
  1115,
  0,
  1163,
  668,
  1335,
  2614,
  1375,
  5507,
  1988,
  796,
  5074,
  4658,
  1297,
  497,
  5374,
  1668,
  268,
  485,
  4971,
  4355,
  5064,
  1836,
  2080,
  1741,
  5499,
  4137,
  4380],
 [3654,
  3191,
  2307,
  4191,
  4035,
  772,
  1794,
  1568,
  1139,
  671,
  339,
  1164,
  1754,
  2904,
  2901,
  4025,
  507,
  2052,
  186,
  1043,
  1070,
  1034,
  943,
  1333,
  1343,
  639,
  4177,
  2937,
  3084,
  3701,
  651,
  607,
  2281,
  1009,
  825,
  3382,
  1669,
  3910,
  1469,
  2691,
  806,
  4557,
  243,
  1447,
  1449,
  0,
  371,
  606,
  1560,
  1098,
  3900,
  825,
  243,
  3467,
  3051,
  654,
  866,
  3767,
  259,
  781,
  1521,
  3364,
  4379,
  3457,
  723,
  2690,
  578,
  3892,
  2530,
  4354],
 [4025,
  3562,
  2032,
  4562,
  4406,
  1093,
  1659,
  1889,
  864,
  992,
  710,
  1485,
  3092,
  3275,
  3272,
  3750,
  828,
  1777,
  557,
  1364,
  1391,
  1355,
  668,
  857,
  867,
  364,
  4548,
  2662,
  2809,
  4072,
  972,
  928,
  2652,
  638,
  1196,
  3753,
  2040,
  3635,
  1840,
  3062,
  1127,
  4282,
  564,
  1172,
  973,
  371,
  0,
  927,
  1881,
  1419,
  4271,
  1196,
  128,
  3838,
  3422,
  975,
  1187,
  4138,
  580,
  410,
  1842,
  3735,
  4690,
  3828,
  352,
  2415,
  949,
  4263,
  2901,
  4715],
 [4258,
  3795,
  2861,
  4795,
  4639,
  615,
  1984,
  1758,
  1693,
  384,
  943,
  1007,
  2358,
  3508,
  3505,
  4579,
  697,
  2606,
  790,
  437,
  913,
  372,
  1497,
  1523,
  1533,
  1193,
  4781,
  3491,
  3638,
  4305,
  494,
  450,
  2885,
  1418,
  1429,
  3986,
  2273,
  4464,
  2073,
  3295,
  200,
  5111,
  906,
  2001,
  1639,
  604,
  925,
  0,
  1403,
  308,
  4504,
  1429,
  797,
  4071,
  3655,
  194,
  1056,
  4371,
  457,
  1335,
  1711,
  3968,
  4983,
  4061,
  1277,
  3244,
  1182,
  4496,
  3134,
  4958],
 [4546,
  4083,
  3655,
  5083,
  4927,
  657,
  3103,
  2877,
  2487,
  1503,
  1737,
  390,
  2646,
  3796,
  3793,
  4279,
  1816,
  3400,
  1584,
  932,
  713,
  1137,
  2291,
  2642,
  2652,
  1987,
  5069,
  4285,
  2929,
  4593,
  999,
  963,
  3173,
  2357,
  1717,
  4274,
  2561,
  5258,
  2361,
  3583,
  969,
  4811,
  2025,
  2795,
  2758,
  1398,
  1719,
  1137,
  0,
  1129,
  4792,
  1717,
  1591,
  4359,
  3943,
  1313,
  2175,
  4659,
  1251,
  2129,
  2830,
  4256,
  5271,
  4349,
  2071,
  4038,
  1470,
  4784,
  3422,
  5246],
 [4614,
  4151,
  3002,
  5151,
  4995,
  782,
  2026,
  1800,
  2049,
  426,
  1299,
  890,
  2714,
  3864,
  3861,
  4683,
  739,
  2747,
  1146,
  377,
  563,
  64,
  1853,
  1565,
  1575,
  1549,
  5137,
  3595,
  3742,
  4661,
  850,
  806,
  3241,
  1460,
  1785,
  4342,
  2629,
  4568,
  2429,
  3651,
  108,
  5215,
  948,
  2357,
  1681,
  960,
  1281,
  308,
  1286,
  0,
  4860,
  1785,
  1153,
  4427,
  4011,
  442,
  1098,
  4727,
  813,
  1536,
  1753,
  4324,
  5339,
  4417,
  1633,
  3348,
  1538,
  4852,
  3490,
  5314],
 [1580,
  1336,
  4376,
  291,
  3201,
  4155,
  5985,
  5889,
  4944,
  4571,
  3561,
  4568,
  2750,
  1768,
  2163,
  1419,
  4407,
  4121,
  3714,
  4693,
  4474,
  4934,
  5140,
  5241,
  5251,
  5444,
  3343,
  4188,
  3033,
  2867,
  4497,
  4507,
  1619,
  5549,
  3323,
  630,
  2231,
  5161,
  2431,
  1209,
  4706,
  887,
  4143,
  4636,
  5357,
  3900,
  5808,
  4506,
  4964,
  4998,
  0,
  3323,
  4143,
  2633,
  2217,
  4554,
  4766,
  1693,
  4159,
  6218,
  5842,
  1290,
  479,
  705,
  6160,
  3901,
  3328,
  3058,
  1696,
  454],
 [3077,
  2614,
  3132,
  3614,
  3458,
  1080,
  2619,
  2393,
  1964,
  1496,
  486,
  1493,
  1429,
  2327,
  2324,
  2810,
  1332,
  2877,
  639,
  1618,
  1399,
  1859,
  1768,
  2158,
  2168,
  1464,
  3600,
  2867,
  1712,
  3124,
  1422,
  1432,
  1704,
  1834,
  0,
  2805,
  1092,
  3840,
  1144,
  2114,
  1631,
  3342,
  1068,
  2272,
  2274,
  825,
  1196,
  1431,
  1889,
  1923,
  3323,
  0,
  1068,
  2890,
  2474,
  1479,
  1691,
  3190,
  1084,
  1606,
  2346,
  2787,
  3802,
  2880,
  1548,
  2580,
  247,
  3315,
  1953,
  3777],
 [3897,
  3434,
  2064,
  4434,
  4278,
  965,
  1787,
  1761,
  896,
  864,
  582,
  1357,
  3124,
  3147,
  3144,
  3782,
  700,
  1809,
  429,
  1236,
  1263,
  1227,
  700,
  985,
  995,
  396,
  4420,
  2694,
  2841,
  3944,
  844,
  800,
  2524,
  766,
  1068,
  3625,
  1912,
  3667,
  1712,
  2934,
  999,
  4314,
  436,
  1204,
  1101,
  243,
  128,
  799,
  1753,
  1291,
  4143,
  1068,
  0,
  3710,
  3294,
  847,
  1059,
  4010,
  452,
  538,
  1714,
  3607,
  4722,
  3700,
  480,
  2447,
  821,
  4135,
  2773,
  4747],
 [1634,
  1085,
  3943,
  2712,
  1058,
  3722,
  5552,
  5456,
  4511,
  4138,
  3128,
  4135,
  2317,
  653,
  1730,
  2216,
  3974,
  3688,
  3281,
  4260,
  4041,
  4501,
  4707,
  4808,
  4818,
  5011,
  1200,
  3755,
  2600,
  234,
  4064,
  4074,
  1186,
  5116,
  2890,
  2115,
  1798,
  4974,
  1998,
  1424,
  4273,
  2748,
  3710,
  4203,
  4924,
  3467,
  5375,
  4073,
  4531,
  4565,
  2421,
  2890,
  3710,
  0,
  416,
  4121,
  4333,
  1747,
  3726,
  5785,
  5409,
  1344,
  2900,
  1716,
  5727,
  3468,
  2895,
  915,
  937,
  2875],
 [1218,
  669,
  3527,
  2296,
  984,
  3306,
  5136,
  5040,
  4095,
  3722,
  2712,
  3719,
  1901,
  237,
  1314,
  1800,
  3558,
  3272,
  2865,
  3844,
  3625,
  4085,
  4291,
  4392,
  4402,
  4595,
  1126,
  3339,
  2184,
  650,
  3648,
  3658,
  770,
  4700,
  2474,
  1699,
  1382,
  4312,
  1582,
  1008,
  3857,
  2332,
  3294,
  3787,
  4508,
  3051,
  4959,
  3657,
  4115,
  4149,
  2005,
  2474,
  3294,
  416,
  0,
  3705,
  3917,
  1331,
  3310,
  5369,
  4993,
  928,
  2484,
  1300,
  5311,
  3052,
  2479,
  841,
  521,
  2459],
 [4491,
  4028,
  2766,
  5028,
  4872,
  775,
  1790,
  1564,
  1926,
  190,
  1176,
  1158,
  2591,
  3741,
  3738,
  4447,
  503,
  2511,
  1023,
  701,
  831,
  260,
  1730,
  1329,
  1339,
  1426,
  5014,
  3467,
  3506,
  4538,
  654,
  610,
  3118,
  1224,
  1662,
  4219,
  2506,
  4332,
  2306,
  3528,
  432,
  4979,
  712,
  2234,
  1445,
  837,
  1158,
  284,
  1554,
  324,
  4737,
  1662,
  1030,
  4304,
  3888,
  0,
  862,
  4604,
  617,
  1300,
  1517,
  4201,
  5216,
  4294,
  1510,
  3112,
  1415,
  4729,
  3367,
  5191],
 [5431,
  4968,
  1904,
  5968,
  5812,
  1675,
  928,
  702,
  1593,
  797,
  1351,
  2067,
  2927,
  4681,
  4678,
  3585,
  699,
  1649,
  1198,
  1621,
  1973,
  1160,
  1506,
  467,
  477,
  1202,
  5954,
  2605,
  2644,
  5478,
  1554,
  1510,
  4058,
  362,
  1837,
  5159,
  3446,
  6456,
  3246,
  4468,
  1384,
  4117,
  887,
  1285,
  583,
  1012,
  838,
  1184,
  2463,
  1224,
  5677,
  1837,
  966,
  5244,
  4828,
  1146,
  0,
  5544,
  1517,
  438,
  655,
  5141,
  4525,
  5234,
  1685,
  2250,
  1590,
  5669,
  4307,
  4550],
 [113,
  662,
  4243,
  1984,
  2315,
  4022,
  5843,
  5880,
  4811,
  4438,
  3428,
  4435,
  2617,
  1094,
  2030,
  2516,
  4274,
  3988,
  3581,
  4560,
  4341,
  4801,
  5007,
  5232,
  5242,
  5311,
  2457,
  4055,
  2900,
  1981,
  4364,
  4374,
  1486,
  5540,
  3190,
  1175,
  2098,
  5028,
  2298,
  1076,
  4573,
  2580,
  4010,
  4503,
  5224,
  3767,
  5675,
  4373,
  4831,
  4865,
  1693,
  3190,
  4010,
  1747,
  1331,
  4421,
  4633,
  0,
  4026,
  6085,
  5709,
  403,
  2172,
  988,
  6027,
  3768,
  3195,
  2172,
  1563,
  2147],
 [3801,
  3338,
  2404,
  4338,
  4182,
  671,
  1891,
  1665,
  1236,
  768,
  486,
  1063,
  1901,
  3051,
  3048,
  4122,
  604,
  2149,
  333,
  942,
  969,
  1131,
  1040,
  1325,
  1335,
  736,
  4324,
  3034,
  3181,
  3848,
  550,
  506,
  2428,
  1106,
  972,
  3529,
  1816,
  4007,
  1616,
  2838,
  705,
  4654,
  340,
  1544,
  1441,
  147,
  468,
  505,
  1459,
  1195,
  4047,
  972,
  340,
  3614,
  3198,
  553,
  963,
  3914,
  0,
  878,
  1618,
  3511,
  4526,
  3604,
  820,
  2787,
  725,
  4039,
  2677,
  4501],
 [5411,
  4948,
  1884,
  5948,
  5792,
  1493,
  1249,
  264,
  1264,
  1118,
  1110,
  1885,
  2907,
  4661,
  4658,
  3565,
  1228,
  1629,
  957,
  1764,
  1791,
  1481,
  1068,
  447,
  457,
  764,
  5934,
  2477,
  2624,
  5458,
  1372,
  1328,
  4038,
  228,
  1596,
  5139,
  3426,
  6436,
  3226,
  4448,
  1527,
  4097,
  1208,
  1572,
  563,
  771,
  400,
  1327,
  2281,
  1545,
  5657,
  1596,
  528,
  5224,
  4808,
  1375,
  667,
  5524,
  980,
  0,
  217,
  5121,
  4505,
  5214,
  1576,
  2230,
  1349,
  5649,
  4287,
  4530],
 [4208,
  3745,
  2215,
  4745,
  4589,
  1276,
  2298,
  47,
  1047,
  1175,
  893,
  1668,
  3275,
  3458,
  3455,
  3933,
  1011,
  1960,
  740,
  1547,
  1574,
  1538,
  851,
  1837,
  1847,
  547,
  4731,
  2845,
  2992,
  4255,
  1155,
  1111,
  2835,
  1732,
  1379,
  3936,
  2223,
  3818,
  2023,
  3245,
  1310,
  4465,
  747,
  1355,
  1953,
  554,
  183,
  1110,
  2064,
  1602,
  4454,
  1379,
  311,
  4021,
  3605,
  1158,
  1370,
  4321,
  763,
  1417,
  0,
  3918,
  4873,
  4011,
  1359,
  2598,
  1132,
  4446,
  3084,
  4898],
 [290,
  259,
  3840,
  1581,
  1912,
  3619,
  5664,
  5353,
  4408,
  4035,
  3025,
  4032,
  2214,
  691,
  1627,
  2113,
  3871,
  3585,
  3178,
  4157,
  3938,
  4398,
  4604,
  4705,
  4715,
  4908,
  2054,
  3652,
  2497,
  1578,
  3961,
  3971,
  1083,
  5013,
  2787,
  772,
  1695,
  4625,
  1895,
  673,
  4170,
  2177,
  3607,
  4100,
  4821,
  3364,
  5272,
  3970,
  4428,
  4462,
  1290,
  2787,
  3607,
  1344,
  928,
  4018,
  4230,
  403,
  3623,
  5682,
  5306,
  0,
  1769,
  585,
  5624,
  3365,
  2792,
  1769,
  1160,
  1744],
 [2059,
  1815,
  3224,
  188,
  3680,
  4634,
  5048,
  4737,
  3792,
  5050,
  4040,
  5047,
  3229,
  2247,
  1426,
  940,
  4886,
  2969,
  4193,
  5172,
  4953,
  5413,
  3988,
  4089,
  4099,
  4292,
  3822,
  3036,
  3512,
  3346,
  4976,
  4986,
  2098,
  4397,
  3802,
  1109,
  2710,
  4009,
  2910,
  1688,
  5185,
  408,
  4622,
  3484,
  4205,
  4379,
  4656,
  4985,
  5443,
  5477,
  479,
  3802,
  4622,
  3112,
  2696,
  5033,
  5245,
  2172,
  4638,
  5066,
  4690,
  1769,
  0,
  1184,
  5008,
  2749,
  3807,
  3537,
  2175,
  25],
 [875,
  631,
  3933,
  996,
  2284,
  3712,
  5375,
  5446,
  4501,
  4128,
  3118,
  4125,
  2307,
  1063,
  1720,
  2206,
  3964,
  3678,
  3271,
  4250,
  4031,
  4491,
  4697,
  4798,
  4808,
  5001,
  2426,
  3745,
  2590,
  1950,
  4054,
  4064,
  1176,
  5106,
  2880,
  187,
  1788,
  4718,
  1988,
  766,
  4263,
  1592,
  3700,
  4193,
  4914,
  3457,
  5365,
  4063,
  4521,
  4555,
  705,
  2880,
  3700,
  1716,
  1300,
  4111,
  4323,
  988,
  3716,
  5775,
  5399,
  585,
  1184,
  0,
  5717,
  3458,
  2885,
  2141,
  1253,
  1159],
 [5469,
  5006,
  1942,
  6006,
  5850,
  2054,
  1307,
  1103,
  1631,
  1176,
  1730,
  2446,
  2965,
  4719,
  4716,
  3623,
  1078,
  1687,
  1577,
  2000,
  2352,
  1539,
  1827,
  505,
  515,
  1980,
  5992,
  2535,
  2682,
  5516,
  1933,
  1889,
  4096,
  286,
  2216,
  5197,
  3484,
  6494,
  3284,
  4506,
  1763,
  4155,
  1266,
  1323,
  621,
  1391,
  1712,
  1563,
  2842,
  1603,
  5715,
  2216,
  1584,
  5282,
  4866,
  1525,
  725,
  5582,
  1896,
  58,
  1056,
  5179,
  4563,
  5272,
  0,
  2288,
  1969,
  5707,
  4345,
  4588],
 [4039,
  3576,
  475,
  4576,
  4420,
  2904,
  1917,
  1988,
  1043,
  2404,
  2521,
  3296,
  1535,
  3289,
  3286,
  2193,
  2639,
  220,
  2368,
  3175,
  3202,
  2767,
  1239,
  1340,
  1350,
  1543,
  4562,
  1105,
  1252,
  4086,
  2783,
  2739,
  2666,
  1648,
  3007,
  3767,
  2054,
  2078,
  1854,
  3076,
  2938,
  2725,
  2375,
  735,
  1456,
  2182,
  1907,
  2738,
  3692,
  2831,
  4285,
  3007,
  1939,
  3852,
  3436,
  2786,
  1953,
  4152,
  2391,
  1724,
  1941,
  3749,
  3133,
  3842,
  2259,
  0,
  2760,
  4277,
  2915,
  3158],
 [3082,
  2619,
  2885,
  3619,
  3463,
  833,
  2372,
  2146,
  1717,
  1249,
  239,
  1246,
  1182,
  2332,
  2329,
  2815,
  1085,
  2630,
  392,
  1371,
  1152,
  1612,
  1521,
  1911,
  1921,
  1217,
  3605,
  2620,
  1465,
  3129,
  1175,
  1185,
  1709,
  1587,
  247,
  2810,
  1097,
  3593,
  897,
  2119,
  1384,
  3347,
  821,
  2025,
  2027,
  578,
  949,
  1184,
  1642,
  1676,
  3328,
  247,
  821,
  2895,
  2479,
  1232,
  1444,
  3195,
  837,
  1359,
  2099,
  2792,
  3807,
  2885,
  1301,
  2333,
  0,
  3320,
  1958,
  3782],
 [2059,
  1510,
  4368,
  3137,
  143,
  4147,
  5810,
  5881,
  4936,
  4563,
  3553,
  4560,
  2742,
  1078,
  2155,
  2641,
  4399,
  4113,
  3706,
  4685,
  4466,
  4926,
  5132,
  5233,
  5243,
  5436,
  337,
  4180,
  3025,
  1149,
  4489,
  4499,
  1611,
  5541,
  3315,
  2540,
  2223,
  5153,
  2423,
  1849,
  4698,
  3173,
  4135,
  4628,
  5349,
  3892,
  5800,
  4498,
  4956,
  4990,
  2846,
  3315,
  4135,
  915,
  841,
  4546,
  4758,
  2172,
  4151,
  6210,
  5834,
  1769,
  3325,
  2141,
  6152,
  3893,
  3320,
  0,
  1362,
  3300],
 [1450,
  806,
  3006,
  1987,
  1505,
  2785,
  4615,
  4519,
  3574,
  3201,
  2191,
  3198,
  1380,
  374,
  793,
  1279,
  3037,
  2751,
  2344,
  3323,
  3104,
  3564,
  3770,
  3871,
  3881,
  4074,
  1647,
  2818,
  1663,
  1171,
  3127,
  3137,
  249,
  4179,
  1953,
  1178,
  861,
  3791,
  1061,
  487,
  3336,
  1811,
  2773,
  3266,
  3987,
  2530,
  4438,
  3136,
  3594,
  3628,
  1696,
  1953,
  2773,
  937,
  521,
  3184,
  3396,
  1563,
  2789,
  4255,
  4472,
  1160,
  2175,
  1253,
  4790,
  2531,
  1958,
  1362,
  0,
  2150],
 [2034,
  1790,
  4830,
  163,
  3655,
  4609,
  6439,
  6343,
  5398,
  5025,
  4015,
  5022,
  3204,
  2222,
  1451,
  965,
  4861,
  4575,
  4168,
  5147,
  4928,
  5388,
  5594,
  5695,
  5705,
  5898,
  3797,
  4642,
  3487,
  3321,
  4951,
  4961,
  2073,
  6003,
  3777,
  1084,
  2685,
  5615,
  2885,
  1663,
  5160,
  433,
  4597,
  5090,
  5811,
  4354,
  6262,
  4960,
  5418,
  5452,
  454,
  3777,
  4597,
  3087,
  2671,
  5008,
  5220,
  2147,
  4613,
  6672,
  6296,
  1744,
  25,
  1159,
  6614,
  4355,
  3782,
  3512,
  2150,
  0]]
