[[0,
  1368,
  1167,
  1398,
  1042,
  3040,
  1131,
  3524,
  3111,
  3877,
  4647,
  4522,
  3539,
  5152,
  2913,
  2678,
  2522,
  2497,
  5319,
  4482,
  4744,
  2859,
  3433,
  4098,
  4499,
  4559,
  2059,
  4440,
  3788,
  4678,
  3895,
  4072,
  3371,
  3113,
  2750,
  5147,
  3918,
  2663,
  3096,
  5432,
  4223,
  4866,
  4733,
  3385,
  3381,
  2662,
  4683,
  2462,
  2506,
  1727,
  3396,
  3579,
  5691,
  3904,
  2012,
  3538,
  5036,
  2973,
  4952,
  2232,
  4082,
  5427,
  2936,
  2937,
  5241,
  2126,
  2694,
  5679,
  3404,
  2476,
  3810,
  2874,
  3845,
  5755,
  3443],
 [1446,
  0,
  840,
  587,
  966,
  1672,
  637,
  2713,
  2784,
  3550,
  3836,
  3711,
  3212,
  4341,
  3383,
  1867,
  2195,
  2170,
  4992,
  4940,
  4417,
  2532,
  2660,
  3771,
  4172,
  4232,
  1732,
  3629,
  3461,
  3867,
  3568,
  3745,
  3616,
  2302,
  1939,
  4336,
  3591,
  2336,
  2773,
  4621,
  3896,
  4539,
  4406,
  3630,
  3626,
  2619,
  3872,
  2135,
  2179,
  916,
  3069,
  2768,
  5364,
  3093,
  1685,
  2727,
  4225,
  2590,
  4141,
  1905,
  3271,
  5100,
  2609,
  2126,
  4914,
  1799,
  2292,
  5352,
  2593,
  2149,
  2999,
  2547,
  2501,
  4944,
  2632],
 [606,
  1269,
  0,
  663,
  943,
  2526,
  1032,
  2789,
  2376,
  3142,
  3912,
  3787,
  2804,
  4417,
  3519,
  1943,
  1787,
  1762,
  4584,
  3747,
  4009,
  2124,
  2252,
  3363,
  3764,
  3824,
  1324,
  3705,
  3053,
  3943,
  3160,
  3337,
  3977,
  2378,
  2015,
  4412,
  3183,
  1928,
  2365,
  4697,
  3488,
  4131,
  3998,
  3991,
  3987,
  1927,
  3948,
  1727,
  1771,
  992,
  2661,
  2844,
  4956,
  3169,
  1277,
  2803,
  4301,
  2182,
  4217,
  1497,
  3347,
  4692,
  2201,
  2202,
  4506,
  1391,
  1884,
  4944,
  2669,
  1741,
  3075,
  2139,
  2093,
  5020,
  2708],
 [1325,
  923,
  719,
  0,
  1575,
  1863,
  1246,
  2126,
  2666,
  3432,
  3249,
  3124,
  3094,
  3754,
  3262,
  1280,
  2074,
  2049,
  4874,
  4353,
  4299,
  2411,
  2539,
  3653,
  4054,
  4114,
  1611,
  3042,
  3387,
  3280,
  3450,
  3627,
  3495,
  1715,
  1352,
  3749,
  3473,
  2319,
  2652,
  4034,
  3778,
  4421,
  4288,
  3509,
  3505,
  2032,
  3285,
  2014,
  2058,
  329,
  2995,
  2181,
  5246,
  2506,
  1564,
  2140,
  3638,
  2469,
  3554,
  1784,
  2684,
  4812,
  2592,
  1539,
  4796,
  1678,
  2171,
  5064,
  2006,
  2028,
  2412,
  2426,
  2380,
  4357,
  2045],
 [305,
  968,
  691,
  922,
  0,
  2785,
  731,
  3048,
  2635,
  3401,
  4171,
  4046,
  3063,
  4676,
  3218,
  2202,
  2046,
  2021,
  4843,
  4006,
  4268,
  2383,
  2511,
  3622,
  4023,
  4083,
  1583,
  3964,
  3312,
  4202,
  3419,
  3596,
  3676,
  2637,
  2274,
  4671,
  3442,
  2187,
  2624,
  4956,
  3747,
  4390,
  4257,
  3690,
  3686,
  2186,
  4207,
  1986,
  2030,
  1251,
  2920,
  3103,
  5215,
  3428,
  1536,
  3062,
  4560,
  2441,
  4476,
  1756,
  3606,
  4951,
  2460,
  2461,
  4765,
  1650,
  2143,
  5203,
  2928,
  2000,
  3334,
  2398,
  2352,
  5279,
  2967],
 [1856,
  1454,
  1250,
  1039,
  2106,
  0,
  1777,
  1838,
  2378,
  3144,
  2961,
  2836,
  2806,
  3466,
  4110,
  992,
  2605,
  2580,
  4586,
  4065,
  4011,
  2942,
  3070,
  3365,
  3766,
  3826,
  2142,
  2754,
  3099,
  2992,
  3162,
  3339,
  4343,
  1427,
  1064,
  3461,
  3185,
  2031,
  3183,
  3746,
  3490,
  4133,
  4000,
  4357,
  4353,
  1744,
  2997,
  2545,
  2589,
  577,
  2707,
  1893,
  4958,
  2218,
  2095,
  1852,
  3350,
  3000,
  3266,
  2315,
  2396,
  4524,
  2304,
  1251,
  4508,
  2209,
  2702,
  4776,
  1718,
  2559,
  2124,
  2957,
  2911,
  4069,
  1757],
 [634,
  706,
  1020,
  1251,
  329,
  2378,
  0,
  3377,
  2964,
  3730,
  4500,
  4375,
  3392,
  5005,
  3547,
  2531,
  2375,
  2350,
  5172,
  4335,
  4597,
  2712,
  2840,
  3951,
  4352,
  4412,
  1912,
  4293,
  3641,
  4531,
  3748,
  3925,
  4005,
  2966,
  2603,
  5000,
  3771,
  2516,
  2953,
  5285,
  4076,
  4719,
  4586,
  4019,
  4015,
  2515,
  4536,
  2315,
  2359,
  1580,
  3249,
  3432,
  5544,
  3757,
  1865,
  3391,
  4889,
  2770,
  4805,
  2085,
  3935,
  5280,
  2789,
  2790,
  5094,
  1979,
  2472,
  5532,
  3257,
  2329,
  3663,
  2727,
  2681,
  5608,
  3296],
 [3019,
  2535,
  2413,
  2664,
  3356,
  1037,
  2858,
  0,
  1432,
  2198,
  2205,
  2080,
  1860,
  2710,
  3120,
  1351,
  1945,
  1632,
  3640,
  3309,
  3065,
  2180,
  2308,
  2419,
  2820,
  2880,
  1960,
  1998,
  2109,
  2236,
  2216,
  2393,
  3353,
  380,
  1678,
  2705,
  2239,
  984,
  2635,
  2990,
  2544,
  3187,
  3054,
  3367,
  3363,
  697,
  2241,
  2363,
  1407,
  1614,
  1717,
  1137,
  4012,
  735,
  1553,
  1096,
  2594,
  2818,
  2510,
  1227,
  1640,
  3748,
  1257,
  495,
  3562,
  2027,
  2520,
  4000,
  366,
  1899,
  1368,
  2121,
  1963,
  3313,
  1001],
 [3799,
  3024,
  3193,
  3444,
  3676,
  1526,
  3347,
  1718,
  0,
  1696,
  1492,
  1367,
  1358,
  1997,
  2618,
  1840,
  1862,
  1549,
  3138,
  2573,
  2563,
  2097,
  2225,
  1917,
  2318,
  2378,
  2740,
  1262,
  1607,
  1500,
  1714,
  1891,
  2851,
  1160,
  1912,
  1969,
  1737,
  1764,
  2472,
  2254,
  2042,
  2685,
  2552,
  2865,
  2861,
  1477,
  1505,
  2624,
  1324,
  2103,
  1215,
  450,
  3510,
  1660,
  2333,
  1165,
  1858,
  2655,
  1797,
  2007,
  904,
  3032,
  1202,
  794,
  3060,
  2288,
  3272,
  3284,
  1451,
  1816,
  870,
  2038,
  1880,
  2577,
  506],
 [3573,
  3633,
  2967,
  3218,
  3910,
  2665,
  3956,
  2485,
  1139,
  0,
  1684,
  2134,
  340,
  3136,
  2739,
  2979,
  1966,
  1653,
  2018,
  1181,
  1443,
  2201,
  2329,
  221,
  1198,
  1258,
  2514,
  1363,
  1728,
  1601,
  912,
  1089,
  2972,
  2299,
  3051,
  2070,
  41,
  1253,
  2593,
  2355,
  722,
  1565,
  1432,
  2986,
  2982,
  1574,
  1606,
  2728,
  1428,
  3547,
  1336,
  1589,
  2390,
  2799,
  2107,
  2304,
  1959,
  2776,
  2453,
  1781,
  967,
  2126,
  1306,
  1933,
  1940,
  2392,
  3393,
  2378,
  2365,
  1920,
  2009,
  2142,
  1984,
  1453,
  1645],
 [4267,
  3881,
  3661,
  3912,
  4533,
  2383,
  4204,
  1849,
  1721,
  1452,
  0,
  450,
  1114,
  2128,
  3321,
  2697,
  2660,
  2347,
  2894,
  1942,
  2319,
  2895,
  3023,
  1673,
  2074,
  2134,
  3208,
  1101,
  2310,
  1339,
  1470,
  2156,
  3554,
  2017,
  2734,
  1338,
  1493,
  1947,
  3175,
  1623,
  1416,
  2441,
  2308,
  3568,
  3564,
  2334,
  1345,
  3422,
  2122,
  2960,
  1918,
  1307,
  3266,
  1791,
  2801,
  1296,
  1357,
  3358,
  769,
  2475,
  743,
  2401,
  2000,
  1651,
  2497,
  3086,
  3975,
  2653,
  1769,
  2614,
  1001,
  2836,
  2678,
  1946,
  1363],
 [3817,
  3431,
  3211,
  3462,
  4083,
  1933,
  3754,
  2106,
  1271,
  1002,
  972,
  0,
  664,
  2385,
  2871,
  2247,
  2210,
  1897,
  2444,
  1962,
  1869,
  2445,
  2573,
  1223,
  1624,
  1684,
  2758,
  651,
  1860,
  889,
  1020,
  1197,
  3104,
  1567,
  2991,
  1358,
  1043,
  1497,
  2725,
  1643,
  966,
  1991,
  1858,
  3118,
  3114,
  1884,
  894,
  2972,
  1672,
  2510,
  1468,
  857,
  2816,
  2048,
  2351,
  1553,
  1247,
  2908,
  1741,
  2025,
  293,
  2421,
  1550,
  1201,
  2366,
  2636,
  3525,
  2673,
  1858,
  2164,
  1258,
  2386,
  2228,
  1966,
  913],
 [3233,
  3293,
  2627,
  2878,
  3570,
  2325,
  3616,
  2145,
  799,
  338,
  1344,
  1794,
  0,
  2796,
  2399,
  2639,
  1626,
  1313,
  1780,
  943,
  1205,
  1861,
  1989,
  559,
  960,
  1020,
  2174,
  1023,
  1388,
  1261,
  356,
  533,
  2632,
  1959,
  3402,
  1730,
  379,
  913,
  2253,
  2015,
  382,
  1327,
  1194,
  2646,
  2642,
  1234,
  1266,
  2388,
  1088,
  3207,
  996,
  1249,
  2152,
  2459,
  1767,
  1964,
  1619,
  2436,
  2113,
  1441,
  627,
  1888,
  966,
  1593,
  1702,
  2052,
  3053,
  2140,
  2025,
  1580,
  1669,
  1802,
  1644,
  1215,
  1305],
 [4034,
  3259,
  3428,
  3679,
  3911,
  1761,
  3582,
  1175,
  1113,
  1791,
  857,
  732,
  1453,
  0,
  2713,
  2075,
  2097,
  1784,
  3233,
  2277,
  2658,
  2332,
  2904,
  2012,
  2413,
  2473,
  2975,
  1339,
  1702,
  1577,
  1809,
  2491,
  2946,
  1395,
  2060,
  1673,
  1832,
  1999,
  2567,
  1958,
  1698,
  2780,
  2647,
  2960,
  2956,
  1712,
  1680,
  3524,
  1559,
  2338,
  1310,
  685,
  3605,
  1117,
  2568,
  622,
  1692,
  2750,
  1162,
  2242,
  1025,
  2736,
  1437,
  1029,
  2832,
  2523,
  3367,
  2988,
  1095,
  2051,
  327,
  2273,
  3189,
  2281,
  741],
 [5578,
  5923,
  5722,
  5953,
  5597,
  7589,
  5686,
  7409,
  6063,
  6829,
  7555,
  7430,
  6491,
  8060,
  0,
  7903,
  5683,
  5590,
  8271,
  7434,
  7696,
  5083,
  4929,
  7050,
  7451,
  7511,
  4801,
  7325,
  6740,
  7563,
  6847,
  7024,
  4867,
  7223,
  8666,
  8032,
  6870,
  6177,
  4592,
  8317,
  7175,
  7818,
  7685,
  4881,
  4877,
  6498,
  7568,
  4327,
  6352,
  6282,
  6348,
  6513,
  8643,
  7723,
  7031,
  7228,
  7921,
  4775,
  7860,
  6705,
  6967,
  8379,
  6230,
  6857,
  8193,
  6089,
  4170,
  8631,
  7289,
  5617,
  6933,
  5451,
  5341,
  7706,
  6569],
 [3074,
  2299,
  2468,
  1840,
  2951,
  801,
  2622,
  846,
  1386,
  2152,
  1969,
  1844,
  1814,
  2474,
  3118,
  0,
  2121,
  1808,
  3594,
  3073,
  3019,
  2356,
  2484,
  2373,
  2774,
  2834,
  2015,
  1762,
  2107,
  2000,
  2170,
  2347,
  3351,
  435,
  1187,
  2469,
  2193,
  1039,
  2972,
  2754,
  2498,
  3141,
  3008,
  3365,
  3361,
  752,
  2005,
  2418,
  1583,
  1378,
  1715,
  901,
  3966,
  1226,
  1608,
  860,
  2358,
  3155,
  2274,
  1282,
  1404,
  3532,
  1312,
  259,
  3516,
  2082,
  2575,
  3784,
  726,
  2075,
  1132,
  2297,
  2139,
  3077,
  765],
 [2436,
  2496,
  1830,
  2081,
  2773,
  2611,
  2819,
  2135,
  1085,
  1851,
  2577,
  2452,
  1513,
  3082,
  1396,
  2925,
  0,
  227,
  3293,
  2456,
  2718,
  459,
  587,
  2072,
  2473,
  2533,
  901,
  2347,
  1762,
  2585,
  1869,
  2046,
  1629,
  1628,
  3688,
  3054,
  1892,
  903,
  914,
  3339,
  2197,
  2840,
  2707,
  1643,
  1639,
  1224,
  2590,
  1082,
  452,
  2410,
  1370,
  1535,
  3665,
  2745,
  970,
  2250,
  2943,
  1097,
  2882,
  1033,
  1989,
  3401,
  956,
  1879,
  3215,
  746,
  1239,
  3653,
  2015,
  274,
  1955,
  352,
  242,
  2728,
  1296],
 [2209,
  2269,
  1603,
  1854,
  2546,
  2281,
  2592,
  1908,
  904,
  1670,
  2396,
  2271,
  1332,
  2901,
  1485,
  3134,
  529,
  0,
  3112,
  2275,
  2537,
  548,
  676,
  1891,
  2292,
  2352,
  901,
  2166,
  1581,
  2404,
  1688,
  1865,
  1718,
  1401,
  3206,
  2873,
  1711,
  676,
  1003,
  3158,
  2016,
  2659,
  2526,
  1732,
  1728,
  997,
  2409,
  1171,
  225,
  2183,
  1189,
  1205,
  3484,
  2157,
  743,
  2061,
  2762,
  1186,
  2701,
  806,
  1808,
  3220,
  729,
  1549,
  3034,
  835,
  1328,
  3472,
  1788,
  363,
  1774,
  489,
  365,
  2547,
  1069],
 [5758,
  5818,
  5152,
  5403,
  6095,
  4717,
  6141,
  4481,
  3324,
  2761,
  2632,
  3082,
  2525,
  4760,
  4303,
  5031,
  4151,
  3838,
  0,
  2473,
  1895,
  4386,
  4494,
  2982,
  1980,
  1710,
  4699,
  2583,
  3913,
  2821,
  2777,
  2227,
  4536,
  4351,
  5366,
  2387,
  2802,
  3438,
  4157,
  1549,
  2907,
  2017,
  1884,
  4550,
  4546,
  3759,
  2324,
  5114,
  3613,
  5732,
  3521,
  3641,
  1179,
  4423,
  4292,
  3928,
  2336,
  4340,
  3386,
  3966,
  3077,
  1862,
  3491,
  3985,
  1676,
  4577,
  4957,
  2114,
  4401,
  4105,
  3633,
  4327,
  4779,
  2477,
  3697],
 [5523,
  4798,
  4917,
  5168,
  5450,
  3300,
  5121,
  3064,
  2638,
  2526,
  1215,
  1665,
  2290,
  3343,
  4238,
  3614,
  3916,
  3603,
  1475,
  0,
  1660,
  4151,
  4279,
  2747,
  1745,
  1475,
  4464,
  1166,
  3227,
  1404,
  2387,
  214,
  4471,
  2934,
  3949,
  970,
  2567,
  3203,
  4092,
  1255,
  2672,
  1782,
  1649,
  4485,
  4481,
  3251,
  907,
  4678,
  3378,
  3877,
  2835,
  2224,
  1847,
  3006,
  4057,
  2511,
  919,
  4275,
  1969,
  3731,
  1660,
  459,
  3256,
  2568,
  555,
  4342,
  4892,
  711,
  2984,
  3870,
  2216,
  4092,
  3934,
  272,
  2280],
 [4172,
  4232,
  3566,
  3817,
  4509,
  3264,
  4555,
  3084,
  1738,
  1175,
  2500,
  2950,
  939,
  3735,
  3338,
  3578,
  2565,
  2252,
  924,
  1406,
  0,
  2800,
  2928,
  1396,
  394,
  124,
  3113,
  1962,
  2327,
  2200,
  2116,
  1397,
  3571,
  2898,
  4341,
  2255,
  1216,
  1852,
  3192,
  1668,
  1321,
  471,
  338,
  3585,
  3581,
  2173,
  2205,
  3327,
  2027,
  4146,
  1935,
  2188,
  1296,
  3398,
  2706,
  2903,
  2204,
  3375,
  3254,
  2380,
  1566,
  1032,
  1905,
  2532,
  846,
  2991,
  3992,
  1284,
  2964,
  2519,
  2608,
  2741,
  2583,
  1535,
  2244],
 [2680,
  2740,
  2074,
  2325,
  3017,
  3682,
  3063,
  2590,
  2156,
  2922,
  3648,
  3523,
  2584,
  4153,
  937,
  3996,
  775,
  682,
  4364,
  3527,
  3789,
  0,
  128,
  3143,
  3544,
  3604,
  1011,
  3418,
  2833,
  3656,
  2940,
  3117,
  1170,
  3316,
  3677,
  4125,
  2963,
  1358,
  455,
  4410,
  3268,
  3911,
  3778,
  1184,
  1180,
  1679,
  3661,
  1412,
  907,
  2654,
  2441,
  2606,
  4736,
  3816,
  1425,
  3321,
  4014,
  638,
  3953,
  1488,
  3060,
  4472,
  1411,
  2950,
  4286,
  1040,
  1255,
  4724,
  2470,
  709,
  3026,
  427,
  619,
  3799,
  1751],
 [2684,
  2744,
  2078,
  2329,
  3021,
  3686,
  3067,
  2594,
  2160,
  2926,
  3652,
  3527,
  2588,
  4157,
  941,
  3609,
  779,
  686,
  4368,
  3531,
  3793,
  334,
  0,
  3147,
  3548,
  3608,
  1015,
  3422,
  2837,
  3660,
  2944,
  3121,
  1174,
  2087,
  3681,
  4129,
  2967,
  1362,
  459,
  4414,
  3272,
  3915,
  3782,
  1188,
  1184,
  1683,
  3665,
  1416,
  911,
  2658,
  2445,
  2610,
  4740,
  3820,
  1429,
  3325,
  4018,
  642,
  3957,
  1492,
  3064,
  4476,
  1415,
  2954,
  4290,
  1044,
  1259,
  4728,
  2474,
  713,
  3030,
  299,
  491,
  3803,
  1755],
 [3794,
  3854,
  3188,
  3439,
  4131,
  2886,
  4177,
  2706,
  1360,
  221,
  1905,
  2355,
  561,
  3357,
  2960,
  3200,
  2187,
  1874,
  2239,
  1402,
  1664,
  2422,
  2550,
  0,
  1419,
  1479,
  2735,
  1584,
  1949,
  1822,
  1133,
  1310,
  3193,
  2520,
  3963,
  2291,
  180,
  1474,
  2814,
  2576,
  943,
  1786,
  1653,
  3207,
  1354,
  1795,
  1827,
  2949,
  1649,
  3768,
  1557,
  1810,
  2611,
  3020,
  2328,
  2525,
  2180,
  2997,
  2674,
  2002,
  1188,
  2347,
  1527,
  2154,
  2161,
  2613,
  3614,
  2599,
  2586,
  2141,
  2230,
  2363,
  2205,
  1674,
  1866],
 [3778,
  3838,
  3172,
  3423,
  4115,
  2870,
  4161,
  2690,
  1344,
  781,
  1889,
  2339,
  545,
  3341,
  2944,
  3184,
  2171,
  1858,
  1363,
  1845,
  788,
  2406,
  2534,
  1002,
  0,
  603,
  2719,
  1568,
  1933,
  1806,
  1722,
  1836,
  3177,
  2504,
  3947,
  2275,
  822,
  1458,
  2798,
  2107,
  927,
  910,
  777,
  3191,
  3187,
  1779,
  1811,
  2933,
  1633,
  3752,
  1541,
  1794,
  1735,
  3004,
  2312,
  2509,
  2164,
  2981,
  2658,
  1986,
  1172,
  1471,
  1511,
  2138,
  1285,
  2597,
  3598,
  1723,
  2570,
  2125,
  2214,
  2347,
  2189,
  1974,
  1850],
 [4048,
  4108,
  3442,
  3693,
  4385,
  3140,
  4431,
  2960,
  1614,
  1051,
  2159,
  2609,
  815,
  3611,
  3214,
  3454,
  2441,
  2128,
  1108,
  1590,
  533,
  2676,
  2804,
  1272,
  270,
  0,
  2989,
  1838,
  2203,
  2076,
  1992,
  1581,
  3447,
  2774,
  4217,
  2545,
  1092,
  1728,
  3068,
  1852,
  1197,
  655,
  522,
  3461,
  3457,
  2049,
  2081,
  3203,
  1903,
  4022,
  1811,
  2064,
  1480,
  3274,
  2582,
  2779,
  2434,
  3251,
  2928,
  2256,
  1442,
  1216,
  1781,
  2408,
  1030,
  2867,
  3868,
  1468,
  2840,
  2395,
  2484,
  2617,
  2459,
  1719,
  2120],
 [1999,
  2059,
  1393,
  1644,
  2336,
  3074,
  2382,
  2509,
  1548,
  2314,
  3040,
  2915,
  1976,
  3545,
  1859,
  2924,
  463,
  690,
  3756,
  2919,
  3181,
  922,
  1050,
  2535,
  2936,
  2996,
  0,
  2810,
  2225,
  3048,
  2332,
  2509,
  2092,
  2002,
  2996,
  3517,
  2355,
  1277,
  1377,
  3802,
  2660,
  3303,
  3170,
  2106,
  2102,
  1598,
  3053,
  562,
  826,
  1973,
  1833,
  1998,
  4128,
  2758,
  684,
  2713,
  3406,
  1017,
  3345,
  939,
  2452,
  3864,
  1330,
  2342,
  3678,
  226,
  719,
  4116,
  2389,
  417,
  2418,
  815,
  705,
  3191,
  1670],
 [4018,
  3632,
  3412,
  3663,
  4284,
  2134,
  3955,
  2307,
  1472,
  1203,
  2081,
  1956,
  865,
  2586,
  3072,
  2448,
  2411,
  2098,
  2645,
  1808,
  2070,
  2646,
  3263,
  1424,
  1825,
  1885,
  2959,
  0,
  2061,
  238,
  1221,
  1398,
  3305,
  1768,
  3192,
  2558,
  1244,
  1698,
  2926,
  2843,
  1167,
  2192,
  2059,
  3319,
  3315,
  2085,
  2094,
  3173,
  1873,
  2711,
  1669,
  1058,
  3017,
  2249,
  2552,
  1754,
  2447,
  3109,
  2386,
  2226,
  494,
  2753,
  1751,
  1402,
  2567,
  2837,
  3726,
  3005,
  2059,
  2365,
  1459,
  2587,
  3548,
  2080,
  1114],
 [3875,
  3935,
  3269,
  3520,
  4212,
  3729,
  4258,
  3549,
  2203,
  2969,
  3695,
  3570,
  2631,
  4200,
  1011,
  4043,
  1829,
  1736,
  4411,
  3574,
  3836,
  1356,
  1202,
  3190,
  3591,
  3651,
  2067,
  3465,
  0,
  3703,
  2987,
  3164,
  1244,
  3363,
  4806,
  4172,
  3010,
  2317,
  865,
  4457,
  3315,
  3958,
  3825,
  1258,
  1254,
  2638,
  3708,
  1822,
  2492,
  3849,
  2488,
  2653,
  4783,
  3863,
  2479,
  3368,
  4061,
  1048,
  4000,
  2845,
  3107,
  4519,
  2370,
  2997,
  4333,
  2235,
  1665,
  4771,
  3429,
  1763,
  3073,
  1597,
  1487,
  3846,
  2709],
 [3780,
  3394,
  3174,
  3425,
  4046,
  1896,
  3717,
  2069,
  1234,
  965,
  1843,
  1718,
  627,
  2348,
  2834,
  2210,
  2173,
  1860,
  2407,
  1570,
  1832,
  2408,
  2536,
  1186,
  1587,
  1647,
  2721,
  1613,
  1823,
  0,
  983,
  1160,
  3067,
  1530,
  2954,
  2320,
  1006,
  1460,
  2688,
  2605,
  929,
  1954,
  1821,
  3081,
  3077,
  1847,
  1856,
  2935,
  1635,
  2473,
  1431,
  820,
  2779,
  2011,
  2314,
  1516,
  2209,
  2871,
  2148,
  1988,
  256,
  2515,
  1513,
  1164,
  2329,
  2599,
  3488,
  2767,
  1821,
  2127,
  1221,
  2349,
  2191,
  1842,
  876],
 [3589,
  3649,
  2983,
  3234,
  3926,
  2468,
  3972,
  2501,
  1155,
  869,
  1545,
  1995,
  356,
  2920,
  2755,
  2782,
  1982,
  1669,
  2034,
  833,
  1459,
  2217,
  2345,
  1090,
  1214,
  1274,
  2530,
  1224,
  1744,
  1462,
  0,
  177,
  2988,
  2102,
  2854,
  1931,
  910,
  1269,
  2609,
  2216,
  738,
  1581,
  1448,
  3002,
  2998,
  1590,
  1467,
  2744,
  1444,
  3563,
  1352,
  1392,
  2406,
  2583,
  2123,
  2088,
  1820,
  2792,
  2314,
  1797,
  828,
  1102,
  1322,
  1736,
  1198,
  2408,
  2901,
  1354,
  2381,
  1936,
  1793,
  2158,
  2000,
  1105,
  1448],
 [3766,
  3826,
  3160,
  3411,
  4103,
  2645,
  4149,
  3261,
  1332,
  1046,
  1412,
  1862,
  533,
  3540,
  2932,
  2959,
  2159,
  1846,
  1482,
  197,
  1667,
  2394,
  2522,
  1267,
  1752,
  1482,
  2707,
  1363,
  1921,
  1601,
  177,
  0,
  3165,
  2279,
  4146,
  1167,
  1087,
  1446,
  2786,
  1452,
  915,
  1789,
  1656,
  3179,
  3175,
  1767,
  1104,
  2921,
  1621,
  3740,
  1529,
  1569,
  1854,
  3203,
  2300,
  2708,
  1116,
  2969,
  2166,
  1974,
  1005,
  466,
  1499,
  1913,
  562,
  2585,
  3586,
  718,
  2558,
  2113,
  2413,
  2335,
  2177,
  469,
  1625],
 [3910,
  4671,
  3304,
  3555,
  4345,
  3764,
  4293,
  3584,
  2238,
  3004,
  3730,
  3605,
  2666,
  4235,
  685,
  4078,
  1864,
  1771,
  4446,
  3609,
  3871,
  1264,
  1110,
  1639,
  3626,
  3686,
  1975,
  3500,
  2915,
  3738,
  3022,
  3199,
  0,
  3398,
  4150,
  4207,
  3045,
  2352,
  773,
  4492,
  3350,
  3993,
  3860,
  14,
  517,
  2673,
  3743,
  1730,
  2527,
  3884,
  2523,
  2688,
  4818,
  3898,
  2514,
  3403,
  4096,
  956,
  4035,
  2880,
  3142,
  4554,
  2405,
  3032,
  4368,
  2270,
  1573,
  4806,
  3464,
  1798,
  3108,
  1632,
  1522,
  3881,
  2744],
 [2639,
  2699,
  2033,
  2284,
  2976,
  1445,
  3022,
  953,
  1052,
  1818,
  2544,
  2419,
  1480,
  3049,
  2740,
  1759,
  1565,
  1252,
  3260,
  2423,
  2685,
  1800,
  1928,
  2039,
  2440,
  2500,
  1580,
  2314,
  1729,
  2552,
  1836,
  2013,
  2973,
  0,
  2145,
  3021,
  1859,
  604,
  2255,
  3306,
  2164,
  2807,
  2674,
  2987,
  2983,
  317,
  2557,
  1983,
  1027,
  2613,
  1337,
  1353,
  3632,
  1202,
  1173,
  1247,
  2910,
  2438,
  2849,
  847,
  1956,
  3368,
  877,
  903,
  3182,
  1647,
  2140,
  3620,
  833,
  1519,
  1922,
  1741,
  1583,
  2695,
  1217],
 [2461,
  2059,
  1855,
  1644,
  2711,
  605,
  2382,
  1684,
  2224,
  2990,
  2807,
  2682,
  2652,
  3312,
  3956,
  838,
  2959,
  2646,
  4432,
  3911,
  3857,
  3194,
  3322,
  3211,
  3612,
  3672,
  2747,
  2600,
  2945,
  2838,
  3008,
  3185,
  4189,
  1273,
  0,
  3307,
  3031,
  1877,
  3810,
  3592,
  3336,
  3979,
  3846,
  4203,
  4199,
  1590,
  2843,
  3150,
  2421,
  1182,
  2553,
  1739,
  4804,
  2064,
  2446,
  1698,
  3196,
  3605,
  3112,
  2120,
  2242,
  4370,
  2150,
  1097,
  4354,
  2814,
  3307,
  4622,
  1564,
  2913,
  1970,
  3135,
  2977,
  3915,
  1603],
 [4866,
  4480,
  4260,
  4511,
  5132,
  2982,
  4803,
  2746,
  2320,
  2051,
  897,
  1347,
  1713,
  3025,
  3920,
  3296,
  3259,
  2946,
  2428,
  1186,
  2613,
  3494,
  3622,
  2272,
  2698,
  2428,
  3807,
  848,
  2909,
  1086,
  2069,
  1400,
  4153,
  2616,
  3631,
  0,
  2092,
  2546,
  3774,
  867,
  2015,
  2735,
  2602,
  4167,
  4163,
  2933,
  589,
  4021,
  2721,
  3559,
  2517,
  1906,
  2875,
  2688,
  3400,
  2193,
  601,
  3957,
  999,
  3074,
  1342,
  1645,
  2599,
  2250,
  1741,
  3685,
  4574,
  1897,
  2666,
  3213,
  1898,
  3435,
  4396,
  1190,
  1962],
 [3614,
  3674,
  3008,
  3259,
  3951,
  2706,
  3997,
  2526,
  1180,
  41,
  1725,
  2175,
  381,
  3177,
  2780,
  3020,
  2007,
  1694,
  2059,
  1222,
  1484,
  2242,
  2370,
  180,
  1239,
  1299,
  2555,
  1404,
  1769,
  1642,
  953,
  1130,
  3013,
  2340,
  3092,
  2111,
  0,
  1294,
  2634,
  2396,
  763,
  1606,
  1473,
  3027,
  3023,
  1615,
  1647,
  2769,
  1469,
  3588,
  1377,
  1630,
  2431,
  2840,
  2148,
  2345,
  2000,
  2817,
  2494,
  1822,
  1008,
  2167,
  1347,
  1974,
  1981,
  2433,
  2926,
  2419,
  2406,
  1961,
  2050,
  2183,
  2025,
  1494,
  1686],
 [2419,
  2479,
  1813,
  2064,
  2756,
  1825,
  2802,
  1331,
  448,
  1214,
  1940,
  1815,
  876,
  2445,
  2136,
  2139,
  961,
  648,
  2656,
  1819,
  2081,
  1196,
  1324,
  1435,
  1836,
  1896,
  1333,
  1710,
  1125,
  1948,
  1232,
  1409,
  2369,
  824,
  2211,
  2417,
  1255,
  0,
  1651,
  2702,
  1560,
  2203,
  2070,
  2383,
  2379,
  420,
  1953,
  1723,
  423,
  2393,
  733,
  749,
  3028,
  2108,
  953,
  1605,
  2306,
  1834,
  2245,
  627,
  1352,
  2764,
  273,
  1093,
  2578,
  1387,
  1880,
  3016,
  1211,
  915,
  1318,
  1137,
  979,
  2091,
  613],
 [2876,
  2936,
  2270,
  2521,
  3213,
  3355,
  3259,
  3175,
  1829,
  2595,
  3321,
  3196,
  2257,
  3826,
  610,
  3669,
  1094,
  1001,
  4037,
  3200,
  3462,
  619,
  465,
  2816,
  3217,
  3277,
  1207,
  3091,
  2506,
  3329,
  2613,
  2790,
  843,
  2989,
  3741,
  3798,
  2636,
  1943,
  0,
  4083,
  2941,
  3584,
  3451,
  857,
  853,
  2264,
  3334,
  957,
  1226,
  2850,
  2114,
  2279,
  4409,
  3489,
  1744,
  2994,
  3687,
  183,
  3626,
  2471,
  2733,
  4145,
  1996,
  2623,
  3959,
  1236,
  800,
  4397,
  3055,
  1028,
  2699,
  782,
  1113,
  3472,
  2335],
 [5249,
  4863,
  4643,
  4894,
  5515,
  3365,
  5186,
  3129,
  2703,
  2434,
  1280,
  1730,
  2096,
  3408,
  4303,
  3679,
  3642,
  3329,
  1682,
  1121,
  1917,
  3877,
  4005,
  2655,
  2002,
  1732,
  4190,
  1231,
  3292,
  1469,
  2452,
  1335,
  4536,
  2999,
  4014,
  1035,
  2475,
  2929,
  4157,
  0,
  2398,
  2039,
  1906,
  4550,
  4546,
  3316,
  972,
  4404,
  3104,
  3942,
  2900,
  2289,
  2008,
  3071,
  3783,
  2576,
  984,
  4340,
  2034,
  3457,
  1725,
  1074,
  2982,
  2633,
  888,
  4068,
  4957,
  1326,
  3049,
  3596,
  2281,
  3818,
  4779,
  1125,
  2345],
 [2851,
  2911,
  2245,
  2496,
  3188,
  1943,
  3234,
  1763,
  417,
  777,
  1909,
  1784,
  439,
  2414,
  2017,
  2257,
  1244,
  931,
  2219,
  1382,
  1644,
  1479,
  1607,
  998,
  1399,
  1459,
  1792,
  1679,
  1006,
  1917,
  795,
  972,
  2250,
  1577,
  2329,
  2386,
  818,
  531,
  1871,
  2671,
  0,
  1766,
  1633,
  2264,
  2260,
  852,
  1922,
  2006,
  706,
  2825,
  614,
  867,
  2591,
  2077,
  1385,
  1582,
  2275,
  2054,
  2214,
  1059,
  986,
  2327,
  584,
  1211,
  2141,
  1670,
  2163,
  2579,
  1643,
  1198,
  1287,
  1420,
  1262,
  1654,
  923],
 [4560,
  4620,
  3954,
  4205,
  4897,
  3652,
  4943,
  3472,
  2126,
  1563,
  2888,
  3338,
  1327,
  4123,
  3726,
  3966,
  2953,
  2640,
  1312,
  1794,
  388,
  3188,
  3316,
  1784,
  782,
  512,
  3501,
  2350,
  2715,
  2588,
  2504,
  1785,
  3959,
  3286,
  4038,
  2643,
  1604,
  2240,
  3580,
  2056,
  1709,
  0,
  133,
  3973,
  3969,
  2561,
  2593,
  3715,
  2415,
  4534,
  2323,
  2576,
  1684,
  3786,
  3094,
  3291,
  2592,
  3763,
  3642,
  2768,
  1954,
  1420,
  2293,
  2920,
  1234,
  3379,
  3872,
  1672,
  3352,
  2907,
  2996,
  3129,
  2971,
  1923,
  2632],
 [4427,
  4487,
  3821,
  4072,
  4764,
  3519,
  4810,
  3339,
  1993,
  1430,
  2755,
  3205,
  1194,
  3990,
  3593,
  3833,
  2820,
  2507,
  1179,
  1661,
  255,
  3055,
  3183,
  1651,
  649,
  379,
  3368,
  2217,
  2582,
  2455,
  2371,
  1652,
  3826,
  3153,
  3905,
  2510,
  1471,
  2107,
  3447,
  1923,
  1576,
  133,
  0,
  3840,
  3836,
  2428,
  2460,
  3582,
  2282,
  4401,
  2190,
  2443,
  1551,
  3653,
  2961,
  3158,
  2459,
  3630,
  3509,
  2635,
  1821,
  1287,
  2160,
  2787,
  1101,
  3246,
  3739,
  1539,
  3219,
  2774,
  2863,
  2996,
  2838,
  1790,
  2499],
 [3896,
  4657,
  3290,
  3541,
  4331,
  3750,
  4279,
  3570,
  2224,
  2990,
  3716,
  3591,
  2652,
  4221,
  671,
  4064,
  1850,
  1757,
  4432,
  3595,
  3857,
  1250,
  1096,
  1625,
  3612,
  3672,
  1961,
  3486,
  2901,
  3724,
  3008,
  3185,
  493,
  3384,
  4136,
  4193,
  3031,
  2338,
  759,
  4478,
  3336,
  3979,
  3846,
  0,
  503,
  2659,
  3729,
  1716,
  2513,
  3870,
  2509,
  2674,
  4804,
  3884,
  2500,
  3389,
  4082,
  942,
  4021,
  2866,
  3128,
  4540,
  2391,
  3018,
  4354,
  2256,
  1559,
  4792,
  3450,
  1784,
  3094,
  1618,
  1508,
  3867,
  2730],
 [3223,
  4250,
  2617,
  2868,
  3924,
  3343,
  3606,
  3163,
  1817,
  2583,
  3309,
  3184,
  2245,
  3814,
  498,
  3657,
  1443,
  1225,
  4025,
  3188,
  3450,
  843,
  689,
  2804,
  3205,
  3265,
  1554,
  3079,
  2494,
  3317,
  2601,
  2778,
  731,
  2977,
  3729,
  3786,
  2624,
  1931,
  352,
  4071,
  2929,
  3572,
  3439,
  745,
  0,
  2252,
  3322,
  1309,
  1450,
  3197,
  2102,
  2267,
  4397,
  3477,
  1968,
  2982,
  3675,
  535,
  3614,
  2459,
  2721,
  4133,
  1984,
  2611,
  3947,
  1849,
  1152,
  4385,
  3043,
  1377,
  2687,
  1211,
  1101,
  3460,
  2323],
 [2322,
  2382,
  1716,
  1967,
  2659,
  2112,
  2705,
  1234,
  735,
  1501,
  2227,
  2102,
  1163,
  2732,
  2423,
  3247,
  1248,
  935,
  2943,
  2106,
  2368,
  1483,
  1611,
  1722,
  2123,
  2183,
  1263,
  1997,
  1412,
  2235,
  1519,
  1696,
  2656,
  727,
  2426,
  2704,
  1542,
  287,
  1938,
  2989,
  1847,
  2490,
  2357,
  2670,
  2666,
  0,
  2240,
  1666,
  710,
  2296,
  1020,
  1036,
  3315,
  1483,
  856,
  1892,
  2593,
  2121,
  2532,
  530,
  1639,
  3051,
  560,
  1380,
  2865,
  1330,
  1823,
  3303,
  1114,
  1202,
  1605,
  1424,
  1266,
  2378,
  900],
 [4277,
  3891,
  3671,
  3922,
  4543,
  2393,
  4214,
  2566,
  1731,
  1462,
  610,
  1060,
  1124,
  2845,
  3331,
  2707,
  2670,
  2357,
  2904,
  1600,
  2329,
  2905,
  3033,
  1683,
  2084,
  2144,
  3218,
  259,
  2320,
  497,
  1480,
  1814,
  3564,
  2027,
  2779,
  996,
  1503,
  1957,
  3185,
  1281,
  1426,
  2451,
  2318,
  3578,
  3574,
  2344,
  0,
  3432,
  2132,
  2970,
  1928,
  1317,
  3276,
  2508,
  2811,
  2013,
  885,
  3368,
  1379,
  2485,
  753,
  2059,
  2010,
  1661,
  2155,
  3096,
  3985,
  2311,
  2318,
  2624,
  1718,
  2846,
  2688,
  1604,
  1373],
 [2143,
  2203,
  1537,
  1788,
  2480,
  3651,
  2526,
  2612,
  2022,
  2788,
  3514,
  3389,
  2450,
  4019,
  1567,
  3068,
  937,
  1164,
  4230,
  3393,
  3655,
  1274,
  1402,
  3009,
  3410,
  3470,
  474,
  3284,
  2699,
  3522,
  2806,
  2983,
  1800,
  2105,
  3140,
  3991,
  2829,
  1702,
  957,
  4276,
  3134,
  3777,
  3644,
  1814,
  1810,
  1701,
  3527,
  0,
  1300,
  2117,
  2307,
  2472,
  4602,
  2861,
  1051,
  3187,
  3880,
  774,
  3819,
  1271,
  2926,
  4338,
  1804,
  2816,
  4152,
  715,
  157,
  4590,
  2492,
  891,
  2892,
  1289,
  1179,
  3665,
  2144],
 [2218,
  2278,
  1612,
  1863,
  2555,
  2056,
  2601,
  1683,
  679,
  1445,
  2171,
  2046,
  1107,
  2676,
  1710,
  2370,
  538,
  225,
  2887,
  2050,
  2312,
  773,
  901,
  1666,
  2067,
  2127,
  910,
  1941,
  1356,
  2179,
  1463,
  1640,
  1943,
  1176,
  2442,
  2648,
  1486,
  451,
  1228,
  2933,
  1791,
  2434,
  2301,
  1957,
  1953,
  772,
  2184,
  1300,
  0,
  2192,
  964,
  980,
  3259,
  1932,
  752,
  1836,
  2537,
  1411,
  2476,
  581,
  1583,
  2995,
  504,
  1324,
  2809,
  964,
  1457,
  3247,
  1563,
  492,
  1549,
  714,
  556,
  2322,
  844],
 [1560,
  1158,
  954,
  743,
  1810,
  1534,
  1481,
  1797,
  2337,
  3103,
  2920,
  2795,
  2765,
  3425,
  4069,
  951,
  2309,
  2284,
  4545,
  4024,
  3970,
  2646,
  2774,
  3324,
  3725,
  3785,
  1846,
  2713,
  3058,
  2951,
  3121,
  3298,
  4302,
  1386,
  1023,
  3420,
  3144,
  1990,
  2887,
  3705,
  3449,
  4092,
  3959,
  4316,
  4312,
  1703,
  2956,
  2249,
  2534,
  0,
  2666,
  1852,
  4917,
  2177,
  1799,
  1811,
  3309,
  2704,
  3225,
  2019,
  2355,
  4483,
  2263,
  1210,
  4467,
  1913,
  2406,
  4735,
  1677,
  2263,
  2083,
  2661,
  2615,
  4028,
  1716],
 [4267,
  4327,
  3661,
  3912,
  4604,
  4121,
  4650,
  3941,
  2595,
  3361,
  4087,
  3962,
  3023,
  4592,
  1403,
  4435,
  2221,
  2128,
  4803,
  3966,
  4228,
  1748,
  1594,
  3582,
  3983,
  4043,
  2459,
  3857,
  392,
  4095,
  3379,
  3556,
  1636,
  3755,
  4507,
  4564,
  3402,
  2709,
  1257,
  4849,
  3707,
  4350,
  4217,
  1650,
  1646,
  3030,
  4100,
  2214,
  2884,
  4241,
  0,
  3045,
  3945,
  4255,
  2871,
  3760,
  4453,
  1440,
  4392,
  3237,
  3499,
  4911,
  2762,
  3389,
  4725,
  2627,
  2057,
  5163,
  3821,
  2155,
  3465,
  1989,
  1879,
  4238,
  3101],
 [2932,
  2574,
  2326,
  2115,
  3226,
  1076,
  2897,
  1121,
  962,
  1728,
  1545,
  1420,
  1390,
  2050,
  2694,
  1390,
  1697,
  1384,
  3170,
  2649,
  2595,
  1932,
  2060,
  1949,
  2350,
  2410,
  2290,
  1338,
  1683,
  1576,
  1746,
  1923,
  2927,
  710,
  1462,
  2045,
  1769,
  1314,
  2548,
  2330,
  2074,
  2717,
  2584,
  2941,
  2937,
  1027,
  1581,
  2693,
  1159,
  1653,
  1291,
  0,
  3542,
  1222,
  1883,
  856,
  1934,
  2731,
  1850,
  1557,
  980,
  3108,
  1587,
  344,
  3092,
  2357,
  2850,
  3360,
  1001,
  1651,
  1128,
  1873,
  1715,
  2653,
  341],
 [4579,
  5169,
  3973,
  4224,
  4916,
  3671,
  5492,
  3491,
  2145,
  1582,
  2151,
  2601,
  1346,
  4142,
  3745,
  3985,
  2972,
  2659,
  575,
  1057,
  716,
  3207,
  3335,
  1803,
  801,
  531,
  3520,
  2102,
  2734,
  2340,
  1598,
  1048,
  3978,
  3305,
  4057,
  1906,
  1623,
  2259,
  3599,
  1319,
  1728,
  838,
  705,
  3992,
  3988,
  2580,
  1843,
  3734,
  2434,
  4248,
  2342,
  2595,
  0,
  3805,
  3113,
  3310,
  1855,
  3782,
  2905,
  2787,
  1973,
  683,
  2312,
  2939,
  497,
  3398,
  3891,
  935,
  3371,
  2926,
  3015,
  3148,
  2990,
  1186,
  2651],
 [3310,
  2908,
  2704,
  2493,
  3560,
  1454,
  3231,
  604,
  2036,
  2731,
  1854,
  1729,
  2393,
  2359,
  3710,
  1687,
  2549,
  2236,
  4173,
  3274,
  3598,
  2784,
  2912,
  2952,
  3353,
  3413,
  2564,
  2380,
  2699,
  2618,
  2749,
  3488,
  3943,
  984,
  943,
  2670,
  2772,
  1588,
  3239,
  2955,
  2695,
  3720,
  3587,
  3957,
  3953,
  1301,
  2677,
  2967,
  2011,
  2031,
  2307,
  1682,
  4963,
  0,
  2157,
  648,
  2689,
  3422,
  2159,
  1831,
  2022,
  3733,
  1861,
  1046,
  3829,
  2631,
  3124,
  3985,
  524,
  2503,
  920,
  2725,
  2567,
  3278,
  1406],
 [1466,
  1526,
  860,
  1111,
  1803,
  2974,
  1849,
  1935,
  1473,
  2239,
  2965,
  2840,
  1901,
  3470,
  2058,
  2391,
  870,
  975,
  3681,
  2844,
  3106,
  1207,
  1335,
  2460,
  2861,
  2921,
  407,
  2735,
  2150,
  2973,
  2257,
  2434,
  2291,
  1428,
  2463,
  3442,
  2280,
  1025,
  1448,
  3727,
  2585,
  3228,
  3095,
  2305,
  2301,
  1024,
  2978,
  810,
  984,
  1440,
  1758,
  1774,
  4053,
  2184,
  0,
  2229,
  3331,
  1265,
  3270,
  594,
  2377,
  3789,
  1298,
  2118,
  3603,
  474,
  967,
  4041,
  1815,
  824,
  2343,
  1222,
  1112,
  3116,
  1638],
 [3413,
  3055,
  2807,
  2596,
  3707,
  1557,
  3378,
  877,
  1462,
  2083,
  1206,
  1081,
  1745,
  1711,
  3062,
  1871,
  2541,
  2228,
  3525,
  2626,
  2950,
  2776,
  2904,
  2304,
  2705,
  2765,
  2837,
  1732,
  2051,
  1970,
  2101,
  2840,
  3295,
  1257,
  1762,
  2022,
  2124,
  1861,
  2916,
  2307,
  2047,
  3072,
  2939,
  3309,
  3305,
  1574,
  2029,
  3240,
  2003,
  2134,
  1659,
  1034,
  4315,
  819,
  2430,
  0,
  2041,
  3099,
  1511,
  2104,
  1374,
  3085,
  2134,
  825,
  3181,
  2904,
  3397,
  3337,
  797,
  2495,
  272,
  2717,
  2559,
  2630,
  1185],
 [4535,
  4177,
  3929,
  3718,
  4829,
  2679,
  4500,
  2145,
  2017,
  1748,
  296,
  746,
  1410,
  2424,
  3617,
  2993,
  2956,
  2643,
  3190,
  1742,
  2615,
  3191,
  3319,
  1969,
  2370,
  2430,
  3504,
  723,
  2606,
  961,
  1766,
  1956,
  3850,
  2313,
  3030,
  1138,
  1789,
  2243,
  3471,
  1423,
  1712,
  2737,
  2604,
  3864,
  3860,
  2630,
  1145,
  3718,
  2418,
  3256,
  2214,
  1603,
  3431,
  2087,
  3097,
  1592,
  0,
  3654,
  1065,
  2771,
  1039,
  2201,
  2296,
  1947,
  2297,
  3382,
  4271,
  2453,
  2065,
  2910,
  1297,
  3132,
  2974,
  1746,
  1659],
 [2693,
  2753,
  2087,
  2338,
  3030,
  3538,
  3076,
  3358,
  2012,
  2778,
  3504,
  3379,
  2440,
  4009,
  793,
  3852,
  1277,
  1184,
  4220,
  3383,
  3645,
  802,
  648,
  2999,
  3400,
  3460,
  1024,
  3274,
  2689,
  3512,
  2796,
  2973,
  1026,
  3172,
  3924,
  3981,
  2819,
  2126,
  183,
  4266,
  3124,
  3767,
  3634,
  1040,
  1036,
  2447,
  3517,
  774,
  1409,
  2667,
  2297,
  2462,
  4592,
  3672,
  1601,
  3177,
  3870,
  0,
  3809,
  1821,
  2916,
  4328,
  2179,
  2806,
  4142,
  1053,
  617,
  4580,
  3238,
  1211,
  2882,
  965,
  1296,
  3655,
  2518],
 [4457,
  4099,
  3851,
  3640,
  4751,
  2601,
  4422,
  2067,
  1939,
  1670,
  611,
  668,
  1332,
  2346,
  3539,
  2915,
  2878,
  2565,
  3112,
  2031,
  2537,
  3113,
  3241,
  1891,
  2292,
  2352,
  3426,
  1693,
  2528,
  1931,
  1688,
  2245,
  3772,
  2235,
  2952,
  1427,
  1711,
  2165,
  3393,
  1712,
  1634,
  2659,
  2526,
  3786,
  3782,
  2552,
  1434,
  3640,
  2340,
  3178,
  2136,
  1525,
  3720,
  2009,
  3019,
  1514,
  1446,
  3576,
  0,
  2693,
  961,
  2490,
  2218,
  1869,
  2586,
  3304,
  4193,
  2742,
  1987,
  2832,
  1219,
  3054,
  2896,
  2035,
  1581],
 [1792,
  1852,
  1186,
  1437,
  2129,
  2429,
  2175,
  1514,
  1052,
  1818,
  2544,
  2419,
  1480,
  3049,
  2384,
  2717,
  1196,
  811,
  3260,
  2423,
  2685,
  1359,
  1487,
  2039,
  2440,
  2500,
  733,
  2314,
  1729,
  2552,
  1836,
  2013,
  2617,
  1007,
  2789,
  3021,
  1859,
  604,
  1774,
  3306,
  2164,
  2807,
  2674,
  2631,
  2627,
  603,
  2557,
  1136,
  820,
  1766,
  1337,
  1353,
  3632,
  1763,
  326,
  1808,
  2910,
  1591,
  2849,
  0,
  1956,
  3368,
  877,
  1697,
  3182,
  800,
  1293,
  3620,
  1394,
  909,
  1922,
  1300,
  1142,
  2695,
  1217],
 [3496,
  3138,
  2890,
  2679,
  3790,
  1640,
  3461,
  1813,
  978,
  1656,
  1587,
  1462,
  1318,
  2092,
  2578,
  1954,
  1976,
  1663,
  3098,
  2668,
  2523,
  2211,
  2339,
  1877,
  2278,
  2338,
  2854,
  1357,
  1567,
  1595,
  1674,
  1851,
  2811,
  1274,
  2026,
  2064,
  1697,
  1878,
  2432,
  2349,
  2002,
  2645,
  2512,
  2825,
  2821,
  1591,
  1600,
  2738,
  1438,
  2217,
  1175,
  564,
  3470,
  1755,
  2447,
  1260,
  1953,
  2615,
  1892,
  2121,
  0,
  3206,
  1316,
  908,
  3020,
  2402,
  3232,
  3458,
  1565,
  1930,
  965,
  2152,
  1994,
  2672,
  620],
 [5154,
  5744,
  4548,
  4799,
  5491,
  4246,
  6067,
  3528,
  2720,
  2157,
  1679,
  2129,
  1921,
  3807,
  4320,
  4560,
  3547,
  3234,
  1106,
  464,
  1291,
  3782,
  3910,
  2378,
  1376,
  1106,
  4095,
  1630,
  3309,
  1868,
  1005,
  455,
  4553,
  3880,
  4413,
  1434,
  2198,
  2834,
  4174,
  1084,
  2303,
  1413,
  1280,
  4567,
  4563,
  3155,
  1371,
  4309,
  3009,
  4823,
  2917,
  3170,
  1478,
  3470,
  3688,
  2975,
  1383,
  4357,
  2433,
  3362,
  2124,
  0,
  2887,
  3514,
  186,
  3973,
  4466,
  252,
  3448,
  3501,
  2680,
  3723,
  3565,
  503,
  3226],
 [2740,
  3050,
  2134,
  2385,
  3702,
  1552,
  3373,
  1597,
  345,
  1111,
  1782,
  1657,
  773,
  2287,
  2033,
  1866,
  1133,
  820,
  2553,
  1716,
  1978,
  1368,
  1496,
  1332,
  1733,
  1793,
  1681,
  1575,
  1022,
  1813,
  1129,
  1306,
  2266,
  1186,
  1938,
  2282,
  1152,
  420,
  1887,
  2567,
  1457,
  2100,
  1967,
  2280,
  2276,
  741,
  1818,
  1895,
  595,
  2129,
  630,
  476,
  2925,
  1698,
  1274,
  1332,
  2171,
  2070,
  2087,
  948,
  1217,
  2661,
  0,
  820,
  2475,
  1559,
  2052,
  2913,
  1477,
  1087,
  1160,
  1309,
  1151,
  1988,
  340],
 [2588,
  2230,
  1982,
  1771,
  2882,
  732,
  2553,
  777,
  1337,
  2103,
  1920,
  1795,
  1765,
  2425,
  3069,
  1046,
  1931,
  1618,
  3545,
  3024,
  2970,
  2166,
  2294,
  2324,
  2725,
  2785,
  1946,
  1713,
  2058,
  1951,
  2121,
  2298,
  3302,
  366,
  1118,
  2420,
  2144,
  970,
  2621,
  2705,
  2449,
  3092,
  2959,
  3316,
  3312,
  683,
  1956,
  2349,
  1393,
  1309,
  1666,
  852,
  3917,
  1026,
  1539,
  811,
  2309,
  2804,
  2225,
  1213,
  1355,
  3483,
  1243,
  0,
  3467,
  2013,
  2506,
  3735,
  657,
  1885,
  1083,
  2107,
  1949,
  3028,
  716],
 [4968,
  5558,
  4362,
  4613,
  5305,
  4060,
  5881,
  3579,
  2534,
  1971,
  1730,
  2180,
  1735,
  3858,
  4134,
  4374,
  3361,
  3048,
  920,
  560,
  1105,
  3596,
  3724,
  2192,
  1190,
  920,
  3909,
  1681,
  3123,
  1919,
  1101,
  551,
  4367,
  3694,
  4464,
  1485,
  2012,
  2648,
  3988,
  898,
  2117,
  1227,
  1094,
  4381,
  4377,
  2969,
  1422,
  4123,
  2823,
  4637,
  2731,
  2984,
  1292,
  3521,
  3502,
  3026,
  1434,
  4171,
  2484,
  3176,
  2175,
  186,
  2701,
  3328,
  0,
  3787,
  4280,
  438,
  3760,
  3315,
  2731,
  3537,
  3379,
  689,
  3040],
 [1984,
  2044,
  1378,
  1629,
  2321,
  3368,
  2367,
  2453,
  1991,
  2757,
  3483,
  3358,
  2419,
  3988,
  1903,
  2909,
  1027,
  1132,
  4199,
  3362,
  3624,
  1233,
  1361,
  2978,
  3379,
  3439,
  564,
  3253,
  2668,
  3491,
  2775,
  2952,
  2136,
  1946,
  2981,
  3960,
  2798,
  1543,
  1293,
  4245,
  3103,
  3746,
  3613,
  2150,
  2146,
  1542,
  3496,
  336,
  1141,
  1958,
  2276,
  2292,
  4571,
  2702,
  892,
  2747,
  3849,
  1110,
  3788,
  1112,
  2895,
  4307,
  1816,
  2636,
  4121,
  0,
  493,
  4559,
  2333,
  981,
  2861,
  1379,
  1269,
  3634,
  2156],
 [2300,
  2360,
  1694,
  1945,
  2637,
  4155,
  2683,
  2769,
  2629,
  3395,
  4121,
  3996,
  3057,
  4626,
  1410,
  3225,
  1094,
  1321,
  4837,
  4000,
  4262,
  1044,
  1172,
  3616,
  4017,
  4077,
  631,
  3891,
  3306,
  4129,
  3413,
  3590,
  1643,
  2262,
  3297,
  4598,
  3436,
  1859,
  800,
  4883,
  3741,
  4384,
  4251,
  1657,
  1653,
  1858,
  4134,
  157,
  1457,
  2274,
  2914,
  3079,
  5209,
  3018,
  1208,
  3794,
  4487,
  617,
  4426,
  1428,
  3533,
  4945,
  1961,
  3423,
  4759,
  823,
  0,
  5197,
  2649,
  1048,
  3499,
  1207,
  1336,
  4272,
  2301],
 [5406,
  5053,
  4800,
  5051,
  5705,
  3555,
  5376,
  3319,
  2972,
  2409,
  1470,
  1920,
  2173,
  3598,
  4572,
  3869,
  3799,
  3486,
  1358,
  716,
  1543,
  4034,
  4162,
  2630,
  1628,
  1358,
  4347,
  1421,
  3561,
  1659,
  1257,
  707,
  4805,
  3189,
  4204,
  1225,
  2450,
  3086,
  4426,
  1336,
  2555,
  1665,
  1532,
  4819,
  4815,
  3407,
  1162,
  4561,
  3261,
  4132,
  3169,
  2479,
  1730,
  3261,
  3940,
  2766,
  1174,
  4609,
  2224,
  3614,
  1915,
  252,
  3139,
  2823,
  438,
  4225,
  5226,
  0,
  3239,
  3753,
  2471,
  3975,
  3817,
  251,
  2535],
 [3465,
  2981,
  2859,
  2522,
  3633,
  1483,
  3304,
  446,
  1878,
  2644,
  1925,
  1800,
  2306,
  2430,
  3566,
  2056,
  2391,
  2078,
  4086,
  3345,
  3511,
  2626,
  2754,
  2865,
  3266,
  3326,
  2406,
  2451,
  2555,
  2689,
  2662,
  3559,
  3799,
  826,
  1312,
  2741,
  2685,
  1430,
  3081,
  3026,
  2766,
  3633,
  3500,
  3813,
  3809,
  1143,
  2748,
  2809,
  1853,
  2060,
  2163,
  1583,
  4458,
  369,
  1999,
  719,
  2760,
  3264,
  2230,
  1673,
  2093,
  3804,
  1703,
  941,
  3900,
  2473,
  2966,
  4056,
  0,
  2345,
  991,
  2567,
  2409,
  3349,
  1447],
 [2112,
  2172,
  1506,
  1757,
  2449,
  3340,
  2495,
  2581,
  1814,
  2580,
  3306,
  3181,
  2242,
  3811,
  1550,
  3037,
  729,
  718,
  4022,
  3185,
  3447,
  613,
  741,
  2801,
  3202,
  3262,
  591,
  3076,
  2491,
  3314,
  2598,
  2775,
  1783,
  2074,
  3109,
  3783,
  2621,
  1671,
  1068,
  4068,
  2926,
  3569,
  3436,
  1797,
  1793,
  1670,
  3319,
  808,
  1092,
  2086,
  2099,
  2264,
  4394,
  2830,
  1020,
  2979,
  3672,
  1263,
  3611,
  1240,
  2718,
  4130,
  1596,
  2608,
  3944,
  472,
  965,
  4382,
  2461,
  0,
  2684,
  757,
  971,
  3457,
  1936],
 [3694,
  3336,
  3088,
  2877,
  3988,
  1838,
  3659,
  1779,
  1190,
  1811,
  934,
  809,
  1473,
  1439,
  2790,
  2152,
  2174,
  1861,
  3253,
  2354,
  2678,
  2409,
  2537,
  2032,
  2433,
  2493,
  3052,
  1460,
  1779,
  1698,
  1829,
  2568,
  3023,
  1472,
  2224,
  1750,
  1852,
  2076,
  2644,
  2035,
  1775,
  2800,
  2667,
  3037,
  3033,
  1789,
  1757,
  2936,
  1636,
  2415,
  1387,
  762,
  3625,
  1721,
  2645,
  1226,
  1769,
  2827,
  1239,
  2319,
  1102,
  2813,
  1514,
  1106,
  2909,
  2600,
  3444,
  3065,
  1763,
  2128,
  0,
  2350,
  2192,
  2358,
  818],
 [2580,
  2640,
  1974,
  2225,
  2917,
  2581,
  2963,
  2401,
  1055,
  1821,
  2547,
  2422,
  1483,
  3052,
  1252,
  2895,
  534,
  441,
  3263,
  2426,
  2688,
  315,
  299,
  2042,
  2443,
  2503,
  1044,
  2317,
  1732,
  2555,
  1839,
  2016,
  1485,
  2215,
  2967,
  3024,
  1862,
  1169,
  770,
  3309,
  2167,
  2810,
  2677,
  1499,
  1495,
  1490,
  2560,
  1276,
  666,
  2554,
  1340,
  1505,
  3635,
  2715,
  1184,
  2220,
  2913,
  953,
  2852,
  1247,
  1959,
  3371,
  1170,
  1849,
  3185,
  940,
  1203,
  3623,
  2281,
  468,
  1925,
  0,
  192,
  2698,
  1561],
 [2388,
  2448,
  1782,
  2033,
  2725,
  2633,
  2771,
  2157,
  1107,
  1873,
  2599,
  2474,
  1535,
  3104,
  1398,
  2947,
  342,
  249,
  3315,
  2478,
  2740,
  461,
  589,
  2094,
  2495,
  2555,
  903,
  2369,
  1784,
  2607,
  1891,
  2068,
  1631,
  1650,
  3019,
  3076,
  1914,
  925,
  916,
  3361,
  2219,
  2862,
  2729,
  1645,
  1641,
  1246,
  2612,
  1084,
  474,
  2362,
  1392,
  1557,
  3687,
  2406,
  992,
  2272,
  2965,
  1099,
  2904,
  1055,
  2011,
  3423,
  978,
  1901,
  3237,
  748,
  1241,
  3675,
  2037,
  276,
  1977,
  402,
  0,
  2750,
  1318],
 [5160,
  4802,
  4554,
  4343,
  5454,
  3304,
  5125,
  3068,
  2642,
  2373,
  1219,
  1669,
  2035,
  3347,
  4242,
  3618,
  3581,
  3268,
  1747,
  272,
  1932,
  3816,
  3944,
  2594,
  2017,
  1747,
  4129,
  1170,
  3231,
  1408,
  1508,
  486,
  4475,
  2938,
  3953,
  974,
  2414,
  2868,
  4096,
  1259,
  2337,
  2054,
  1921,
  4489,
  4485,
  3255,
  911,
  4343,
  3043,
  3881,
  2839,
  2228,
  2119,
  3010,
  3722,
  2515,
  923,
  4279,
  1973,
  3396,
  1664,
  503,
  2921,
  2572,
  827,
  4007,
  4896,
  251,
  2988,
  3535,
  2220,
  3757,
  4718,
  0,
  2284],
 [3068,
  2710,
  2462,
  2251,
  3362,
  1212,
  3033,
  1257,
  991,
  1669,
  1442,
  1317,
  1331,
  1947,
  2591,
  1526,
  1833,
  1520,
  3111,
  2546,
  2536,
  2068,
  2196,
  1890,
  2291,
  2351,
  2426,
  1235,
  1580,
  1473,
  1687,
  1864,
  2824,
  846,
  1598,
  1942,
  1710,
  1450,
  2445,
  2227,
  2283,
  2658,
  2525,
  2838,
  2834,
  1163,
  1478,
  2829,
  1295,
  1789,
  1188,
  136,
  3483,
  1358,
  2019,
  992,
  1831,
  2628,
  1747,
  1693,
  877,
  3005,
  1723,
  480,
  3033,
  2493,
  2986,
  3257,
  1137,
  1787,
  820,
  2009,
  1851,
  2550,
  0]]
