[[0,
  218,
  2720,
  3094,
  3380,
  3578,
  2852,
  3091,
  3575,
  1257,
  3099,
  2989,
  2664,
  2765,
  2547,
  2483,
  1548,
  2783,
  2895,
  2055,
  1229,
  2563,
  2430,
  2194,
  2630,
  1727,
  1872,
  3360,
  2630,
  1290,
  3245,
  1225,
  3611,
  5532,
  5984,
  5450,
  5305,
  4617,
  4219,
  2198,
  3318,
  3761,
  4868,
  5057,
  4076,
  2722,
  1829,
  2760,
  4590,
  4121,
  5722,
  2449,
  1497,
  3209,
  3002,
  2552,
  3958,
  3113,
  960,
  2653,
  5483,
  2838,
  1844,
  766,
  3327,
  597,
  570,
  1300,
  1172,
  5002,
  2588,
  1328,
  1891,
  5430,
  622,
  1815,
  6025,
  3525,
  3767,
  2477,
  742,
  3330,
  2794,
  2268],
 [218,
  0,
  2938,
  3312,
  3598,
  3796,
  3070,
  3309,
  3793,
  1475,
  3317,
  3207,
  2882,
  2983,
  2765,
  2701,
  1766,
  3001,
  3113,
  2273,
  1447,
  2781,
  2648,
  2412,
  2848,
  1945,
  2090,
  3578,
  2848,
  1508,
  3463,
  1443,
  3829,
  5750,
  6202,
  5668,
  5523,
  4835,
  4437,
  2416,
  3536,
  3979,
  5086,
  5275,
  4294,
  2940,
  2047,
  2978,
  4808,
  4339,
  5940,
  2667,
  1715,
  3427,
  3220,
  2770,
  4176,
  3331,
  742,
  2871,
  5701,
  3056,
  2062,
  984,
  3545,
  815,
  788,
  1518,
  954,
  5220,
  2806,
  1110,
  2109,
  5648,
  404,
  2033,
  6243,
  3743,
  3985,
  2695,
  960,
  3548,
  3012,
  2486],
 [2713,
  2931,
  0,
  628,
  3498,
  1151,
  3693,
  842,
  4416,
  2098,
  3940,
  947,
  3505,
  967,
  749,
  261,
  1919,
  3624,
  1234,
  737,
  1996,
  3404,
  3271,
  3035,
  433,
  2568,
  2639,
  353,
  1193,
  1431,
  4086,
  1596,
  4452,
  2358,
  2734,
  2200,
  2201,
  1515,
  3124,
  2132,
  3252,
  2826,
  3773,
  3962,
  2981,
  22,
  1946,
  954,
  3495,
  3186,
  2472,
  1541,
  2264,
  697,
  3843,
  3393,
  1709,
  3954,
  2948,
  3494,
  4388,
  2772,
  2685,
  1947,
  1078,
  2116,
  2143,
  2067,
  2954,
  1898,
  3132,
  2697,
  2435,
  2180,
  3335,
  906,
  2775,
  1276,
  4608,
  2411,
  1971,
  383,
  3635,
  2812],
 [3081,
  3299,
  628,
  0,
  3418,
  916,
  3254,
  429,
  4784,
  2466,
  3137,
  105,
  3873,
  1595,
  1377,
  889,
  1960,
  2847,
  233,
  1038,
  2364,
  3772,
  3639,
  3403,
  221,
  2936,
  3007,
  275,
  573,
  2009,
  4454,
  1964,
  4820,
  1945,
  2321,
  1787,
  1788,
  1102,
  2711,
  1512,
  2632,
  2413,
  3360,
  3549,
  2568,
  650,
  1326,
  334,
  3082,
  2773,
  2059,
  921,
  2632,
  1325,
  4211,
  3761,
  1296,
  4322,
  3316,
  3055,
  3975,
  2152,
  3053,
  2315,
  665,
  2484,
  2511,
  2435,
  3322,
  1485,
  2512,
  3065,
  1815,
  1767,
  3703,
  1534,
  2362,
  863,
  4976,
  1791,
  2339,
  289,
  4003,
  2192],
 [3385,
  3603,
  4159,
  4533,
  0,
  4024,
  1004,
  3537,
  3782,
  2173,
  281,
  4428,
  1616,
  4204,
  3986,
  3922,
  2987,
  597,
  4334,
  3494,
  2668,
  2770,
  1791,
  1962,
  3978,
  2246,
  3311,
  3914,
  4069,
  2729,
  3452,
  2664,
  1788,
  3751,
  4203,
  3669,
  3524,
  2836,
  2438,
  3637,
  1228,
  778,
  3231,
  3420,
  2439,
  4161,
  3268,
  4199,
  2953,
  1138,
  3941,
  3888,
  2936,
  4648,
  3209,
  2759,
  3992,
  1290,
  3620,
  805,
  3846,
  920,
  1843,
  2619,
  3773,
  2788,
  2815,
  2739,
  3626,
  3221,
  906,
  3369,
  1603,
  3649,
  4007,
  3254,
  4244,
  3971,
  1944,
  1471,
  2643,
  3884,
  1848,
  1226],
 [3477,
  3695,
  825,
  828,
  3166,
  0,
  3650,
  398,
  5180,
  2862,
  3533,
  723,
  4269,
  1792,
  1574,
  1086,
  2356,
  3243,
  1010,
  1562,
  2760,
  4168,
  4035,
  3799,
  536,
  3332,
  3403,
  472,
  969,
  2405,
  4850,
  2360,
  5216,
  2026,
  1950,
  1416,
  1869,
  1183,
  2792,
  1908,
  3028,
  2494,
  3441,
  3630,
  2649,
  847,
  1722,
  730,
  3163,
  2854,
  1688,
  1317,
  3028,
  1113,
  4607,
  4157,
  925,
  4718,
  3712,
  3451,
  4056,
  2548,
  3449,
  2711,
  294,
  2880,
  2907,
  2831,
  3718,
  1566,
  2908,
  3461,
  2211,
  1396,
  4099,
  1731,
  1991,
  492,
  5372,
  2187,
  2735,
  857,
  4399,
  2588],
 [3177,
  3395,
  3951,
  4325,
  1121,
  4809,
  0,
  4322,
  2683,
  1965,
  840,
  4220,
  612,
  3996,
  3778,
  3714,
  2779,
  524,
  4126,
  3286,
  2460,
  1671,
  787,
  958,
  3861,
  1719,
  3103,
  4591,
  3861,
  2521,
  2353,
  2456,
  784,
  6346,
  6798,
  6264,
  6119,
  5431,
  5033,
  3429,
  4549,
  1899,
  5046,
  5235,
  5034,
  3953,
  3060,
  3991,
  4768,
  3815,
  6536,
  3680,
  2728,
  4440,
  2110,
  1660,
  5189,
  286,
  3412,
  316,
  5661,
  4069,
  1374,
  2411,
  4558,
  2580,
  2607,
  2531,
  3418,
  5816,
  859,
  3161,
  1556,
  6244,
  3799,
  3046,
  6839,
  4756,
  940,
  3708,
  2435,
  4561,
  824,
  1179],
 [3079,
  3297,
  842,
  430,
  2768,
  487,
  3252,
  0,
  4782,
  2464,
  3135,
  325,
  3871,
  1809,
  1591,
  1103,
  1958,
  2845,
  612,
  1579,
  2362,
  3770,
  3637,
  3401,
  553,
  2934,
  3005,
  489,
  571,
  2007,
  4452,
  1962,
  4818,
  1628,
  1892,
  1358,
  1471,
  785,
  2394,
  1510,
  2630,
  2096,
  3043,
  3232,
  2251,
  864,
  1324,
  332,
  2765,
  2456,
  1630,
  919,
  2630,
  1539,
  4209,
  3759,
  867,
  4320,
  3314,
  3053,
  3658,
  2150,
  3051,
  2313,
  236,
  2482,
  2509,
  2433,
  3320,
  1168,
  2510,
  3063,
  1813,
  1338,
  3701,
  1748,
  1933,
  434,
  4974,
  1789,
  2337,
  459,
  4001,
  2190],
 [3700,
  3918,
  4474,
  4848,
  3748,
  5332,
  2835,
  4845,
  0,
  2488,
  3467,
  4743,
  2251,
  4519,
  4301,
  4237,
  3302,
  3151,
  4649,
  3809,
  2983,
  1688,
  2017,
  1781,
  4384,
  2242,
  3626,
  5114,
  4384,
  3044,
  1669,
  2979,
  3198,
  7286,
  7738,
  7204,
  7059,
  6371,
  5973,
  3952,
  5072,
  5515,
  6622,
  6811,
  5830,
  4476,
  3583,
  4514,
  6344,
  5875,
  7476,
  4203,
  3251,
  4963,
  1426,
  1322,
  5712,
  2700,
  3935,
  2943,
  7237,
  4592,
  2015,
  2934,
  5081,
  3103,
  3130,
  3054,
  3941,
  6756,
  3486,
  3684,
  3645,
  7184,
  4322,
  3569,
  7779,
  5279,
  3354,
  4231,
  2958,
  5084,
  2381,
  3806],
 [1212,
  1430,
  1986,
  2360,
  2720,
  2844,
  2192,
  2357,
  2915,
  0,
  2439,
  2255,
  2004,
  2031,
  1813,
  1749,
  814,
  2123,
  2161,
  1321,
  495,
  1903,
  1770,
  1534,
  1896,
  1067,
  1138,
  2626,
  1896,
  556,
  2585,
  491,
  2951,
  4798,
  5250,
  4716,
  4571,
  3883,
  3485,
  1464,
  2584,
  3027,
  4134,
  4323,
  3342,
  1988,
  1095,
  2026,
  3856,
  3387,
  4988,
  1715,
  763,
  2475,
  2342,
  1892,
  3224,
  2453,
  1447,
  1993,
  4749,
  2104,
  1184,
  446,
  2593,
  615,
  642,
  566,
  1453,
  4268,
  1854,
  1196,
  1157,
  4696,
  1834,
  1081,
  5291,
  2791,
  3107,
  1743,
  470,
  2596,
  2134,
  1534],
 [3104,
  3322,
  3878,
  4252,
  281,
  4736,
  723,
  4249,
  3501,
  1892,
  0,
  4147,
  1335,
  3923,
  3705,
  3641,
  2706,
  316,
  4053,
  3213,
  2387,
  2489,
  1510,
  1681,
  3788,
  1965,
  3030,
  4518,
  3788,
  2448,
  3171,
  2383,
  1507,
  4032,
  4484,
  3950,
  3805,
  3117,
  2719,
  3356,
  1509,
  1059,
  3512,
  3701,
  2720,
  3880,
  2987,
  3918,
  3234,
  1419,
  4222,
  3607,
  2655,
  4367,
  2928,
  2478,
  4273,
  1009,
  3339,
  524,
  4127,
  1201,
  1562,
  2338,
  4485,
  2507,
  2534,
  2458,
  3345,
  3502,
  625,
  3088,
  1322,
  3930,
  3726,
  2973,
  4525,
  4683,
  1663,
  3635,
  2362,
  4488,
  1567,
  945],
 [2976,
  3194,
  946,
  105,
  3313,
  811,
  3149,
  324,
  4679,
  2361,
  3032,
  0,
  3768,
  1913,
  1695,
  1207,
  1855,
  2742,
  128,
  1143,
  2259,
  3667,
  3534,
  3298,
  326,
  2831,
  2902,
  593,
  468,
  1904,
  4349,
  1859,
  4715,
  1840,
  2216,
  1682,
  1683,
  997,
  2606,
  1407,
  2527,
  2308,
  3255,
  3444,
  2463,
  968,
  1221,
  229,
  2977,
  2668,
  1954,
  816,
  2527,
  1643,
  4106,
  3656,
  1191,
  4217,
  3211,
  2950,
  3870,
  2047,
  2948,
  2210,
  560,
  2379,
  2406,
  2330,
  3217,
  1380,
  2407,
  2960,
  1710,
  1662,
  3598,
  1852,
  2257,
  758,
  4871,
  1686,
  2234,
  563,
  3898,
  2087],
 [2405,
  2623,
  3179,
  3553,
  1586,
  4037,
  1058,
  3550,
  2218,
  1193,
  1305,
  3448,
  0,
  3224,
  3006,
  2942,
  2007,
  989,
  3354,
  2514,
  1688,
  1206,
  322,
  493,
  3089,
  1266,
  2331,
  3819,
  3089,
  1749,
  1888,
  1684,
  1116,
  5991,
  6443,
  5909,
  5764,
  5076,
  4678,
  2657,
  3777,
  4220,
  5327,
  5516,
  4535,
  3181,
  2288,
  3219,
  5049,
  4147,
  6181,
  2908,
  1956,
  3668,
  1645,
  1195,
  4417,
  618,
  2640,
  859,
  5942,
  3297,
  863,
  1639,
  3786,
  1808,
  1835,
  1759,
  2646,
  5461,
  1324,
  2389,
  2021,
  5889,
  3027,
  2274,
  6484,
  3984,
  1272,
  2936,
  1663,
  3789,
  299,
  1644],
 [2758,
  2976,
  967,
  1595,
  4266,
  1320,
  3738,
  1809,
  4461,
  2143,
  3985,
  1914,
  3550,
  0,
  232,
  730,
  1964,
  3669,
  2201,
  782,
  2041,
  3449,
  3316,
  3080,
  1400,
  2613,
  1941,
  1320,
  2160,
  1476,
  4131,
  1641,
  4497,
  3325,
  3701,
  3167,
  3168,
  2482,
  4091,
  2614,
  3734,
  3793,
  4740,
  4929,
  3948,
  969,
  2245,
  1921,
  4462,
  4153,
  3439,
  2508,
  2122,
  866,
  3888,
  3438,
  2676,
  3999,
  2993,
  3539,
  5355,
  3254,
  2730,
  1992,
  2045,
  2161,
  2188,
  2112,
  2999,
  2865,
  3004,
  2742,
  2307,
  3147,
  3380,
  951,
  3742,
  2243,
  4653,
  2893,
  2016,
  1350,
  3680,
  2684],
 [2540,
  2758,
  749,
  1377,
  4048,
  1088,
  3520,
  1591,
  4243,
  1925,
  3767,
  1696,
  3332,
  232,
  0,
  512,
  1746,
  3451,
  1983,
  564,
  1823,
  3231,
  3098,
  2862,
  1182,
  2395,
  2173,
  1102,
  1942,
  1258,
  3913,
  1423,
  4279,
  3107,
  3483,
  2949,
  2950,
  2264,
  3873,
  2396,
  3516,
  3575,
  4522,
  4711,
  3730,
  751,
  2027,
  1703,
  4244,
  3935,
  3221,
  2290,
  2091,
  634,
  3670,
  3220,
  2458,
  3781,
  2775,
  3321,
  5137,
  3036,
  2512,
  1774,
  1827,
  1943,
  1970,
  1894,
  2781,
  2647,
  2786,
  2524,
  2089,
  2929,
  3162,
  733,
  3524,
  2025,
  4435,
  2675,
  1798,
  1132,
  3462,
  2466],
 [2476,
  2694,
  261,
  889,
  3984,
  1204,
  3456,
  1103,
  4179,
  1861,
  3703,
  1208,
  3268,
  730,
  512,
  0,
  1682,
  3387,
  1495,
  500,
  1759,
  3167,
  3034,
  2798,
  694,
  2331,
  2402,
  614,
  1454,
  1194,
  3849,
  1359,
  4215,
  2619,
  2995,
  2461,
  2462,
  1776,
  3385,
  2393,
  3513,
  3087,
  4034,
  4223,
  3242,
  263,
  1963,
  1215,
  3756,
  3447,
  2733,
  1802,
  2027,
  750,
  3606,
  3156,
  1970,
  3717,
  2711,
  3257,
  4649,
  3033,
  2448,
  1710,
  1339,
  1879,
  1906,
  1830,
  2717,
  2159,
  2722,
  2460,
  2025,
  2441,
  3098,
  669,
  3036,
  1537,
  4371,
  2672,
  1734,
  644,
  3398,
  2402],
 [1629,
  1847,
  2165,
  1546,
  1946,
  2030,
  1782,
  1543,
  3332,
  1014,
  1665,
  1441,
  2421,
  2032,
  1814,
  1750,
  0,
  1375,
  1347,
  1322,
  912,
  2320,
  2187,
  1951,
  1876,
  1484,
  1555,
  1812,
  1082,
  557,
  3002,
  512,
  2566,
  3984,
  4436,
  3902,
  3757,
  3069,
  2671,
  650,
  1770,
  2213,
  3320,
  3509,
  2528,
  2187,
  281,
  1212,
  3042,
  2573,
  4174,
  901,
  1180,
  2862,
  2759,
  2309,
  2410,
  2068,
  1864,
  1583,
  3935,
  1290,
  1601,
  863,
  1779,
  1032,
  1059,
  983,
  1870,
  3454,
  1040,
  1613,
  343,
  3882,
  2251,
  1082,
  4477,
  1977,
  2722,
  929,
  887,
  1782,
  2551,
  720],
 [2788,
  3006,
  3562,
  3936,
  597,
  4420,
  407,
  3933,
  3185,
  1576,
  316,
  3831,
  1019,
  3607,
  3389,
  3325,
  2390,
  0,
  3737,
  2897,
  2071,
  2173,
  1194,
  1365,
  3472,
  1649,
  2714,
  4202,
  3472,
  2132,
  2855,
  2067,
  1191,
  6374,
  6826,
  6292,
  6147,
  5459,
  5061,
  3040,
  4160,
  1375,
  5453,
  5642,
  4918,
  3564,
  2671,
  3602,
  5175,
  1735,
  6564,
  3291,
  2339,
  4051,
  2612,
  2162,
  4800,
  693,
  3023,
  208,
  6068,
  3680,
  1246,
  2022,
  4169,
  2191,
  2218,
  2142,
  3029,
  5844,
  335,
  2772,
  1032,
  6272,
  3410,
  2657,
  6867,
  4367,
  1347,
  3319,
  2046,
  4172,
  1251,
  655],
 [3531,
  3749,
  818,
  724,
  2852,
  683,
  4511,
  196,
  5234,
  2916,
  3133,
  829,
  4323,
  1785,
  1567,
  1079,
  2737,
  3614,
  0,
  1555,
  2814,
  4222,
  4089,
  3853,
  529,
  3386,
  3457,
  465,
  1340,
  2249,
  4904,
  2414,
  5876,
  1712,
  2088,
  1554,
  1555,
  869,
  2478,
  2279,
  2173,
  2180,
  3127,
  3316,
  2335,
  840,
  2093,
  1101,
  2849,
  2540,
  1826,
  1688,
  3082,
  1515,
  4661,
  4211,
  1063,
  4772,
  3766,
  4312,
  3742,
  2532,
  3503,
  2765,
  432,
  2934,
  2961,
  2885,
  3772,
  1252,
  3279,
  3515,
  2582,
  1534,
  4153,
  1724,
  2129,
  630,
  6032,
  2558,
  2789,
  435,
  4453,
  2959],
 [2098,
  2316,
  665,
  1293,
  3606,
  1608,
  3078,
  1507,
  3801,
  1483,
  3325,
  1612,
  2890,
  710,
  492,
  428,
  1304,
  3009,
  1899,
  0,
  1381,
  2789,
  2656,
  2420,
  1098,
  1953,
  2024,
  1018,
  1858,
  816,
  3471,
  981,
  3837,
  3023,
  3399,
  2865,
  2866,
  2180,
  3789,
  1954,
  3074,
  3491,
  4438,
  4627,
  3646,
  667,
  1585,
  1619,
  4160,
  3851,
  3137,
  2206,
  1649,
  1154,
  3228,
  2778,
  2374,
  3339,
  2333,
  2879,
  5053,
  2594,
  2070,
  1332,
  1743,
  1501,
  1528,
  1452,
  2339,
  2563,
  2344,
  2082,
  1647,
  2845,
  2720,
  291,
  3440,
  1941,
  3993,
  2233,
  1356,
  1048,
  3020,
  2024],
 [1580,
  1798,
  2428,
  2802,
  3088,
  3286,
  2560,
  2799,
  3283,
  965,
  2807,
  2697,
  2372,
  2230,
  2462,
  2191,
  1256,
  2491,
  2603,
  1763,
  0,
  2271,
  2138,
  1902,
  2338,
  1435,
  643,
  3068,
  2338,
  998,
  2953,
  933,
  3319,
  5240,
  5692,
  5158,
  5013,
  4325,
  3927,
  1906,
  3026,
  3469,
  4576,
  4765,
  3784,
  2430,
  1537,
  2468,
  4298,
  3829,
  5430,
  2157,
  268,
  3096,
  2710,
  2260,
  3666,
  2821,
  1356,
  2361,
  5191,
  2546,
  1552,
  814,
  3035,
  983,
  1010,
  475,
  1362,
  4710,
  2296,
  1105,
  1599,
  5138,
  1564,
  1523,
  5733,
  3233,
  3475,
  2185,
  838,
  3038,
  2502,
  1976],
 [2382,
  2600,
  3156,
  3530,
  2430,
  4014,
  1517,
  3527,
  1481,
  1170,
  2149,
  3425,
  933,
  3201,
  2983,
  2919,
  1984,
  1833,
  3331,
  2491,
  1665,
  0,
  699,
  463,
  3066,
  924,
  2308,
  3796,
  3066,
  1726,
  1151,
  1661,
  1880,
  5968,
  6420,
  5886,
  5741,
  5053,
  4655,
  2634,
  3754,
  4197,
  5304,
  5493,
  4512,
  3158,
  2265,
  3196,
  5026,
  4557,
  6158,
  2885,
  1933,
  3645,
  908,
  458,
  4394,
  1382,
  2617,
  1625,
  5919,
  3274,
  697,
  1616,
  3763,
  1785,
  1812,
  1736,
  2623,
  5438,
  2168,
  2366,
  2327,
  5866,
  3004,
  2251,
  6461,
  3961,
  2036,
  2913,
  1640,
  3766,
  1063,
  2488],
 [2639,
  2857,
  3413,
  3787,
  1731,
  4271,
  818,
  3784,
  2001,
  1427,
  1450,
  3682,
  234,
  3458,
  3240,
  3176,
  2241,
  1134,
  3588,
  2748,
  1922,
  855,
  0,
  276,
  3323,
  1037,
  2565,
  4053,
  3323,
  1983,
  1671,
  1918,
  1181,
  6225,
  6677,
  6143,
  5998,
  5310,
  4912,
  2891,
  4011,
  4454,
  5443,
  5632,
  4769,
  3415,
  2522,
  3453,
  5165,
  4212,
  6415,
  3142,
  2190,
  3902,
  1428,
  978,
  4651,
  683,
  2874,
  926,
  6058,
  3531,
  1097,
  1873,
  4020,
  2042,
  2069,
  1993,
  2880,
  5695,
  1469,
  2623,
  2166,
  6123,
  3261,
  2508,
  6718,
  4218,
  1337,
  3170,
  1897,
  4023,
  364,
  1789],
 [2219,
  2437,
  2993,
  3367,
  1967,
  3851,
  1054,
  3364,
  1725,
  1007,
  1686,
  3262,
  470,
  3038,
  2820,
  2756,
  1821,
  1370,
  3168,
  2328,
  1502,
  713,
  236,
  0,
  2903,
  761,
  2145,
  3633,
  2903,
  1563,
  1395,
  1498,
  1417,
  5805,
  6257,
  5723,
  5578,
  4890,
  4492,
  2471,
  3591,
  4034,
  5141,
  5330,
  4349,
  2995,
  2102,
  3033,
  4863,
  4394,
  5995,
  2722,
  1770,
  3482,
  1152,
  702,
  4231,
  919,
  2454,
  1162,
  5756,
  3111,
  534,
  1453,
  3600,
  1622,
  1649,
  1573,
  2460,
  5275,
  1705,
  2203,
  2402,
  5703,
  2841,
  2088,
  6298,
  3798,
  1573,
  2750,
  1477,
  3603,
  600,
  2025],
 [3412,
  3630,
  433,
  221,
  3209,
  1040,
  3585,
  553,
  5115,
  2797,
  3468,
  326,
  4204,
  1400,
  1182,
  694,
  1828,
  3178,
  454,
  843,
  2695,
  4103,
  3970,
  3734,
  0,
  3267,
  3338,
  80,
  904,
  1340,
  4785,
  1505,
  5151,
  2069,
  2445,
  1911,
  1912,
  1226,
  2835,
  1843,
  2963,
  2537,
  3484,
  3673,
  2692,
  455,
  1657,
  665,
  3206,
  2897,
  2183,
  1252,
  2963,
  1130,
  4542,
  4092,
  1420,
  4653,
  3647,
  3386,
  4099,
  2483,
  3384,
  2646,
  789,
  2815,
  2842,
  2766,
  3653,
  1609,
  2843,
  3396,
  2146,
  1891,
  4034,
  815,
  2486,
  987,
  5307,
  2122,
  2670,
  94,
  4334,
  2523],
 [1458,
  1676,
  2232,
  2606,
  2007,
  3090,
  1479,
  2603,
  2236,
  246,
  1726,
  2501,
  1097,
  2277,
  2059,
  1995,
  1060,
  1410,
  2407,
  1567,
  741,
  1224,
  1091,
  855,
  2142,
  0,
  1384,
  2872,
  2142,
  802,
  1906,
  737,
  2106,
  5044,
  5496,
  4962,
  4817,
  4129,
  3731,
  1710,
  2830,
  3273,
  4380,
  4569,
  3588,
  2234,
  1341,
  2272,
  4102,
  3633,
  5234,
  1961,
  1009,
  2721,
  1663,
  1213,
  3470,
  1608,
  1693,
  1280,
  4995,
  2350,
  505,
  692,
  2839,
  861,
  888,
  812,
  1699,
  4514,
  1745,
  1442,
  1403,
  4942,
  2080,
  1327,
  5537,
  3037,
  2262,
  1989,
  716,
  2842,
  1289,
  2065],
 [1999,
  2217,
  2554,
  3182,
  3507,
  2907,
  2979,
  3218,
  3702,
  1384,
  3226,
  3116,
  2791,
  1587,
  1819,
  2317,
  1675,
  2910,
  3022,
  2369,
  882,
  2690,
  2557,
  2321,
  2987,
  1854,
  0,
  2907,
  2757,
  1417,
  3372,
  1352,
  3738,
  5659,
  6111,
  5577,
  5432,
  4744,
  4346,
  2325,
  3445,
  3888,
  4995,
  5184,
  4203,
  2556,
  1956,
  2887,
  4717,
  4248,
  5849,
  2576,
  590,
  2453,
  3129,
  2679,
  4085,
  3240,
  1775,
  2780,
  5610,
  2965,
  1971,
  1233,
  3454,
  1402,
  1429,
  894,
  1781,
  5129,
  2715,
  1524,
  2018,
  5557,
  1983,
  1942,
  6152,
  3652,
  3894,
  2604,
  1257,
  2937,
  2921,
  2395],
 [3348,
  3566,
  353,
  275,
  3145,
  976,
  3521,
  489,
  5051,
  2733,
  3404,
  594,
  4140,
  1320,
  1102,
  614,
  2227,
  3114,
  881,
  1090,
  2631,
  4039,
  3906,
  3670,
  80,
  3203,
  3274,
  0,
  840,
  1784,
  4721,
  1949,
  5087,
  2005,
  2381,
  1847,
  1848,
  1162,
  2771,
  1779,
  2899,
  2473,
  3420,
  3609,
  2628,
  375,
  1593,
  601,
  3142,
  2833,
  2119,
  1188,
  2899,
  1050,
  4478,
  4028,
  1356,
  4589,
  3583,
  3322,
  4035,
  2419,
  3320,
  2582,
  725,
  2751,
  2778,
  2702,
  3589,
  1545,
  2779,
  3332,
  2082,
  1827,
  3970,
  1259,
  2422,
  923,
  5243,
  2058,
  2606,
  30,
  4270,
  2459],
 [2508,
  2726,
  1214,
  595,
  2845,
  1079,
  2681,
  592,
  4211,
  1893,
  2564,
  490,
  3300,
  2181,
  1963,
  1475,
  1387,
  2274,
  396,
  2201,
  1791,
  3199,
  3066,
  2830,
  925,
  2363,
  2434,
  861,
  0,
  1436,
  3881,
  1391,
  4247,
  2108,
  2484,
  1950,
  1951,
  1265,
  2960,
  939,
  2059,
  2502,
  3609,
  3798,
  2817,
  1236,
  753,
  261,
  3331,
  2862,
  2222,
  348,
  2059,
  1911,
  3638,
  3188,
  1459,
  3749,
  2743,
  2482,
  4224,
  1579,
  2480,
  1742,
  828,
  1911,
  1938,
  1862,
  2749,
  1648,
  1939,
  2492,
  1242,
  1930,
  3130,
  1961,
  2525,
  1026,
  4403,
  1218,
  1766,
  831,
  3430,
  1619],
 [1282,
  1500,
  1430,
  2034,
  2790,
  2518,
  2262,
  2031,
  2985,
  667,
  2509,
  1929,
  2074,
  1475,
  1257,
  1193,
  488,
  2193,
  1835,
  765,
  565,
  1973,
  1840,
  1604,
  1340,
  1137,
  1208,
  1783,
  1570,
  0,
  2655,
  165,
  3021,
  4472,
  4924,
  4390,
  4245,
  3557,
  3159,
  1138,
  2258,
  2701,
  3808,
  3997,
  3016,
  1432,
  769,
  1700,
  3530,
  3061,
  4662,
  1389,
  833,
  1919,
  2412,
  1962,
  2898,
  2523,
  1517,
  2063,
  4423,
  1778,
  1254,
  516,
  2267,
  685,
  712,
  636,
  1523,
  3942,
  1528,
  1266,
  831,
  4370,
  1904,
  525,
  4965,
  2465,
  3177,
  1417,
  540,
  1813,
  2204,
  1208],
 [4030,
  4248,
  4804,
  5178,
  4078,
  5662,
  3165,
  5175,
  330,
  2818,
  3797,
  5073,
  2581,
  4849,
  4631,
  4567,
  3632,
  3481,
  4979,
  4139,
  3313,
  2018,
  2347,
  2111,
  4714,
  2572,
  3956,
  5444,
  4714,
  3374,
  0,
  3309,
  3528,
  7616,
  8068,
  7534,
  7389,
  6701,
  6303,
  4282,
  5402,
  5845,
  6952,
  7141,
  6160,
  4806,
  3913,
  4844,
  6674,
  6205,
  7806,
  4533,
  3581,
  5293,
  1756,
  1652,
  6042,
  3030,
  4265,
  3273,
  7567,
  4922,
  2345,
  3264,
  5411,
  3433,
  3460,
  3384,
  4271,
  7086,
  3816,
  4014,
  3975,
  7514,
  4652,
  3899,
  8109,
  5609,
  3684,
  4561,
  3288,
  5414,
  2711,
  4136],
 [1315,
  1533,
  1673,
  1869,
  2269,
  2353,
  2105,
  1866,
  3018,
  700,
  1988,
  1764,
  2107,
  1718,
  1500,
  1436,
  323,
  1698,
  1670,
  1008,
  598,
  2006,
  1873,
  1637,
  2199,
  1170,
  1241,
  2135,
  1405,
  243,
  2688,
  0,
  3054,
  4307,
  4759,
  4225,
  4080,
  3392,
  2994,
  973,
  2093,
  2536,
  3643,
  3832,
  2851,
  1675,
  604,
  1535,
  3365,
  2896,
  4497,
  1224,
  866,
  2162,
  2445,
  1995,
  2733,
  2556,
  1550,
  1906,
  4258,
  1613,
  1287,
  549,
  2102,
  718,
  745,
  669,
  1556,
  3777,
  1363,
  1299,
  666,
  4205,
  1937,
  768,
  4800,
  2300,
  3210,
  1252,
  573,
  2105,
  2237,
  1043],
 [3501,
  3719,
  4275,
  4649,
  1658,
  5133,
  745,
  4646,
  3007,
  2289,
  1377,
  4544,
  936,
  4320,
  4102,
  4038,
  3103,
  1061,
  4450,
  3610,
  2784,
  1995,
  1111,
  1282,
  4185,
  2043,
  3427,
  4915,
  4185,
  2845,
  2677,
  2780,
  0,
  5940,
  6392,
  5858,
  5713,
  5025,
  4627,
  3753,
  4229,
  4402,
  4640,
  4829,
  4628,
  4277,
  3384,
  4315,
  4362,
  3409,
  6130,
  4004,
  3052,
  4764,
  2434,
  1984,
  6181,
  841,
  3736,
  853,
  5255,
  4588,
  1698,
  2735,
  4882,
  2904,
  2931,
  2855,
  3742,
  5410,
  1396,
  3485,
  2093,
  5838,
  4123,
  3370,
  6433,
  5080,
  534,
  4032,
  2759,
  4885,
  1148,
  1716],
 [4920,
  5138,
  3957,
  3545,
  1140,
  3714,
  4561,
  3227,
  6623,
  4305,
  1421,
  3440,
  4752,
  4924,
  4706,
  4218,
  3799,
  1737,
  3979,
  4613,
  4203,
  5611,
  5478,
  5242,
  3668,
  4775,
  4846,
  3604,
  3686,
  3848,
  6293,
  3803,
  4164,
  0,
  3893,
  3359,
  3214,
  2526,
  2128,
  2732,
  1730,
  468,
  2921,
  3110,
  2129,
  3979,
  3165,
  3447,
  2643,
  828,
  3631,
  3533,
  4471,
  4654,
  6050,
  5600,
  3682,
  4657,
  5155,
  4669,
  3536,
  2089,
  4892,
  4154,
  3463,
  4323,
  4350,
  4274,
  5161,
  2911,
  2046,
  4904,
  3654,
  3339,
  5542,
  4373,
  3934,
  3661,
  4320,
  2640,
  4178,
  3574,
  4964,
  4031],
 [6248,
  6466,
  3008,
  2596,
  3737,
  2313,
  7158,
  2166,
  7951,
  5633,
  4018,
  2491,
  7349,
  3975,
  3757,
  3269,
  5127,
  6014,
  2778,
  3745,
  5531,
  6939,
  6806,
  6570,
  2719,
  6103,
  6174,
  2655,
  2737,
  5176,
  7621,
  5131,
  6761,
  2597,
  0,
  827,
  1343,
  1779,
  3363,
  4060,
  3058,
  3065,
  4012,
  4201,
  3220,
  3030,
  4493,
  2498,
  3734,
  3425,
  992,
  3085,
  5799,
  3094,
  7378,
  6928,
  1299,
  7254,
  6483,
  7266,
  4627,
  3417,
  6220,
  5482,
  1930,
  5651,
  5678,
  5602,
  6489,
  2162,
  5679,
  6232,
  4982,
  934,
  6870,
  3914,
  227,
  1732,
  6917,
  3968,
  5506,
  2625,
  7170,
  5359],
 [5528,
  5746,
  2288,
  1876,
  3017,
  1593,
  6438,
  1446,
  7231,
  4913,
  3298,
  1771,
  6629,
  3255,
  3037,
  2549,
  4407,
  5294,
  2058,
  3025,
  4811,
  6219,
  6086,
  5850,
  1999,
  5383,
  5454,
  1935,
  2017,
  4456,
  6901,
  4411,
  6041,
  1877,
  534,
  0,
  623,
  1059,
  2643,
  3340,
  2338,
  2345,
  3292,
  3481,
  2500,
  2310,
  3773,
  1778,
  3014,
  2705,
  272,
  2365,
  5079,
  2374,
  6658,
  6208,
  579,
  6534,
  5763,
  6546,
  3907,
  2697,
  5500,
  4762,
  1210,
  4931,
  4958,
  4882,
  5769,
  1442,
  4959,
  5512,
  4262,
  214,
  6150,
  3194,
  575,
  1012,
  6197,
  3248,
  4786,
  1905,
  6450,
  4639],
 [7042,
  7260,
  3932,
  3520,
  4531,
  3689,
  7952,
  3202,
  8745,
  6427,
  4812,
  3415,
  8143,
  4899,
  4681,
  4193,
  5921,
  6808,
  3702,
  4669,
  6325,
  7733,
  7600,
  7364,
  3643,
  6897,
  6968,
  3579,
  3661,
  5970,
  8415,
  5925,
  7555,
  3391,
  2490,
  2254,
  0,
  2573,
  4157,
  4854,
  3852,
  3859,
  4806,
  4995,
  4014,
  3954,
  5287,
  3422,
  4528,
  4219,
  2228,
  4009,
  6593,
  4629,
  8172,
  7722,
  2577,
  8048,
  7277,
  8060,
  5421,
  4211,
  7014,
  6276,
  3438,
  6445,
  6472,
  6396,
  7283,
  2956,
  6473,
  7026,
  5776,
  2234,
  7664,
  4838,
  2100,
  3010,
  7711,
  4762,
  6300,
  3549,
  7964,
  6153],
 [5619,
  5837,
  2509,
  2097,
  3108,
  2266,
  6529,
  1779,
  7322,
  5004,
  3389,
  1992,
  6720,
  3476,
  3258,
  2770,
  4498,
  5385,
  2279,
  3246,
  4902,
  6310,
  6177,
  5941,
  2220,
  5474,
  5545,
  2156,
  2238,
  4547,
  6992,
  4502,
  6132,
  1968,
  1365,
  831,
  686,
  0,
  2734,
  3431,
  2429,
  2436,
  3383,
  3572,
  2591,
  2531,
  3864,
  1999,
  3105,
  2796,
  1103,
  2586,
  5170,
  3206,
  6749,
  6299,
  1154,
  6625,
  5854,
  6637,
  3998,
  2788,
  5591,
  4853,
  1785,
  5022,
  5049,
  4973,
  5860,
  383,
  5050,
  5603,
  4353,
  811,
  6241,
  3415,
  1406,
  1587,
  6288,
  3339,
  4877,
  2126,
  6541,
  4730],
 [4964,
  5182,
  1829,
  1417,
  2453,
  1586,
  5874,
  1099,
  6667,
  4349,
  2734,
  1312,
  6065,
  2796,
  2578,
  2090,
  3843,
  4730,
  1599,
  2566,
  4247,
  5655,
  5522,
  5286,
  1540,
  4819,
  4890,
  1476,
  1558,
  3892,
  6337,
  3847,
  5477,
  1313,
  1765,
  1231,
  1086,
  398,
  0,
  2776,
  1774,
  1781,
  2728,
  2917,
  1936,
  1851,
  3209,
  1319,
  2450,
  2141,
  1503,
  1906,
  4515,
  2526,
  6094,
  5644,
  1554,
  5970,
  5199,
  5982,
  3343,
  2133,
  4936,
  4198,
  1335,
  4367,
  4394,
  4318,
  5205,
  783,
  4395,
  4948,
  3698,
  1211,
  5586,
  2735,
  1806,
  1533,
  5633,
  2684,
  4222,
  1446,
  5886,
  4075],
 [2343,
  2561,
  2220,
  1601,
  2235,
  2085,
  2516,
  1598,
  4046,
  1728,
  2399,
  1496,
  3135,
  2746,
  2528,
  2481,
  1222,
  2109,
  1402,
  2036,
  1626,
  3034,
  2901,
  2665,
  1931,
  2198,
  2269,
  1867,
  1137,
  1271,
  3716,
  1226,
  4082,
  3334,
  3786,
  3252,
  3107,
  2419,
  2021,
  0,
  1120,
  1563,
  2670,
  2859,
  1878,
  2242,
  588,
  1267,
  2392,
  1923,
  3524,
  956,
  1894,
  2917,
  3473,
  3023,
  2465,
  3584,
  2578,
  2317,
  3285,
  640,
  2315,
  1577,
  1834,
  1746,
  1773,
  1697,
  2584,
  2804,
  1774,
  2327,
  1077,
  3232,
  2965,
  1796,
  3827,
  2032,
  4238,
  279,
  1601,
  1837,
  3265,
  1454],
 [3484,
  3702,
  2730,
  2318,
  1115,
  2487,
  4536,
  2000,
  5187,
  2869,
  1396,
  2213,
  4276,
  3697,
  3479,
  2991,
  2363,
  3250,
  2543,
  3177,
  2767,
  4175,
  4042,
  3806,
  2441,
  3339,
  3410,
  2377,
  2278,
  2412,
  4857,
  2367,
  4139,
  2214,
  2666,
  2132,
  1987,
  1299,
  901,
  1296,
  0,
  443,
  1550,
  1739,
  758,
  2752,
  1729,
  2408,
  1272,
  803,
  2404,
  2097,
  3035,
  3427,
  4614,
  4164,
  2455,
  4725,
  3719,
  3458,
  2165,
  653,
  3456,
  2718,
  2236,
  2887,
  2914,
  2838,
  3725,
  1684,
  2915,
  3468,
  2218,
  2112,
  4106,
  2937,
  2707,
  2434,
  4295,
  1204,
  2742,
  2347,
  4406,
  2595],
 [4452,
  4670,
  3489,
  3077,
  2107,
  3246,
  4093,
  2759,
  6155,
  3837,
  2388,
  2972,
  4284,
  4456,
  4238,
  3750,
  3331,
  4409,
  3511,
  4145,
  3735,
  5893,
  4459,
  4630,
  3200,
  4307,
  4378,
  3136,
  3218,
  3380,
  5825,
  3335,
  3696,
  2973,
  3425,
  2891,
  2746,
  2058,
  1660,
  2264,
  1262,
  0,
  2453,
  2642,
  1661,
  3511,
  2697,
  2979,
  2175,
  360,
  3163,
  3065,
  4003,
  4186,
  5582,
  5132,
  3214,
  4189,
  4687,
  4201,
  3068,
  1621,
  4424,
  3686,
  2995,
  3855,
  3882,
  3806,
  4693,
  2443,
  3883,
  4436,
  3186,
  2871,
  5074,
  3905,
  3466,
  3193,
  3852,
  2172,
  3710,
  3106,
  4496,
  3563],
 [4835,
  5053,
  3713,
  3301,
  2490,
  3470,
  5140,
  2983,
  6538,
  4220,
  2771,
  3196,
  5331,
  4680,
  4462,
  3974,
  3714,
  4601,
  3894,
  4528,
  4118,
  5526,
  5393,
  5157,
  3424,
  4690,
  4761,
  3360,
  3442,
  3763,
  6208,
  3718,
  4395,
  3197,
  3649,
  3115,
  2970,
  2282,
  1884,
  2647,
  1645,
  1818,
  0,
  189,
  869,
  3735,
  3080,
  3203,
  278,
  2178,
  3387,
  3448,
  4386,
  4410,
  5965,
  5515,
  3438,
  5236,
  5070,
  5248,
  615,
  2004,
  4807,
  4069,
  3219,
  4238,
  4265,
  4189,
  5076,
  2667,
  4266,
  4819,
  3569,
  3095,
  5457,
  4288,
  3690,
  3417,
  4117,
  2555,
  4093,
  3330,
  5757,
  3946],
 [5024,
  5242,
  3902,
  3490,
  2679,
  3659,
  5329,
  3172,
  6727,
  4409,
  2960,
  3385,
  5520,
  4869,
  4651,
  4163,
  3903,
  4790,
  4083,
  4717,
  4307,
  5715,
  5582,
  5346,
  3613,
  4879,
  4950,
  3549,
  3631,
  3952,
  6397,
  3907,
  4584,
  3386,
  3838,
  3304,
  3159,
  2471,
  2073,
  2836,
  1834,
  2007,
  189,
  0,
  1058,
  3924,
  3269,
  3392,
  467,
  2367,
  3576,
  3637,
  4575,
  4599,
  6154,
  5704,
  3627,
  5425,
  5259,
  5437,
  426,
  2193,
  4996,
  4258,
  3408,
  4427,
  4454,
  4378,
  5265,
  2856,
  4455,
  5008,
  3758,
  3284,
  5646,
  4477,
  3879,
  3606,
  4306,
  2744,
  4282,
  3519,
  5946,
  4135],
 [4213,
  4431,
  3091,
  2679,
  1868,
  2848,
  4386,
  2361,
  5916,
  3598,
  2149,
  2574,
  5005,
  4058,
  3840,
  3352,
  3092,
  3979,
  3272,
  3906,
  3496,
  4904,
  4771,
  4535,
  2802,
  4068,
  4139,
  2738,
  2820,
  3141,
  5586,
  3096,
  4457,
  2575,
  3027,
  2493,
  2348,
  1660,
  1262,
  2025,
  1023,
  1196,
  792,
  981,
  0,
  3113,
  2458,
  2581,
  514,
  1556,
  2765,
  2826,
  3764,
  3788,
  5343,
  4893,
  2816,
  5454,
  4448,
  4187,
  1407,
  1382,
  4185,
  3447,
  2597,
  3616,
  3643,
  3567,
  4454,
  2045,
  3644,
  4197,
  2947,
  2473,
  4835,
  3666,
  3068,
  2795,
  4179,
  1933,
  3471,
  2708,
  5135,
  3324],
 [2715,
  2933,
  22,
  650,
  3520,
  935,
  3695,
  864,
  4418,
  2100,
  3942,
  969,
  3507,
  969,
  751,
  263,
  1921,
  3626,
  1256,
  739,
  1998,
  3406,
  3273,
  3037,
  455,
  2570,
  2641,
  375,
  1215,
  1433,
  4088,
  1598,
  4454,
  2380,
  2756,
  2222,
  2223,
  1537,
  3146,
  2154,
  3274,
  2848,
  3795,
  3984,
  3003,
  0,
  2202,
  976,
  3517,
  3208,
  2494,
  1563,
  2266,
  481,
  3845,
  3395,
  1731,
  3956,
  2950,
  3496,
  4410,
  2794,
  2687,
  1949,
  1100,
  2118,
  2145,
  2069,
  2956,
  1920,
  2961,
  2699,
  2264,
  2202,
  3337,
  908,
  2797,
  1298,
  4610,
  2433,
  1973,
  405,
  3637,
  2641],
 [1978,
  2196,
  1884,
  1265,
  2315,
  1749,
  2151,
  1262,
  3681,
  1363,
  2034,
  1160,
  2770,
  2381,
  2163,
  2145,
  857,
  1744,
  1066,
  1671,
  1261,
  2669,
  2536,
  2300,
  1595,
  1833,
  1904,
  1531,
  801,
  906,
  3351,
  861,
  3717,
  3703,
  4155,
  3621,
  3476,
  2788,
  2390,
  369,
  1489,
  1932,
  3039,
  3228,
  2247,
  1906,
  0,
  931,
  2761,
  2292,
  3893,
  620,
  1529,
  2581,
  3108,
  2658,
  2129,
  3219,
  2213,
  1952,
  3654,
  1009,
  1950,
  1212,
  1498,
  1381,
  1408,
  1332,
  2219,
  3173,
  1409,
  1962,
  712,
  3601,
  2600,
  1431,
  4196,
  1696,
  3873,
  648,
  1236,
  1501,
  2900,
  1089],
 [2747,
  2965,
  953,
  334,
  3084,
  818,
  2920,
  331,
  4450,
  2132,
  2803,
  229,
  3539,
  1920,
  1702,
  1214,
  1626,
  2513,
  135,
  1690,
  2030,
  3438,
  3305,
  3069,
  664,
  2602,
  2673,
  600,
  239,
  1675,
  4120,
  1630,
  4486,
  1847,
  2223,
  1689,
  1690,
  1004,
  2613,
  1178,
  2298,
  2315,
  3262,
  3451,
  2470,
  975,
  992,
  0,
  2984,
  2675,
  1961,
  587,
  2298,
  1650,
  3877,
  3427,
  1198,
  3988,
  2982,
  2721,
  3877,
  1818,
  2719,
  1981,
  567,
  2150,
  2177,
  2101,
  2988,
  1387,
  2178,
  2731,
  1481,
  1669,
  3369,
  1859,
  2264,
  765,
  4642,
  1457,
  2005,
  570,
  3669,
  1858],
 [4557,
  4775,
  3435,
  3023,
  2212,
  3192,
  4862,
  2705,
  6260,
  3942,
  2493,
  2918,
  5053,
  4402,
  4184,
  3696,
  3436,
  4323,
  3616,
  4250,
  3840,
  5248,
  5115,
  4879,
  3146,
  4412,
  4483,
  3082,
  3164,
  3485,
  5930,
  3440,
  4117,
  2919,
  3371,
  2837,
  2692,
  2004,
  1606,
  2369,
  1367,
  1540,
  278,
  467,
  591,
  3457,
  2802,
  2925,
  0,
  1900,
  3109,
  3170,
  4108,
  4132,
  5687,
  5237,
  3160,
  4958,
  4792,
  4970,
  893,
  1726,
  4529,
  3791,
  2941,
  3960,
  3987,
  3911,
  4798,
  2389,
  3988,
  4541,
  3291,
  2817,
  5179,
  4010,
  3412,
  3139,
  3839,
  2277,
  3815,
  3052,
  5479,
  3668],
 [6279,
  6497,
  5316,
  4904,
  4646,
  5073,
  3733,
  4586,
  5995,
  5277,
  4365,
  4799,
  3924,
  6283,
  6065,
  5577,
  5158,
  4049,
  5338,
  5972,
  5562,
  5533,
  4099,
  4270,
  5027,
  5031,
  6205,
  4963,
  5045,
  5207,
  5665,
  5162,
  3336,
  4800,
  5252,
  4718,
  4573,
  3885,
  3487,
  4091,
  3089,
  3262,
  4280,
  4469,
  3488,
  5338,
  4524,
  4806,
  4002,
  0,
  4990,
  4892,
  5830,
  6013,
  5422,
  4972,
  5041,
  3829,
  6514,
  3841,
  4895,
  3448,
  4686,
  5513,
  4822,
  5682,
  5709,
  5633,
  6520,
  4270,
  4384,
  6263,
  5081,
  4698,
  6901,
  5732,
  5293,
  5020,
  3492,
  3999,
  5537,
  4933,
  4136,
  4704],
 [6258,
  6476,
  3018,
  2606,
  3747,
  2323,
  7168,
  2176,
  7961,
  5643,
  4028,
  2501,
  7359,
  3985,
  3767,
  3279,
  5137,
  6024,
  2788,
  3755,
  5541,
  6949,
  6816,
  6580,
  2729,
  6113,
  6184,
  2665,
  2747,
  5186,
  7631,
  5141,
  6771,
  2607,
  262,
  837,
  1353,
  1789,
  3373,
  4070,
  3068,
  3075,
  4022,
  4211,
  3230,
  3040,
  4503,
  2508,
  3744,
  3435,
  0,
  3095,
  5809,
  3104,
  7388,
  6938,
  1309,
  7264,
  6493,
  7276,
  4637,
  3427,
  6230,
  5492,
  1940,
  5661,
  5688,
  5612,
  6499,
  2172,
  5689,
  6242,
  4992,
  944,
  6880,
  3924,
  489,
  1742,
  6927,
  3978,
  5516,
  2635,
  7180,
  5369],
 [2160,
  2378,
  1635,
  1016,
  2497,
  1500,
  2333,
  1013,
  3863,
  1545,
  2216,
  911,
  2952,
  2563,
  2345,
  1896,
  1039,
  1926,
  817,
  1853,
  1443,
  2851,
  2718,
  2482,
  1346,
  2015,
  2086,
  1282,
  552,
  1088,
  3533,
  1043,
  3899,
  2529,
  2905,
  2371,
  3698,
  3010,
  2612,
  591,
  1711,
  2154,
  3261,
  3450,
  2469,
  1657,
  405,
  682,
  2983,
  2514,
  2643,
  0,
  1711,
  2332,
  3290,
  2840,
  1880,
  3401,
  2395,
  2134,
  3876,
  1231,
  2132,
  1394,
  1249,
  1563,
  1590,
  1514,
  2401,
  3395,
  1591,
  2144,
  894,
  2351,
  2782,
  1613,
  2946,
  1447,
  4055,
  870,
  1418,
  1252,
  3082,
  1271],
 [1409,
  1627,
  2257,
  2631,
  2917,
  3115,
  2389,
  2628,
  3112,
  794,
  2636,
  2526,
  2201,
  2089,
  2084,
  2020,
  1085,
  2320,
  2432,
  1592,
  292,
  2100,
  1967,
  1731,
  2167,
  1264,
  502,
  2897,
  2167,
  827,
  2782,
  762,
  3148,
  5069,
  5521,
  4987,
  4842,
  4154,
  3756,
  1735,
  2855,
  3298,
  4405,
  4594,
  3613,
  2259,
  1366,
  2297,
  4127,
  3658,
  5259,
  1986,
  0,
  2746,
  2539,
  2089,
  3495,
  2650,
  1185,
  2190,
  5020,
  2375,
  1381,
  643,
  2864,
  812,
  839,
  304,
  1191,
  4539,
  2125,
  934,
  1428,
  4967,
  1393,
  1352,
  5562,
  3062,
  3304,
  2014,
  667,
  2867,
  2331,
  1805],
 [3925,
  4143,
  1273,
  1276,
  3614,
  454,
  4098,
  846,
  5628,
  3310,
  3981,
  1171,
  4717,
  1316,
  1084,
  1207,
  2804,
  3691,
  1458,
  1683,
  3208,
  4616,
  4483,
  4247,
  984,
  3780,
  3851,
  920,
  1417,
  2853,
  5298,
  2808,
  5664,
  2474,
  2398,
  1864,
  2317,
  1631,
  3240,
  2356,
  3476,
  2942,
  3889,
  4078,
  3097,
  1295,
  2170,
  1178,
  3611,
  3302,
  2136,
  1765,
  3476,
  0,
  5055,
  4605,
  1373,
  5166,
  4160,
  3899,
  4504,
  2996,
  3897,
  3159,
  742,
  3328,
  3355,
  3279,
  4166,
  2014,
  3356,
  3909,
  2659,
  1844,
  4547,
  1852,
  2439,
  940,
  5820,
  2635,
  3183,
  1305,
  4847,
  3036],
 [1649,
  1867,
  3557,
  3931,
  3380,
  4415,
  2467,
  3928,
  1062,
  2120,
  3099,
  3826,
  1883,
  3602,
  3384,
  3320,
  2385,
  2783,
  3732,
  2892,
  2066,
  1320,
  1649,
  1413,
  3467,
  1874,
  2709,
  4197,
  3467,
  2127,
  732,
  2062,
  2830,
  6369,
  6821,
  6287,
  6142,
  5454,
  5056,
  3035,
  4155,
  4598,
  5705,
  5894,
  4913,
  3559,
  2666,
  3597,
  5427,
  4958,
  6559,
  3286,
  2334,
  4046,
  0,
  954,
  4795,
  2332,
  2609,
  2575,
  6320,
  3675,
  1647,
  1603,
  4164,
  1434,
  1407,
  2137,
  2821,
  5839,
  3118,
  2977,
  2728,
  6267,
  2271,
  2652,
  6862,
  4362,
  2986,
  3314,
  1579,
  4167,
  2013,
  3105],
 [2744,
  2962,
  3518,
  3892,
  2792,
  4376,
  1879,
  3889,
  1023,
  1532,
  2511,
  3787,
  1295,
  3563,
  3345,
  3281,
  2346,
  2195,
  3693,
  2853,
  2027,
  732,
  1061,
  825,
  3428,
  1286,
  2670,
  4158,
  3428,
  2088,
  693,
  2023,
  2242,
  6330,
  6782,
  6248,
  6103,
  5415,
  5017,
  2996,
  4116,
  4559,
  5666,
  5855,
  4874,
  3520,
  2627,
  3558,
  5388,
  4919,
  6520,
  3247,
  2295,
  4007,
  450,
  0,
  4756,
  1744,
  2979,
  1987,
  6281,
  3636,
  1059,
  1978,
  4125,
  2147,
  2174,
  2098,
  2985,
  5800,
  2530,
  2728,
  2689,
  6228,
  3366,
  2613,
  6823,
  4323,
  2398,
  3275,
  2002,
  4128,
  1425,
  2850],
 [3946,
  4164,
  1709,
  1297,
  2962,
  1014,
  4119,
  867,
  5649,
  3331,
  3243,
  1192,
  4738,
  2676,
  2458,
  1970,
  2825,
  3712,
  1479,
  2446,
  3229,
  4637,
  4504,
  4268,
  1420,
  3801,
  3872,
  1356,
  1438,
  2874,
  5319,
  2829,
  5986,
  1822,
  1025,
  491,
  828,
  979,
  2588,
  2377,
  2283,
  2290,
  3237,
  3426,
  2445,
  1731,
  2191,
  1199,
  2959,
  2650,
  763,
  1786,
  3497,
  1795,
  5076,
  4626,
  0,
  5187,
  4181,
  3920,
  3852,
  2642,
  3918,
  3180,
  631,
  3349,
  3376,
  3300,
  4187,
  1362,
  3377,
  3930,
  2680,
  471,
  4568,
  2615,
  1066,
  433,
  6142,
  2656,
  3204,
  1326,
  4868,
  3057],
 [3651,
  3869,
  4425,
  4799,
  1808,
  5283,
  895,
  4796,
  3157,
  2439,
  1527,
  4694,
  1086,
  4470,
  4252,
  4188,
  3253,
  1211,
  4600,
  3760,
  2934,
  2145,
  1261,
  1432,
  4335,
  2193,
  3577,
  5065,
  4335,
  2995,
  2827,
  2930,
  498,
  6060,
  6512,
  5978,
  5833,
  5145,
  4747,
  3903,
  4349,
  4522,
  4760,
  4949,
  4748,
  4427,
  3534,
  4465,
  4482,
  3529,
  6250,
  4154,
  3202,
  4914,
  2584,
  2134,
  6301,
  0,
  3886,
  1003,
  5375,
  4708,
  1848,
  2885,
  5032,
  3054,
  3081,
  3005,
  3892,
  5530,
  1546,
  3635,
  2243,
  5958,
  4273,
  3520,
  6553,
  5230,
  654,
  4182,
  2909,
  5035,
  1298,
  1866],
 [1064,
  846,
  2830,
  3204,
  3490,
  3688,
  2962,
  3201,
  3685,
  1367,
  3209,
  3099,
  2774,
  3095,
  2657,
  2593,
  1658,
  2893,
  3005,
  2165,
  865,
  2673,
  2540,
  2304,
  2740,
  1837,
  1508,
  3470,
  2740,
  1400,
  3355,
  1335,
  3721,
  5642,
  6094,
  5560,
  5415,
  4727,
  4329,
  2308,
  3428,
  3871,
  4978,
  5167,
  4186,
  2832,
  1939,
  2870,
  4700,
  4231,
  5832,
  2559,
  1133,
  3319,
  3112,
  2662,
  4068,
  3223,
  0,
  2763,
  5593,
  2948,
  1954,
  1216,
  3437,
  1385,
  1412,
  936,
  212,
  5112,
  2698,
  368,
  2001,
  5540,
  434,
  1925,
  6135,
  3635,
  3877,
  2587,
  1240,
  3440,
  2904,
  2378],
 [2658,
  2876,
  3432,
  3806,
  805,
  4290,
  199,
  3803,
  3055,
  1446,
  524,
  3701,
  811,
  3477,
  3259,
  3195,
  2260,
  208,
  3607,
  2767,
  1941,
  2043,
  986,
  1157,
  3342,
  1519,
  2584,
  4072,
  3342,
  2002,
  2725,
  1937,
  983,
  6244,
  6696,
  6162,
  6017,
  5329,
  4931,
  2910,
  4030,
  1583,
  5245,
  5434,
  4788,
  3434,
  2541,
  3472,
  4967,
  1943,
  6434,
  3161,
  2209,
  3921,
  2482,
  2032,
  4670,
  485,
  2893,
  0,
  5860,
  3550,
  1116,
  1892,
  4039,
  2061,
  2088,
  2012,
  2899,
  5714,
  543,
  2642,
  1240,
  6142,
  3280,
  2527,
  6737,
  4237,
  1139,
  3189,
  1916,
  4042,
  1121,
  863],
 [5684,
  5902,
  4562,
  4150,
  3339,
  4319,
  5989,
  3832,
  7387,
  5069,
  3620,
  4045,
  6180,
  5529,
  5311,
  4823,
  4563,
  5450,
  4743,
  5377,
  4967,
  6375,
  6242,
  6006,
  4273,
  5539,
  5610,
  4209,
  4291,
  4612,
  7057,
  4567,
  5244,
  4046,
  4498,
  3964,
  3819,
  3131,
  2733,
  3496,
  2494,
  2667,
  849,
  660,
  1718,
  4584,
  3929,
  4052,
  1127,
  3027,
  4236,
  4297,
  5235,
  5259,
  6814,
  6364,
  4287,
  6085,
  5919,
  6097,
  0,
  2853,
  5656,
  4918,
  4068,
  5087,
  5114,
  5038,
  5925,
  3516,
  5115,
  5668,
  4418,
  3944,
  6306,
  5137,
  4539,
  4266,
  4966,
  3404,
  4942,
  4179,
  6606,
  4795],
 [2831,
  3049,
  2708,
  2089,
  1619,
  2573,
  3004,
  2086,
  4534,
  2216,
  2887,
  1984,
  3623,
  3234,
  3016,
  2969,
  1710,
  2597,
  1890,
  2524,
  2114,
  3522,
  3389,
  3153,
  2419,
  2686,
  2757,
  2355,
  1625,
  1759,
  4204,
  1714,
  4643,
  2718,
  3170,
  2636,
  2491,
  1803,
  1405,
  643,
  504,
  947,
  2054,
  2243,
  1262,
  2730,
  1076,
  1755,
  1776,
  1307,
  2908,
  1444,
  2382,
  3405,
  3961,
  3511,
  2959,
  4072,
  3066,
  2805,
  2669,
  0,
  2803,
  2065,
  2322,
  2234,
  2261,
  2185,
  3072,
  2188,
  2262,
  2815,
  1565,
  2616,
  3453,
  2284,
  3211,
  2520,
  4799,
  551,
  2089,
  2325,
  3753,
  1942],
 [1861,
  2079,
  2635,
  3009,
  1830,
  3493,
  1302,
  3006,
  1939,
  649,
  1549,
  2904,
  920,
  2680,
  2462,
  2398,
  1463,
  1233,
  2810,
  1970,
  1144,
  927,
  662,
  594,
  2545,
  403,
  1787,
  3275,
  2545,
  1205,
  1609,
  1140,
  1929,
  5447,
  5899,
  5365,
  5220,
  4532,
  4134,
  2113,
  3233,
  3676,
  4783,
  4972,
  3991,
  2637,
  1744,
  2675,
  4505,
  4036,
  5637,
  2364,
  1412,
  3124,
  1366,
  916,
  3873,
  1431,
  2096,
  1103,
  5398,
  2753,
  0,
  1095,
  3242,
  1264,
  1291,
  1215,
  2102,
  4917,
  1568,
  1845,
  1806,
  5345,
  2483,
  1730,
  5940,
  3440,
  2085,
  2392,
  1119,
  3245,
  1112,
  1888],
 [766,
  984,
  1954,
  2328,
  2614,
  2812,
  2086,
  2325,
  2809,
  491,
  2333,
  2223,
  1898,
  1999,
  1781,
  1717,
  782,
  2017,
  2129,
  1289,
  463,
  1797,
  1664,
  1428,
  1864,
  961,
  1106,
  2594,
  1864,
  524,
  2479,
  459,
  2845,
  4766,
  5218,
  4684,
  4539,
  3851,
  3453,
  1432,
  2552,
  2995,
  4102,
  4291,
  3310,
  1956,
  1063,
  1994,
  3824,
  3355,
  4956,
  1683,
  731,
  2443,
  2236,
  1786,
  3192,
  2347,
  1726,
  1887,
  4717,
  2072,
  1078,
  0,
  2561,
  169,
  196,
  534,
  1938,
  4236,
  1822,
  1164,
  1125,
  4664,
  1388,
  1049,
  5259,
  2759,
  3001,
  1711,
  24,
  2564,
  2028,
  1502],
 [3315,
  3533,
  1078,
  666,
  3004,
  383,
  3488,
  236,
  5018,
  2700,
  3371,
  561,
  4107,
  2045,
  1827,
  1339,
  2194,
  3081,
  848,
  1815,
  2598,
  4006,
  3873,
  3637,
  789,
  3170,
  3241,
  725,
  807,
  2243,
  4688,
  2198,
  5054,
  1864,
  1656,
  1122,
  1707,
  1021,
  2630,
  1746,
  2866,
  2332,
  3279,
  3468,
  2487,
  1100,
  1560,
  568,
  3001,
  2692,
  1394,
  1155,
  2866,
  1164,
  4445,
  3995,
  631,
  4556,
  3550,
  3289,
  3894,
  2386,
  3287,
  2549,
  0,
  2718,
  2745,
  2669,
  3556,
  1404,
  2746,
  3299,
  2049,
  1102,
  3937,
  1984,
  1697,
  198,
  5210,
  2025,
  2573,
  695,
  4237,
  2426],
 [597,
  815,
  2123,
  2497,
  2783,
  2981,
  2255,
  2494,
  2978,
  660,
  2502,
  2392,
  2067,
  2168,
  1950,
  1886,
  951,
  2186,
  2298,
  1458,
  632,
  1966,
  1833,
  1597,
  2033,
  1130,
  1275,
  2763,
  2033,
  693,
  2648,
  628,
  3014,
  4935,
  5387,
  4853,
  4708,
  4020,
  3622,
  1601,
  2721,
  3164,
  4271,
  4460,
  3479,
  2125,
  1232,
  2163,
  3993,
  3524,
  5125,
  1852,
  900,
  2612,
  2405,
  1955,
  3361,
  2516,
  1557,
  2056,
  4886,
  2241,
  1247,
  169,
  2730,
  0,
  27,
  703,
  1769,
  4405,
  1991,
  1333,
  1294,
  4833,
  1219,
  1218,
  5428,
  2928,
  3170,
  1880,
  145,
  2733,
  2197,
  1671],
 [570,
  788,
  2150,
  2524,
  2810,
  3008,
  2282,
  2521,
  3005,
  687,
  2529,
  2419,
  2094,
  2195,
  1977,
  1913,
  978,
  2213,
  2325,
  1485,
  659,
  1993,
  1860,
  1624,
  2060,
  1157,
  1302,
  2790,
  2060,
  720,
  2675,
  655,
  3041,
  4962,
  5414,
  4880,
  4735,
  4047,
  3649,
  1628,
  2748,
  3191,
  4298,
  4487,
  3506,
  2152,
  1259,
  2190,
  4020,
  3551,
  5152,
  1879,
  927,
  2639,
  2432,
  1982,
  3388,
  2543,
  1530,
  2083,
  4913,
  2268,
  1274,
  196,
  2757,
  27,
  0,
  730,
  1742,
  4432,
  2018,
  1360,
  1321,
  4860,
  1192,
  1245,
  5455,
  2955,
  3197,
  1907,
  172,
  2760,
  2224,
  1698],
 [1483,
  1501,
  2331,
  2705,
  2991,
  3189,
  2463,
  2702,
  3186,
  868,
  2710,
  2600,
  2275,
  2596,
  2158,
  2094,
  1159,
  2394,
  2506,
  1666,
  366,
  2174,
  2041,
  1805,
  2241,
  1338,
  1009,
  2971,
  2241,
  901,
  2856,
  836,
  3222,
  5143,
  5595,
  5061,
  4916,
  4228,
  3830,
  1809,
  2929,
  3372,
  4479,
  4668,
  3687,
  2333,
  1440,
  2371,
  4201,
  3732,
  5333,
  2060,
  634,
  2820,
  2613,
  2163,
  3569,
  2724,
  881,
  2264,
  5094,
  2449,
  1455,
  717,
  2938,
  886,
  913,
  0,
  887,
  4613,
  2199,
  630,
  1502,
  5041,
  1089,
  1426,
  5636,
  3136,
  3378,
  2088,
  741,
  2941,
  2405,
  1879],
 [1265,
  1047,
  2618,
  2992,
  3278,
  3476,
  2750,
  2989,
  3473,
  1155,
  2997,
  2887,
  2562,
  2883,
  2445,
  2381,
  1446,
  2681,
  2793,
  1953,
  653,
  2461,
  2328,
  2092,
  2528,
  1625,
  1296,
  3258,
  2528,
  1188,
  3143,
  1123,
  3509,
  5430,
  5882,
  5348,
  5203,
  4515,
  4117,
  2096,
  3216,
  3659,
  4766,
  4955,
  3974,
  2620,
  1727,
  2658,
  4488,
  4019,
  5620,
  2347,
  921,
  3107,
  2900,
  2450,
  3856,
  3011,
  427,
  2551,
  5381,
  2736,
  1742,
  1004,
  3225,
  1173,
  1200,
  724,
  0,
  4900,
  2486,
  156,
  1789,
  5328,
  635,
  1713,
  5923,
  3423,
  3665,
  2375,
  1028,
  3228,
  2692,
  2166],
 [5236,
  5454,
  2126,
  1714,
  2725,
  1883,
  6146,
  1396,
  6939,
  4621,
  3006,
  1609,
  6337,
  3093,
  2875,
  2387,
  4115,
  5002,
  1896,
  2863,
  4519,
  5927,
  5794,
  5558,
  1837,
  5091,
  5162,
  1773,
  1855,
  4164,
  6609,
  4119,
  5749,
  1585,
  982,
  448,
  303,
  767,
  2351,
  3048,
  2046,
  2053,
  3000,
  3189,
  2208,
  2148,
  3481,
  1616,
  2722,
  2413,
  720,
  2203,
  4787,
  2823,
  6366,
  5916,
  771,
  6242,
  5471,
  6254,
  3615,
  2405,
  5208,
  4470,
  1402,
  4639,
  4666,
  4590,
  5477,
  0,
  4667,
  5220,
  3970,
  428,
  5858,
  3032,
  1023,
  1204,
  5905,
  2956,
  4494,
  1743,
  6158,
  4347],
 [3123,
  3341,
  3897,
  4271,
  906,
  4755,
  742,
  4268,
  3520,
  1911,
  625,
  4166,
  1354,
  3942,
  3724,
  3660,
  2725,
  335,
  4072,
  3232,
  2406,
  2508,
  1529,
  1700,
  3807,
  1984,
  3049,
  4537,
  3807,
  2467,
  3190,
  2402,
  1526,
  6709,
  7161,
  6627,
  6482,
  5794,
  5396,
  3375,
  4495,
  1684,
  5788,
  5977,
  5253,
  3899,
  3006,
  3937,
  5510,
  2044,
  6899,
  3626,
  2674,
  4386,
  2947,
  2497,
  5135,
  1028,
  3358,
  543,
  6403,
  4015,
  1581,
  2357,
  4504,
  2526,
  2553,
  2477,
  3364,
  6179,
  0,
  3107,
  697,
  6607,
  3745,
  2992,
  7202,
  4702,
  1682,
  3654,
  2381,
  4507,
  1586,
  320],
 [1614,
  1199,
  2462,
  2836,
  3122,
  3320,
  2594,
  2833,
  3317,
  999,
  2841,
  2731,
  2406,
  2727,
  2289,
  2225,
  1290,
  2525,
  2637,
  1797,
  497,
  2305,
  2172,
  1936,
  2372,
  1469,
  1140,
  3102,
  2372,
  1032,
  2987,
  967,
  3353,
  5274,
  5726,
  5192,
  5047,
  4359,
  3961,
  1940,
  3060,
  3503,
  4610,
  4799,
  3818,
  2464,
  1571,
  2502,
  4332,
  3863,
  5464,
  2191,
  765,
  2951,
  2744,
  2294,
  3700,
  2855,
  579,
  2395,
  5225,
  2580,
  1586,
  848,
  3069,
  1017,
  1044,
  568,
  585,
  4744,
  2330,
  0,
  1633,
  5172,
  787,
  1557,
  5767,
  3267,
  3509,
  2219,
  872,
  3072,
  2536,
  2010],
 [3820,
  4038,
  4594,
  4968,
  1603,
  5452,
  1439,
  4965,
  4217,
  2608,
  1322,
  4863,
  2051,
  4639,
  4421,
  4357,
  3422,
  1032,
  4769,
  3929,
  3103,
  3205,
  2226,
  2397,
  4504,
  2681,
  3746,
  5234,
  4504,
  3164,
  3887,
  3099,
  2223,
  7406,
  7858,
  7324,
  7179,
  6491,
  6093,
  4072,
  5192,
  2381,
  6485,
  6674,
  5950,
  4596,
  3703,
  4634,
  6207,
  2741,
  7596,
  4323,
  3371,
  5083,
  3644,
  3194,
  5832,
  1725,
  4055,
  1240,
  7100,
  4712,
  2278,
  3054,
  5201,
  3223,
  3250,
  3174,
  4061,
  6876,
  697,
  3804,
  0,
  7304,
  4442,
  3689,
  7899,
  5399,
  2379,
  4351,
  3078,
  5204,
  2283,
  377],
 [5459,
  5677,
  2219,
  1807,
  2948,
  1524,
  6369,
  1377,
  7162,
  4844,
  3229,
  1702,
  6560,
  3186,
  2968,
  2480,
  4338,
  5225,
  1989,
  2956,
  4742,
  6150,
  6017,
  5781,
  1930,
  5314,
  5385,
  1866,
  1948,
  4387,
  6832,
  4342,
  5972,
  1808,
  554,
  20,
  554,
  990,
  2574,
  3271,
  2269,
  2276,
  3223,
  3412,
  2431,
  2241,
  3704,
  1709,
  2945,
  2636,
  292,
  2296,
  5010,
  2305,
  6589,
  6139,
  510,
  6465,
  5694,
  6477,
  3838,
  2628,
  5431,
  4693,
  1141,
  4862,
  4889,
  4813,
  5700,
  1373,
  4890,
  5443,
  4193,
  0,
  6081,
  3125,
  595,
  943,
  6128,
  3179,
  4717,
  1836,
  6381,
  4570],
 [630,
  412,
  3350,
  3724,
  4010,
  4208,
  3482,
  3721,
  4205,
  1887,
  3729,
  3619,
  3294,
  3395,
  3177,
  3113,
  2178,
  3413,
  3525,
  2685,
  1203,
  3193,
  3060,
  2824,
  3260,
  2357,
  1846,
  3990,
  3260,
  1920,
  3875,
  1855,
  4241,
  6162,
  6614,
  6080,
  5935,
  5247,
  4849,
  2828,
  3948,
  4391,
  5498,
  5687,
  4706,
  3352,
  2459,
  3390,
  5220,
  4751,
  6352,
  3079,
  1471,
  3839,
  3632,
  3182,
  4588,
  3743,
  338,
  3283,
  6113,
  3468,
  2474,
  1396,
  3957,
  1227,
  1200,
  1274,
  550,
  5632,
  3218,
  706,
  2521,
  6060,
  0,
  2445,
  6655,
  4155,
  4397,
  3107,
  1372,
  3960,
  3424,
  2898],
 [1807,
  2025,
  905,
  1533,
  3315,
  1848,
  2787,
  1747,
  3510,
  1192,
  3034,
  1852,
  2599,
  950,
  732,
  668,
  1013,
  2718,
  2360,
  240,
  1090,
  2498,
  2365,
  2129,
  815,
  1662,
  1733,
  1258,
  2098,
  525,
  3180,
  690,
  3546,
  3263,
  3639,
  3105,
  3106,
  2420,
  3684,
  1663,
  2783,
  3226,
  4333,
  4522,
  3541,
  907,
  1294,
  1859,
  4055,
  3586,
  3377,
  1914,
  1358,
  1394,
  2937,
  2487,
  2614,
  3048,
  2042,
  2588,
  4948,
  2303,
  1779,
  1041,
  1983,
  1210,
  1237,
  1161,
  2048,
  2803,
  2053,
  1791,
  1356,
  3085,
  2429,
  0,
  3680,
  2181,
  3702,
  1942,
  1065,
  1288,
  2729,
  1733],
 [6021,
  6239,
  2781,
  2369,
  3510,
  2086,
  6931,
  1939,
  7724,
  5406,
  3791,
  2264,
  7122,
  3748,
  3530,
  3042,
  4900,
  5787,
  2551,
  3518,
  5304,
  6712,
  6579,
  6343,
  2492,
  5876,
  5947,
  2428,
  2510,
  4949,
  7394,
  4904,
  6534,
  2370,
  285,
  600,
  1116,
  1552,
  3136,
  3833,
  2831,
  2838,
  3785,
  3974,
  2993,
  2803,
  4266,
  2271,
  3507,
  3198,
  765,
  2858,
  5572,
  2867,
  7151,
  6701,
  1072,
  7027,
  6256,
  7039,
  4400,
  3190,
  5993,
  5255,
  1703,
  5424,
  5451,
  5375,
  6262,
  1935,
  5452,
  6005,
  4755,
  707,
  6643,
  3687,
  0,
  1505,
  6690,
  3741,
  5279,
  2398,
  6943,
  5132],
 [3513,
  3731,
  1276,
  864,
  3202,
  581,
  3686,
  434,
  5216,
  2898,
  3569,
  759,
  4305,
  2243,
  2025,
  1537,
  2392,
  3279,
  1046,
  2013,
  2796,
  4204,
  4071,
  3835,
  987,
  3368,
  3439,
  923,
  1005,
  2441,
  4886,
  2396,
  5252,
  2062,
  1458,
  924,
  1261,
  1219,
  2828,
  1944,
  3064,
  2530,
  3477,
  3666,
  2685,
  1298,
  1758,
  766,
  3199,
  2890,
  1196,
  1353,
  3064,
  1362,
  4643,
  4193,
  433,
  4754,
  3748,
  3487,
  4092,
  2584,
  3485,
  2747,
  198,
  2916,
  2943,
  2867,
  3754,
  1602,
  2944,
  3497,
  2247,
  904,
  4135,
  2182,
  1499,
  0,
  5408,
  2223,
  2771,
  893,
  4435,
  2624],
 [3793,
  4011,
  4567,
  4941,
  1950,
  5425,
  1037,
  4938,
  3299,
  2581,
  1669,
  4836,
  1228,
  4612,
  4394,
  4330,
  3395,
  1353,
  4742,
  3902,
  3076,
  2287,
  1403,
  1574,
  4477,
  2335,
  3719,
  5207,
  4477,
  3137,
  2969,
  3072,
  292,
  6141,
  6593,
  6059,
  5914,
  5226,
  4828,
  4045,
  4430,
  4603,
  4114,
  4303,
  4253,
  4569,
  3676,
  4607,
  3836,
  3610,
  6331,
  4296,
  3344,
  5056,
  2726,
  2276,
  6382,
  1133,
  4028,
  1145,
  4729,
  4789,
  1990,
  3027,
  5174,
  3196,
  3223,
  3147,
  4034,
  5611,
  1688,
  3777,
  2385,
  6039,
  4415,
  3662,
  6634,
  5372,
  0,
  4324,
  3051,
  5177,
  1440,
  2008],
 [2617,
  2835,
  2494,
  1875,
  1956,
  2359,
  2790,
  1872,
  4320,
  2002,
  2673,
  1770,
  3409,
  3020,
  2802,
  2755,
  1496,
  2383,
  1676,
  2310,
  1900,
  3308,
  3175,
  2939,
  2205,
  2472,
  2543,
  2141,
  1411,
  1545,
  3990,
  1500,
  4980,
  3055,
  3507,
  2973,
  2828,
  2140,
  1742,
  429,
  841,
  1284,
  2391,
  2580,
  1599,
  2516,
  862,
  1541,
  2113,
  1644,
  3245,
  1230,
  2168,
  3191,
  3747,
  3297,
  3296,
  3858,
  2852,
  2591,
  3006,
  361,
  2589,
  1851,
  2108,
  2020,
  2047,
  1971,
  2858,
  2525,
  2048,
  2601,
  1351,
  2953,
  3239,
  2070,
  3548,
  2306,
  5136,
  0,
  1875,
  2111,
  3539,
  1728],
 [742,
  960,
  1978,
  2352,
  2638,
  2836,
  2110,
  2349,
  2833,
  515,
  2357,
  2247,
  1922,
  2023,
  1805,
  1741,
  806,
  2041,
  2153,
  1313,
  487,
  1821,
  1688,
  1452,
  1888,
  985,
  1130,
  2618,
  1888,
  548,
  2503,
  483,
  2869,
  4790,
  5242,
  4708,
  4563,
  3875,
  3477,
  1456,
  2576,
  3019,
  4126,
  4315,
  3334,
  1980,
  1087,
  2018,
  3848,
  3379,
  4980,
  1707,
  755,
  2467,
  2260,
  1810,
  3216,
  2371,
  1702,
  1911,
  4741,
  2096,
  1102,
  24,
  2585,
  145,
  172,
  558,
  1914,
  4260,
  1846,
  1188,
  1149,
  4688,
  1364,
  1073,
  5283,
  2783,
  3025,
  1735,
  0,
  2588,
  2052,
  1526],
 [3318,
  3536,
  383,
  289,
  3115,
  946,
  3491,
  459,
  5021,
  2703,
  3374,
  564,
  4110,
  1350,
  1132,
  644,
  2197,
  3084,
  851,
  1120,
  2601,
  4009,
  3876,
  3640,
  94,
  3173,
  3244,
  30,
  810,
  1814,
  4691,
  1979,
  5057,
  1975,
  2351,
  1817,
  1818,
  1132,
  2741,
  1749,
  2869,
  2443,
  3390,
  3579,
  2598,
  405,
  1563,
  571,
  3112,
  2803,
  2089,
  1158,
  2869,
  1080,
  4448,
  3998,
  1326,
  4559,
  3553,
  3292,
  4005,
  2389,
  3290,
  2552,
  695,
  2721,
  2748,
  2672,
  3559,
  1515,
  2749,
  3302,
  2052,
  1797,
  3940,
  1289,
  2392,
  893,
  5213,
  2028,
  2576,
  0,
  4240,
  2429],
 [2873,
  3091,
  3647,
  4021,
  1367,
  4505,
  454,
  4018,
  2379,
  1661,
  1086,
  3916,
  308,
  3692,
  3474,
  3410,
  2475,
  770,
  3822,
  2982,
  2156,
  1367,
  483,
  654,
  3557,
  1415,
  2799,
  4287,
  3557,
  2217,
  2049,
  2152,
  817,
  6379,
  6831,
  6377,
  6232,
  5544,
  5146,
  3125,
  4245,
  2145,
  5079,
  5268,
  5067,
  3649,
  2756,
  3687,
  4801,
  3848,
  6649,
  3376,
  2424,
  4136,
  1806,
  1356,
  4885,
  319,
  3108,
  562,
  5694,
  3765,
  1070,
  2107,
  4254,
  2276,
  2303,
  2227,
  3114,
  5929,
  1105,
  2857,
  1802,
  6357,
  3495,
  2742,
  6872,
  4452,
  973,
  3404,
  2131,
  4257,
  0,
  1425],
 [3443,
  3661,
  4217,
  4591,
  1226,
  5075,
  1062,
  4588,
  3840,
  2231,
  945,
  4486,
  1674,
  4262,
  4044,
  3980,
  3045,
  655,
  4392,
  3552,
  2726,
  2828,
  1849,
  2020,
  4127,
  2304,
  3369,
  4857,
  4127,
  2787,
  3510,
  2722,
  1846,
  7029,
  7481,
  6947,
  6802,
  6114,
  5716,
  3695,
  4815,
  2004,
  6108,
  6297,
  5573,
  4219,
  3326,
  4257,
  5830,
  2364,
  7219,
  3946,
  2994,
  4706,
  3267,
  2817,
  5455,
  1348,
  3678,
  863,
  6723,
  4335,
  1901,
  2677,
  4824,
  2846,
  2873,
  2797,
  3684,
  6499,
  320,
  3427,
  377,
  6927,
  4065,
  3312,
  7522,
  5022,
  2002,
  3974,
  2701,
  4827,
  1906,
  0]]
