[[0,
  960,
  1200,
  431,
  233,
  4740,
  5415,
  5776,
  3562,
  4580,
  2945,
  2560,
  1981,
  1303,
  4009,
  2079,
  2410,
  3291,
  1731,
  2511,
  1603,
  2489,
  5475,
  2603,
  2110,
  2465,
  2936,
  2607,
  2923,
  3472,
  3792,
  3580,
  5270,
  4922,
  1843,
  3321,
  724,
  1215,
  2511,
  6305,
  3141,
  2735,
  1666,
  971,
  928,
  4385,
  1681,
  3111,
  2272,
  1883,
  2028,
  2964,
  3981,
  5000,
  2924,
  2759,
  2073,
  2995,
  3863,
  5114,
  1334,
  239,
  4856,
  3622,
  2014,
  2881,
  5541,
  1842,
  1568,
  4271,
  386,
  1576,
  2670,
  2442,
  2973,
  2203,
  5149,
  1658,
  5459,
  1191,
  2918],
 [650,
  0,
  753,
  1081,
  883,
  4293,
  4968,
  5329,
  4212,
  5230,
  3595,
  3210,
  2158,
  1953,
  5391,
  2575,
  2906,
  2844,
  1908,
  2688,
  1780,
  2666,
  5028,
  3099,
  2606,
  3240,
  3460,
  2784,
  3100,
  4190,
  4288,
  4076,
  4823,
  4475,
  2339,
  3498,
  1220,
  1711,
  2688,
  5858,
  3318,
  2912,
  2162,
  1467,
  481,
  5035,
  1858,
  3607,
  2449,
  2060,
  2205,
  3141,
  3534,
  4553,
  2644,
  2936,
  2250,
  3491,
  4359,
  4667,
  1511,
  534,
  4409,
  4118,
  2191,
  3058,
  5094,
  2492,
  1745,
  5096,
  369,
  1129,
  2847,
  2619,
  3150,
  2380,
  4702,
  2154,
  5012,
  1687,
  3095],
 [1151,
  501,
  0,
  1582,
  1384,
  3742,
  4417,
  4778,
  4713,
  5731,
  4096,
  3711,
  1918,
  2454,
  4840,
  3076,
  3407,
  2293,
  1668,
  2448,
  1540,
  2426,
  4477,
  3600,
  2406,
  3000,
  2909,
  2544,
  3016,
  3639,
  4433,
  4577,
  4272,
  3924,
  2840,
  3414,
  1721,
  2212,
  2448,
  5307,
  3078,
  2672,
  2663,
  1968,
  290,
  5536,
  1618,
  4108,
  2209,
  1820,
  1965,
  2901,
  2983,
  4002,
  2404,
  2696,
  2010,
  3992,
  4698,
  4116,
  1271,
  1035,
  3858,
  4548,
  1951,
  2818,
  4543,
  2993,
  1505,
  4545,
  870,
  578,
  2763,
  2535,
  2910,
  2140,
  4151,
  2655,
  4461,
  2188,
  3011],
 [431,
  1391,
  1631,
  0,
  210,
  5171,
  5846,
  6207,
  3131,
  4149,
  2514,
  2129,
  2412,
  872,
  4440,
  2510,
  2841,
  3722,
  2162,
  2942,
  2034,
  2920,
  5906,
  3034,
  2541,
  2896,
  3367,
  3038,
  3354,
  3903,
  4223,
  4011,
  5701,
  5353,
  2274,
  3752,
  1155,
  1646,
  2942,
  6736,
  3572,
  3166,
  2097,
  1402,
  1359,
  3954,
  2112,
  3542,
  2703,
  2314,
  2459,
  3395,
  4412,
  5431,
  3355,
  3190,
  2504,
  3426,
  4294,
  5545,
  1765,
  670,
  5287,
  4053,
  2445,
  3312,
  5972,
  1411,
  1999,
  4702,
  817,
  2007,
  3101,
  2873,
  3404,
  2634,
  5580,
  2089,
  5890,
  1622,
  3349],
 [233,
  1193,
  1433,
  210,
  0,
  4973,
  5648,
  6009,
  3341,
  4359,
  2724,
  2339,
  2214,
  1082,
  4242,
  2312,
  2643,
  3524,
  1964,
  2744,
  1836,
  2722,
  5708,
  2836,
  2343,
  2698,
  3169,
  2840,
  3156,
  3705,
  4025,
  3813,
  5503,
  5155,
  2076,
  3554,
  957,
  1448,
  2744,
  6538,
  3374,
  2968,
  1899,
  1204,
  1161,
  4164,
  1914,
  3344,
  2505,
  2116,
  2261,
  3197,
  4214,
  5233,
  3157,
  2992,
  2306,
  3228,
  4096,
  5347,
  1567,
  472,
  5089,
  3855,
  2247,
  3114,
  5774,
  1621,
  1801,
  4504,
  619,
  1809,
  2903,
  2675,
  3206,
  2436,
  5382,
  1891,
  5692,
  1424,
  3151],
 [4618,
  3968,
  3467,
  5049,
  4851,
  0,
  903,
  2962,
  8823,
  9321,
  7125,
  6740,
  2297,
  5921,
  3024,
  4416,
  4212,
  2413,
  2640,
  3093,
  3189,
  2805,
  2256,
  3887,
  4055,
  4386,
  1313,
  4193,
  1379,
  1772,
  2617,
  3798,
  2456,
  2817,
  5036,
  1639,
  5188,
  5476,
  2991,
  3595,
  3596,
  3317,
  5936,
  6103,
  3757,
  8674,
  2492,
  3305,
  3488,
  3099,
  3244,
  2910,
  1194,
  3284,
  4845,
  4345,
  3659,
  3506,
  2980,
  2456,
  2920,
  4502,
  3104,
  3172,
  3600,
  3463,
  2883,
  6460,
  2784,
  2827,
  4337,
  3441,
  1632,
  1860,
  3770,
  1944,
  3061,
  4851,
  2095,
  5538,
  1384],
 [4915,
  4265,
  3764,
  5346,
  5148,
  297,
  0,
  2615,
  8476,
  8974,
  9093,
  7037,
  2594,
  6218,
  2677,
  4069,
  3865,
  2710,
  2937,
  3390,
  3486,
  3102,
  2553,
  3540,
  4992,
  4039,
  1610,
  4408,
  1676,
  2069,
  2270,
  3451,
  2109,
  2470,
  4689,
  1936,
  5535,
  5129,
  3288,
  3248,
  3746,
  3614,
  5589,
  5756,
  4054,
  8327,
  2789,
  2958,
  3785,
  3396,
  3541,
  3207,
  1491,
  3581,
  4498,
  4167,
  3956,
  3159,
  2633,
  2753,
  3217,
  4799,
  2616,
  2825,
  3897,
  3760,
  2782,
  6757,
  3081,
  2480,
  4634,
  3738,
  1929,
  2157,
  4774,
  2241,
  2714,
  4504,
  2392,
  5191,
  1681],
 [4755,
  5197,
  4696,
  5186,
  4988,
  2949,
  2652,
  0,
  5861,
  6359,
  6478,
  6863,
  2839,
  6058,
  1406,
  2798,
  2594,
  2955,
  3182,
  3635,
  3731,
  3347,
  1964,
  2269,
  3721,
  2768,
  3187,
  3137,
  3174,
  2323,
  999,
  2180,
  954,
  1199,
  3418,
  2389,
  4264,
  3858,
  3533,
  1977,
  2475,
  2684,
  4318,
  4485,
  4986,
  5712,
  3034,
  1687,
  4030,
  3641,
  3786,
  2582,
  3382,
  2323,
  3227,
  2896,
  3938,
  1888,
  1362,
  1603,
  3462,
  5731,
  1345,
  1554,
  3697,
  2538,
  1262,
  7639,
  3326,
  1209,
  5566,
  4670,
  2921,
  2693,
  3503,
  2486,
  1443,
  3233,
  1948,
  3920,
  3169],
 [3586,
  4546,
  4786,
  3155,
  3365,
  8666,
  8369,
  6167,
  0,
  1018,
  617,
  1002,
  5567,
  2259,
  7123,
  1427,
  1758,
  8667,
  5317,
  3219,
  5189,
  3438,
  7681,
  1951,
  2350,
  1813,
  8899,
  2182,
  8886,
  8040,
  3140,
  2928,
  6671,
  6916,
  2047,
  8106,
  4310,
  2487,
  3321,
  7689,
  2716,
  2995,
  2947,
  4557,
  4514,
  823,
  5267,
  2459,
  3281,
  5469,
  3037,
  3705,
  9094,
  8040,
  2272,
  1941,
  2746,
  2343,
  7079,
  7320,
  4920,
  3825,
  7062,
  2970,
  2742,
  2849,
  6979,
  1778,
  5154,
  6926,
  3972,
  5162,
  8633,
  8405,
  2548,
  8198,
  7155,
  1862,
  7665,
  4777,
  8881],
 [4604,
  5564,
  5804,
  4173,
  4383,
  9164,
  8867,
  6665,
  1018,
  0,
  1635,
  2020,
  9049,
  3277,
  7621,
  2359,
  2690,
  9165,
  9392,
  4151,
  6207,
  4370,
  8179,
  2883,
  3282,
  2745,
  9397,
  3114,
  9384,
  8538,
  4072,
  3860,
  7169,
  7414,
  2979,
  8604,
  5328,
  3419,
  4253,
  8187,
  3648,
  3927,
  3879,
  4046,
  5532,
  647,
  6285,
  3391,
  4213,
  6487,
  3969,
  4637,
  9592,
  8538,
  3204,
  2873,
  3678,
  3275,
  7577,
  7818,
  5938,
  4843,
  7560,
  3902,
  3674,
  3781,
  7477,
  2796,
  6172,
  7424,
  4990,
  6180,
  9131,
  8903,
  3480,
  8696,
  7653,
  2794,
  8163,
  3481,
  9379],
 [2969,
  3929,
  4169,
  2538,
  2748,
  9283,
  8986,
  6784,
  617,
  1635,
  0,
  385,
  4950,
  1642,
  7740,
  2044,
  2375,
  6260,
  4700,
  5480,
  4572,
  5458,
  8298,
  2568,
  2967,
  2430,
  5905,
  2799,
  5892,
  8657,
  3757,
  3545,
  7288,
  7533,
  2664,
  8723,
  3693,
  4184,
  5480,
  8306,
  3333,
  3612,
  4635,
  3940,
  3897,
  1440,
  4650,
  3076,
  5241,
  4852,
  4997,
  5933,
  7052,
  8657,
  2889,
  2558,
  5042,
  2960,
  7696,
  7937,
  4303,
  3208,
  7679,
  3587,
  4983,
  3466,
  7596,
  1161,
  4537,
  7543,
  3355,
  4545,
  5639,
  5411,
  3165,
  5172,
  7772,
  2479,
  8282,
  4160,
  5887],
 [2584,
  3544,
  3784,
  2153,
  2363,
  9668,
  9371,
  7169,
  1002,
  2020,
  385,
  0,
  4565,
  1257,
  8125,
  2429,
  2760,
  5875,
  4315,
  5095,
  4187,
  5073,
  8683,
  2953,
  4694,
  2815,
  5520,
  5191,
  5507,
  9042,
  4142,
  3930,
  7673,
  7918,
  3049,
  9108,
  3308,
  3799,
  5095,
  8691,
  3718,
  5319,
  4250,
  3555,
  3512,
  1825,
  4265,
  3461,
  4856,
  4467,
  4612,
  5548,
  6667,
  6504,
  3274,
  2943,
  4657,
  3345,
  8081,
  8322,
  3918,
  2823,
  8064,
  3972,
  4598,
  3851,
  7981,
  776,
  4152,
  7928,
  2970,
  4160,
  5254,
  5026,
  3550,
  4787,
  8157,
  2864,
  8667,
  3775,
  5502],
 [2015,
  2240,
  1739,
  2446,
  2248,
  2423,
  4039,
  2847,
  5577,
  6595,
  4960,
  4575,
  0,
  3318,
  2909,
  2939,
  2716,
  855,
  475,
  796,
  1024,
  508,
  2510,
  2909,
  1890,
  2484,
  1087,
  2028,
  1074,
  1623,
  2502,
  2042,
  2341,
  1957,
  2699,
  1472,
  2585,
  3076,
  694,
  1386,
  1299,
  1020,
  3599,
  2832,
  2029,
  6400,
  327,
  1573,
  933,
  934,
  1079,
  613,
  1282,
  2071,
  1888,
  2180,
  1494,
  1774,
  1480,
  2149,
  755,
  1899,
  1891,
  1334,
  1435,
  1166,
  2576,
  3857,
  619,
  1717,
  2609,
  1371,
  821,
  593,
  1473,
  354,
  2184,
  2514,
  1946,
  3052,
  1069],
 [1327,
  2287,
  2527,
  896,
  1106,
  6220,
  7205,
  6013,
  2259,
  3277,
  1642,
  1257,
  3308,
  0,
  5336,
  3406,
  3737,
  4618,
  3058,
  3838,
  2930,
  3816,
  5686,
  3930,
  3437,
  3792,
  4263,
  3934,
  4250,
  4799,
  5119,
  4907,
  5507,
  5133,
  3170,
  4648,
  2051,
  2542,
  3838,
  7632,
  4468,
  4062,
  2993,
  2298,
  2255,
  3082,
  3008,
  4438,
  3599,
  3210,
  3355,
  4291,
  5308,
  5247,
  4251,
  4086,
  3400,
  4322,
  5190,
  6441,
  2661,
  1566,
  5067,
  4949,
  3341,
  4208,
  6868,
  539,
  2895,
  5598,
  1713,
  2903,
  3997,
  3769,
  4300,
  3530,
  5996,
  2985,
  5122,
  2518,
  4245],
 [3349,
  4175,
  3958,
  3780,
  3582,
  3369,
  3072,
  1880,
  2655,
  3587,
  3272,
  5909,
  1795,
  4652,
  0,
  1392,
  1188,
  3375,
  2270,
  1542,
  3304,
  1284,
  2231,
  863,
  2315,
  1362,
  3607,
  1731,
  3594,
  2590,
  986,
  774,
  1374,
  1372,
  2012,
  2656,
  2858,
  2452,
  1440,
  1945,
  1069,
  1278,
  2912,
  3079,
  4143,
  2986,
  3319,
  281,
  2830,
  3584,
  2586,
  1551,
  3802,
  2590,
  1821,
  1490,
  2532,
  482,
  1057,
  1870,
  3035,
  3454,
  1612,
  816,
  2291,
  1132,
  2047,
  5191,
  2992,
  1465,
  3601,
  3590,
  3341,
  3113,
  2097,
  2906,
  1400,
  1827,
  2215,
  2514,
  3589],
 [2516,
  3483,
  2982,
  2947,
  2749,
  4096,
  3799,
  2607,
  1822,
  2754,
  2439,
  5076,
  2643,
  3819,
  1930,
  0,
  331,
  4102,
  2393,
  1792,
  2328,
  2011,
  3111,
  524,
  1482,
  386,
  4334,
  755,
  4321,
  3470,
  1713,
  1501,
  2101,
  2346,
  1179,
  3536,
  2025,
  1619,
  1894,
  3124,
  1289,
  1568,
  2079,
  2246,
  3272,
  2153,
  2343,
  1032,
  1854,
  2608,
  1610,
  2278,
  4529,
  3470,
  845,
  514,
  1556,
  916,
  1784,
  2750,
  2059,
  2621,
  2492,
  1543,
  1315,
  1422,
  2774,
  4358,
  2016,
  2192,
  2768,
  2614,
  4068,
  3840,
  1121,
  3633,
  2590,
  994,
  3095,
  1681,
  4316],
 [2545,
  3371,
  3154,
  2976,
  2778,
  3765,
  3468,
  2276,
  1851,
  2783,
  2468,
  5105,
  2191,
  3848,
  1599,
  588,
  0,
  3771,
  2565,
  1964,
  2500,
  1680,
  2780,
  193,
  1511,
  558,
  4003,
  927,
  3990,
  3139,
  1382,
  1170,
  1770,
  2015,
  1208,
  3205,
  2054,
  1648,
  1836,
  2793,
  1461,
  1740,
  2108,
  2275,
  3339,
  2182,
  2515,
  701,
  2026,
  2780,
  1782,
  1947,
  4198,
  3139,
  1017,
  686,
  1728,
  585,
  1453,
  2419,
  2231,
  2650,
  2161,
  1212,
  1487,
  1594,
  2443,
  4387,
  2188,
  1861,
  2797,
  2786,
  3737,
  3509,
  1293,
  3302,
  2259,
  1023,
  2764,
  1710,
  3985],
 [2930,
  2280,
  1779,
  3361,
  3163,
  2903,
  3578,
  3939,
  6492,
  7510,
  5875,
  5490,
  1982,
  4233,
  4001,
  5393,
  5189,
  0,
  2325,
  2778,
  2715,
  2490,
  3638,
  4864,
  3581,
  4175,
  2070,
  3719,
  2177,
  2800,
  3594,
  4775,
  3433,
  3085,
  6013,
  2575,
  3500,
  3991,
  2676,
  4468,
  3281,
  3002,
  4442,
  3747,
  2069,
  7315,
  2793,
  4282,
  3384,
  2995,
  3140,
  4076,
  2144,
  3163,
  3579,
  3871,
  3185,
  4483,
  3859,
  3277,
  2446,
  2814,
  3019,
  3709,
  3126,
  3148,
  3704,
  4772,
  2680,
  3706,
  2649,
  1753,
  1924,
  1696,
  4085,
  1629,
  3312,
  5828,
  3622,
  3967,
  2172],
 [1540,
  1765,
  1264,
  1971,
  1773,
  2804,
  4420,
  3228,
  5102,
  6120,
  4485,
  4100,
  513,
  2843,
  3290,
  2464,
  2241,
  1236,
  0,
  1087,
  549,
  1021,
  2891,
  2434,
  1415,
  2009,
  1468,
  1553,
  1455,
  2004,
  3623,
  3411,
  2722,
  2338,
  2224,
  1853,
  2110,
  2601,
  1087,
  1767,
  1590,
  1311,
  3124,
  2357,
  1554,
  5925,
  213,
  2942,
  848,
  459,
  604,
  1540,
  1663,
  2452,
  1413,
  1705,
  1019,
  2826,
  1993,
  2530,
  280,
  1424,
  2272,
  1847,
  960,
  1457,
  2957,
  3382,
  144,
  2995,
  2134,
  896,
  1202,
  974,
  1919,
  735,
  2565,
  2039,
  2875,
  2577,
  1450],
 [2545,
  2770,
  2269,
  2976,
  2778,
  3222,
  4050,
  2858,
  3223,
  4155,
  5490,
  5105,
  799,
  3848,
  2181,
  1960,
  1823,
  1654,
  1274,
  0,
  1554,
  288,
  2233,
  2016,
  1504,
  1591,
  1886,
  1135,
  1873,
  2422,
  1964,
  1752,
  2352,
  1374,
  2580,
  2271,
  3115,
  3020,
  102,
  1947,
  503,
  224,
  3480,
  3647,
  2559,
  3554,
  1282,
  1283,
  239,
  1733,
  483,
  555,
  2081,
  2870,
  1251,
  1287,
  1108,
  1484,
  1230,
  1872,
  1285,
  2429,
  1614,
  1084,
  833,
  370,
  2299,
  4387,
  955,
  1467,
  3139,
  1901,
  1620,
  1392,
  677,
  1153,
  1402,
  2395,
  2217,
  3082,
  1868],
 [1670,
  1895,
  1394,
  2101,
  1903,
  3409,
  5160,
  3968,
  3092,
  4024,
  4615,
  4230,
  1118,
  2973,
  3291,
  1915,
  1692,
  1841,
  868,
  1189,
  0,
  1375,
  3496,
  1885,
  866,
  1460,
  2073,
  1004,
  2060,
  2609,
  3074,
  2862,
  3462,
  2943,
  1675,
  2458,
  2240,
  2115,
  1189,
  4485,
  1538,
  1413,
  2575,
  2742,
  1684,
  3423,
  818,
  2393,
  950,
  1020,
  706,
  1642,
  2268,
  3057,
  864,
  1156,
  470,
  2277,
  3145,
  3135,
  471,
  1554,
  2877,
  2904,
  411,
  1671,
  3562,
  3512,
  705,
  3553,
  2264,
  1026,
  1807,
  1579,
  1370,
  1340,
  3951,
  1490,
  3480,
  2177,
  2055],
 [2526,
  2751,
  2250,
  2957,
  2759,
  2934,
  3832,
  2252,
  3511,
  4443,
  5471,
  5086,
  511,
  3829,
  1963,
  2248,
  2111,
  1366,
  986,
  288,
  1535,
  0,
  1975,
  2304,
  1690,
  1879,
  1598,
  1423,
  1585,
  2134,
  1746,
  1534,
  1746,
  1116,
  2868,
  1983,
  3096,
  3308,
  186,
  1689,
  791,
  512,
  3768,
  3935,
  2540,
  3842,
  838,
  1065,
  425,
  1445,
  669,
  267,
  1793,
  2582,
  1539,
  1575,
  1294,
  1266,
  972,
  1614,
  1266,
  2410,
  1356,
  826,
  1019,
  658,
  2041,
  4368,
  1130,
  1209,
  3120,
  1882,
  1332,
  1104,
  965,
  865,
  1144,
  2683,
  1959,
  3370,
  1580],
 [5315,
  4665,
  4164,
  5746,
  5548,
  3081,
  2784,
  1592,
  7453,
  7951,
  8070,
  8455,
  2266,
  6618,
  1654,
  3046,
  2842,
  2382,
  2609,
  2024,
  3158,
  1766,
  0,
  2517,
  3969,
  3016,
  2614,
  3385,
  2601,
  691,
  1247,
  2272,
  1086,
  650,
  3666,
  757,
  4512,
  4106,
  1922,
  1422,
  2015,
  2248,
  4566,
  4733,
  4454,
  7304,
  2461,
  1935,
  3457,
  3068,
  3213,
  2033,
  1815,
  1674,
  3475,
  3144,
  3628,
  2136,
  1420,
  200,
  2889,
  5199,
  454,
  1274,
  3569,
  2078,
  627,
  7157,
  2753,
  1492,
  5034,
  3505,
  2348,
  2120,
  2189,
  1913,
  877,
  3481,
  316,
  4168,
  2596],
 [3080,
  3906,
  3689,
  3511,
  3313,
  3572,
  3275,
  2083,
  2386,
  3318,
  3003,
  5640,
  1998,
  4383,
  1406,
  1123,
  919,
  3578,
  3805,
  1745,
  3035,
  1487,
  2587,
  0,
  2046,
  1093,
  3810,
  1462,
  3797,
  2946,
  1189,
  977,
  1577,
  1822,
  1743,
  3012,
  2589,
  2183,
  1643,
  2600,
  1272,
  1481,
  2643,
  2810,
  3874,
  2717,
  3050,
  508,
  2561,
  3315,
  2317,
  1754,
  4005,
  2946,
  1552,
  1221,
  2263,
  392,
  1260,
  2226,
  2766,
  3185,
  1968,
  1019,
  2022,
  1335,
  2250,
  4922,
  2723,
  1668,
  3332,
  3321,
  3544,
  3316,
  1828,
  3109,
  2066,
  1558,
  2571,
  2245,
  3792],
 [2146,
  2699,
  2198,
  2577,
  2379,
  5145,
  4848,
  3656,
  2350,
  3282,
  5091,
  4706,
  1922,
  3449,
  2979,
  1049,
  1380,
  2645,
  1672,
  1507,
  1544,
  1693,
  4160,
  1573,
  0,
  1435,
  2877,
  1322,
  2864,
  3413,
  2762,
  2550,
  3150,
  3395,
  809,
  3262,
  1655,
  1249,
  1507,
  4173,
  1856,
  1731,
  1709,
  1876,
  2488,
  2681,
  1622,
  2081,
  1268,
  1824,
  1024,
  1960,
  3072,
  3861,
  1182,
  1474,
  396,
  1965,
  2833,
  3799,
  1275,
  2251,
  3541,
  2592,
  729,
  1989,
  3823,
  3988,
  1509,
  3241,
  2398,
  1830,
  2611,
  2383,
  1688,
  2144,
  3639,
  624,
  4144,
  1311,
  2859],
 [2326,
  3152,
  3392,
  2757,
  2559,
  3997,
  3700,
  2508,
  1632,
  2564,
  2249,
  4886,
  2423,
  3629,
  1831,
  369,
  232,
  4003,
  2346,
  1745,
  2281,
  1912,
  3012,
  425,
  1292,
  0,
  4235,
  708,
  4222,
  3371,
  1614,
  1402,
  2002,
  2247,
  989,
  3437,
  1835,
  1429,
  2068,
  3025,
  1242,
  1521,
  1889,
  2056,
  3120,
  1963,
  2296,
  933,
  1807,
  2561,
  1563,
  2179,
  4430,
  3371,
  798,
  467,
  1688,
  817,
  1685,
  2651,
  2012,
  2431,
  2393,
  1444,
  1268,
  1375,
  2675,
  4168,
  1969,
  2093,
  2578,
  2567,
  3969,
  3741,
  1074,
  3534,
  2491,
  804,
  2996,
  1491,
  4217],
 [3566,
  2916,
  2415,
  3997,
  3799,
  1444,
  2119,
  2855,
  8711,
  9209,
  5920,
  5535,
  1092,
  4869,
  2917,
  4309,
  4105,
  1208,
  1435,
  1888,
  1984,
  1600,
  1825,
  3780,
  2850,
  3444,
  0,
  2988,
  174,
  1341,
  2510,
  3691,
  2349,
  1965,
  4929,
  1208,
  4136,
  4627,
  1786,
  2737,
  2391,
  2112,
  5078,
  4383,
  2705,
  8562,
  1287,
  3198,
  2283,
  1894,
  2039,
  2975,
  303,
  2079,
  2848,
  3140,
  2454,
  3399,
  2775,
  2157,
  1715,
  3450,
  1899,
  2589,
  2395,
  2258,
  2584,
  5408,
  1579,
  2622,
  3285,
  2389,
  427,
  655,
  2565,
  739,
  2192,
  4744,
  1664,
  4603,
  179],
 [2782,
  2962,
  2461,
  3213,
  3015,
  4453,
  4156,
  2964,
  2088,
  3020,
  2705,
  5342,
  2122,
  4085,
  2287,
  825,
  688,
  2845,
  1872,
  1271,
  1807,
  1559,
  3468,
  881,
  1748,
  456,
  3077,
  0,
  3064,
  3827,
  2070,
  1858,
  2458,
  2703,
  1445,
  3893,
  2291,
  1885,
  1373,
  3481,
  768,
  1047,
  2345,
  2512,
  2751,
  2419,
  1822,
  1389,
  1333,
  2087,
  1089,
  1826,
  3272,
  3827,
  324,
  152,
  1035,
  1273,
  2141,
  3107,
  1538,
  2887,
  2849,
  1900,
  794,
  901,
  3131,
  4624,
  1495,
  2549,
  3034,
  2093,
  2811,
  2583,
  600,
  2344,
  2947,
  1260,
  3452,
  1947,
  3059],
 [2956,
  3090,
  2589,
  3387,
  3189,
  1510,
  2185,
  2681,
  8537,
  9035,
  5901,
  5516,
  1073,
  4259,
  2743,
  4135,
  3931,
  1189,
  1416,
  1869,
  1965,
  1581,
  1891,
  3606,
  2831,
  3425,
  174,
  2969,
  0,
  1407,
  2336,
  3517,
  2175,
  1791,
  4755,
  907,
  3526,
  5195,
  1767,
  2563,
  2372,
  2093,
  5655,
  3773,
  2879,
  8388,
  1268,
  3024,
  2264,
  1875,
  2020,
  2956,
  369,
  1905,
  2829,
  3121,
  2435,
  3225,
  2601,
  1983,
  1696,
  2840,
  1725,
  2415,
  2376,
  2239,
  2410,
  4798,
  1560,
  2448,
  3459,
  2312,
  253,
  481,
  2546,
  720,
  2018,
  4570,
  1730,
  3993,
  5],
 [5799,
  5149,
  4648,
  6230,
  6032,
  2135,
  3268,
  2076,
  7937,
  8435,
  8554,
  8939,
  2750,
  7102,
  2138,
  3530,
  3326,
  2866,
  3093,
  2508,
  3642,
  2250,
  484,
  3001,
  4453,
  3500,
  1573,
  3869,
  1639,
  0,
  1731,
  2756,
  1570,
  1134,
  4150,
  396,
  4996,
  4590,
  2406,
  1906,
  2499,
  2732,
  5050,
  5217,
  4938,
  7788,
  2945,
  2419,
  3941,
  3552,
  3697,
  2517,
  1454,
  2158,
  3959,
  3628,
  4112,
  2620,
  1904,
  684,
  3373,
  5683,
  938,
  1758,
  4053,
  2562,
  1111,
  7641,
  3237,
  1976,
  5518,
  4622,
  2832,
  2604,
  2673,
  2397,
  1361,
  3965,
  323,
  4652,
  1644],
 [4305,
  4631,
  4130,
  4736,
  4538,
  2383,
  2086,
  894,
  6755,
  7253,
  7372,
  7757,
  2273,
  5608,
  956,
  2348,
  2144,
  2389,
  2616,
  3069,
  3165,
  2781,
  1398,
  1819,
  3271,
  2318,
  2621,
  2687,
  2608,
  1757,
  0,
  1730,
  388,
  633,
  2968,
  1823,
  3814,
  3408,
  2967,
  1411,
  2025,
  2234,
  3868,
  4035,
  4420,
  6606,
  2468,
  1237,
  3464,
  3075,
  3220,
  2016,
  2816,
  1757,
  2777,
  2446,
  3488,
  1438,
  796,
  1037,
  2896,
  5165,
  779,
  988,
  3576,
  2088,
  1061,
  6147,
  2760,
  643,
  5000,
  4104,
  2355,
  2127,
  3053,
  1920,
  877,
  2783,
  1382,
  3470,
  2603],
 [3778,
  4843,
  4342,
  4209,
  4011,
  2595,
  2298,
  1106,
  3084,
  4016,
  3701,
  6338,
  2485,
  5081,
  429,
  1821,
  1617,
  2601,
  2828,
  1971,
  3377,
  1713,
  1610,
  1292,
  2744,
  1791,
  2833,
  2160,
  2820,
  1969,
  212,
  0,
  600,
  845,
  2441,
  2035,
  3287,
  2881,
  1869,
  1623,
  1498,
  1707,
  3341,
  3508,
  4632,
  3415,
  2680,
  710,
  3259,
  3287,
  3015,
  1980,
  3028,
  1969,
  2250,
  1919,
  2961,
  911,
  1008,
  1249,
  3108,
  3883,
  991,
  1200,
  2720,
  1561,
  1273,
  5620,
  2972,
  855,
  4030,
  4316,
  2567,
  2339,
  2526,
  2132,
  1089,
  2256,
  1594,
  2943,
  2815],
 [4244,
  4686,
  4185,
  4675,
  4477,
  2438,
  2141,
  506,
  6367,
  6865,
  6984,
  7369,
  2328,
  5547,
  895,
  2287,
  2083,
  2444,
  2671,
  3124,
  3220,
  2836,
  1453,
  1758,
  3210,
  2257,
  2676,
  2626,
  2663,
  1812,
  488,
  1669,
  0,
  688,
  2907,
  1878,
  3753,
  3347,
  3022,
  1466,
  1964,
  2173,
  3807,
  3974,
  4475,
  6218,
  2523,
  1176,
  3519,
  3130,
  3275,
  2071,
  2871,
  1812,
  2716,
  2385,
  3427,
  1377,
  851,
  1092,
  2951,
  5220,
  834,
  1043,
  3186,
  2027,
  673,
  6086,
  2815,
  698,
  5055,
  4159,
  2410,
  2182,
  2992,
  1975,
  932,
  2722,
  1437,
  3409,
  2658],
 [4759,
  4109,
  3608,
  5190,
  4992,
  2625,
  2328,
  1136,
  6997,
  7495,
  7614,
  6153,
  1710,
  6062,
  1198,
  2264,
  2060,
  1826,
  2053,
  1374,
  2602,
  1116,
  859,
  1735,
  3187,
  2234,
  2058,
  2603,
  2045,
  1218,
  791,
  1622,
  630,
  0,
  2884,
  1284,
  3730,
  3324,
  1272,
  866,
  1365,
  1598,
  3784,
  3951,
  3898,
  6848,
  1905,
  1153,
  1511,
  2512,
  2657,
  1383,
  2253,
  1218,
  2693,
  2362,
  3072,
  1354,
  770,
  498,
  2333,
  4643,
  240,
  624,
  3013,
  1428,
  925,
  6601,
  2197,
  936,
  4478,
  2949,
  1792,
  1564,
  1539,
  1357,
  321,
  2699,
  843,
  3386,
  2040],
 [1337,
  2163,
  2403,
  1768,
  1570,
  5486,
  5189,
  3997,
  4899,
  5917,
  4282,
  3897,
  3184,
  2640,
  3320,
  1390,
  1721,
  4494,
  2934,
  3182,
  2806,
  3692,
  4501,
  1914,
  1421,
  1776,
  4139,
  2145,
  4126,
  4860,
  3103,
  2891,
  3491,
  3736,
  0,
  4926,
  846,
  440,
  3284,
  4514,
  2679,
  2958,
  900,
  1067,
  2131,
  5722,
  2884,
  2422,
  3475,
  3086,
  3231,
  3668,
  5184,
  6203,
  2235,
  1904,
  1817,
  2306,
  3174,
  4140,
  2537,
  1442,
  3882,
  2933,
  2150,
  2812,
  4164,
  3179,
  2771,
  3582,
  1589,
  2779,
  3873,
  3645,
  2511,
  3406,
  3980,
  969,
  4485,
  502,
  4121],
 [4482,
  3832,
  3331,
  4913,
  4715,
  1739,
  2414,
  2910,
  8771,
  9269,
  6989,
  6604,
  2161,
  5785,
  2972,
  4364,
  4160,
  2277,
  2504,
  2957,
  3053,
  2669,
  1318,
  3835,
  3919,
  4513,
  1177,
  4057,
  1243,
  834,
  2565,
  3590,
  2404,
  1968,
  4984,
  0,
  5052,
  5424,
  2855,
  2740,
  3460,
  3181,
  5884,
  5299,
  3621,
  8622,
  2356,
  3253,
  3352,
  2963,
  3108,
  4044,
  1058,
  3148,
  3917,
  4209,
  3523,
  3454,
  2738,
  1518,
  2784,
  4366,
  1772,
  2592,
  3464,
  3327,
  1945,
  6324,
  2648,
  2810,
  4201,
  3305,
  1496,
  1724,
  3634,
  1808,
  2195,
  4799,
  1157,
  5519,
  1248],
 [936,
  1762,
  2002,
  1367,
  1169,
  5451,
  5154,
  3962,
  4498,
  5516,
  3881,
  3496,
  2783,
  2239,
  3285,
  1355,
  1686,
  4093,
  2533,
  3147,
  2405,
  3291,
  4466,
  1879,
  1386,
  1741,
  3738,
  2110,
  3725,
  4825,
  3068,
  2856,
  3456,
  3701,
  1119,
  4891,
  0,
  491,
  3249,
  4479,
  2644,
  2923,
  942,
  666,
  1730,
  5321,
  2483,
  2387,
  3074,
  2685,
  2830,
  3633,
  4783,
  5802,
  2200,
  1869,
  1782,
  2271,
  3139,
  4105,
  2136,
  1041,
  3847,
  2898,
  2115,
  2777,
  4129,
  2778,
  2370,
  3547,
  1188,
  2378,
  3472,
  3244,
  2476,
  3005,
  3945,
  934,
  4450,
  467,
  3720],
 [3318,
  4144,
  4384,
  3749,
  3551,
  7453,
  7156,
  5964,
  6286,
  5590,
  5669,
  5284,
  5318,
  4621,
  5287,
  3357,
  3688,
  7459,
  5068,
  5149,
  4940,
  5368,
  6468,
  3881,
  3396,
  3743,
  6273,
  4112,
  6260,
  6827,
  5070,
  4858,
  5458,
  5703,
  3117,
  6893,
  2827,
  0,
  5251,
  6481,
  4646,
  4925,
  451,
  3048,
  4112,
  4989,
  5018,
  4389,
  5211,
  5220,
  4967,
  5635,
  7165,
  6827,
  4202,
  3871,
  3792,
  4273,
  5141,
  6107,
  4671,
  3423,
  5849,
  4900,
  4125,
  4779,
  6131,
  5160,
  5373,
  5549,
  3570,
  4760,
  6007,
  5779,
  4478,
  5540,
  5947,
  2932,
  6452,
  2483,
  6255],
 [2545,
  2770,
  2269,
  2976,
  2778,
  3120,
  3988,
  2408,
  3325,
  4257,
  5490,
  5105,
  697,
  3848,
  2119,
  2062,
  1925,
  1552,
  1172,
  102,
  1554,
  186,
  2131,
  2118,
  1504,
  1693,
  1784,
  1237,
  1771,
  2320,
  1902,
  1690,
  1902,
  1272,
  2682,
  2169,
  3115,
  3122,
  0,
  1845,
  605,
  326,
  3582,
  3749,
  2559,
  3656,
  1024,
  1221,
  239,
  1631,
  483,
  453,
  1979,
  2768,
  1353,
  1389,
  1108,
  1422,
  1128,
  1770,
  1285,
  2429,
  1512,
  982,
  833,
  472,
  2197,
  4387,
  955,
  1365,
  3139,
  1901,
  1518,
  1290,
  779,
  1051,
  1300,
  2497,
  2115,
  3184,
  1766],
 [2727,
  3236,
  2735,
  3158,
  2960,
  2528,
  4144,
  2952,
  6289,
  9306,
  5672,
  5287,
  844,
  4030,
  3014,
  3651,
  3428,
  960,
  1187,
  1640,
  1736,
  1352,
  2615,
  3621,
  2602,
  3196,
  1192,
  2740,
  1179,
  1728,
  2607,
  3788,
  2446,
  2062,
  3411,
  1577,
  3297,
  3788,
  1538,
  0,
  2143,
  1864,
  4311,
  3544,
  3025,
  8659,
  1039,
  3295,
  2035,
  1646,
  1791,
  2727,
  1387,
  2176,
  2600,
  2892,
  2206,
  3496,
  2872,
  2254,
  1467,
  2611,
  1996,
  2686,
  2147,
  2010,
  2681,
  4569,
  1331,
  2719,
  3605,
  2083,
  926,
  698,
  2317,
  491,
  2289,
  3226,
  2599,
  3764,
  1174],
 [3414,
  3386,
  2885,
  3845,
  3647,
  3883,
  3586,
  2394,
  2720,
  3652,
  3337,
  5974,
  1302,
  4717,
  1717,
  1457,
  1320,
  2157,
  1777,
  503,
  2057,
  791,
  2193,
  1513,
  1855,
  1088,
  2389,
  632,
  2376,
  2552,
  1500,
  1288,
  1888,
  1334,
  2077,
  2618,
  2923,
  2517,
  605,
  1907,
  0,
  279,
  2977,
  3144,
  3175,
  3051,
  1785,
  819,
  742,
  2236,
  986,
  1058,
  2584,
  2552,
  748,
  784,
  1459,
  1020,
  1190,
  1832,
  1788,
  3045,
  1574,
  1044,
  1336,
  133,
  2259,
  5256,
  1458,
  1427,
  3755,
  2517,
  2123,
  1895,
  174,
  1656,
  1362,
  1892,
  2177,
  2579,
  2371],
 [2769,
  2994,
  2493,
  3200,
  3002,
  4123,
  3826,
  2634,
  2999,
  3931,
  3616,
  5329,
  1023,
  4072,
  1957,
  1736,
  1599,
  1878,
  1498,
  224,
  1778,
  512,
  2433,
  1792,
  1728,
  1367,
  2110,
  911,
  2097,
  2646,
  1740,
  1528,
  2128,
  1574,
  2356,
  2495,
  3202,
  2796,
  326,
  2147,
  279,
  0,
  3256,
  3423,
  2783,
  3330,
  1506,
  1059,
  463,
  1957,
  707,
  779,
  2305,
  3094,
  1027,
  1063,
  1332,
  1260,
  1430,
  2072,
  1509,
  2653,
  1814,
  1284,
  1057,
  146,
  2499,
  4611,
  1179,
  1667,
  3363,
  2125,
  1844,
  1616,
  453,
  1377,
  1602,
  2171,
  2417,
  2858,
  2092],
 [2867,
  3693,
  3933,
  3298,
  3100,
  7002,
  6705,
  5513,
  5835,
  5139,
  5218,
  4833,
  4867,
  4170,
  4836,
  2906,
  3237,
  7008,
  4617,
  4698,
  4489,
  4917,
  6017,
  3430,
  2945,
  3292,
  5822,
  3661,
  5809,
  6376,
  4619,
  4407,
  5007,
  5252,
  2666,
  6442,
  2376,
  1818,
  4800,
  6030,
  4195,
  4474,
  0,
  2597,
  3661,
  4538,
  4567,
  3938,
  4760,
  4769,
  4516,
  5184,
  6714,
  6376,
  3751,
  3420,
  3341,
  3822,
  4690,
  5656,
  4220,
  2972,
  5398,
  4449,
  3674,
  4328,
  5680,
  4709,
  4922,
  5098,
  3119,
  4309,
  5556,
  5328,
  4027,
  5089,
  5496,
  2481,
  6001,
  2032,
  5804],
 [270,
  1096,
  1336,
  701,
  503,
  4876,
  5551,
  5912,
  3832,
  4850,
  3215,
  2830,
  2117,
  1573,
  4022,
  2092,
  2423,
  3427,
  1867,
  2647,
  1739,
  2625,
  5611,
  2616,
  2123,
  2478,
  3072,
  2743,
  3059,
  4773,
  3805,
  3593,
  5406,
  5058,
  1856,
  3457,
  737,
  1228,
  2647,
  6441,
  3277,
  2871,
  1679,
  0,
  1064,
  4655,
  1817,
  3124,
  2408,
  2019,
  2164,
  3100,
  4117,
  5136,
  2937,
  2895,
  2209,
  3008,
  3876,
  5250,
  1470,
  375,
  4992,
  3635,
  2150,
  3017,
  5677,
  2112,
  1704,
  4284,
  522,
  1712,
  2806,
  2578,
  3109,
  2339,
  5285,
  1671,
  5595,
  1204,
  3054],
 [861,
  211,
  473,
  1292,
  1094,
  4013,
  4688,
  5049,
  4423,
  5441,
  3806,
  3421,
  2189,
  2164,
  5111,
  2786,
  3117,
  2564,
  1939,
  2719,
  1811,
  2697,
  4748,
  3310,
  2677,
  3271,
  3180,
  2815,
  3287,
  3910,
  4499,
  4287,
  4543,
  4195,
  2550,
  3685,
  1431,
  1922,
  2719,
  5578,
  3349,
  2943,
  2373,
  1678,
  0,
  5246,
  1889,
  3818,
  2480,
  2091,
  2236,
  3172,
  3254,
  4273,
  2675,
  2967,
  2281,
  3702,
  4969,
  4387,
  1542,
  745,
  4129,
  4329,
  2222,
  3089,
  4814,
  2703,
  1776,
  4816,
  580,
  849,
  3034,
  2806,
  3181,
  2411,
  4422,
  2365,
  4732,
  1898,
  3282],
 [4409,
  5369,
  5609,
  3978,
  4188,
  8517,
  8220,
  6018,
  823,
  647,
  1440,
  1825,
  8402,
  3082,
  6974,
  1758,
  2089,
  8518,
  8745,
  3550,
  6012,
  3769,
  7532,
  2282,
  2681,
  2144,
  8750,
  2513,
  8737,
  7891,
  6567,
  3259,
  6522,
  6767,
  2378,
  7957,
  5133,
  2818,
  3652,
  7540,
  3047,
  3326,
  3278,
  3445,
  5337,
  0,
  6090,
  2790,
  3612,
  6292,
  3368,
  4036,
  8945,
  7891,
  2603,
  2272,
  3077,
  2674,
  6930,
  7171,
  5743,
  4648,
  6913,
  3301,
  3410,
  3180,
  6830,
  2601,
  5977,
  6777,
  4795,
  5985,
  8484,
  8256,
  2879,
  8049,
  7006,
  2193,
  7516,
  2880,
  8732],
 [1859,
  2084,
  1583,
  2290,
  2092,
  2591,
  4207,
  3015,
  5421,
  6439,
  4804,
  4419,
  300,
  3162,
  3077,
  2783,
  2560,
  1023,
  319,
  1096,
  868,
  808,
  2678,
  2753,
  1734,
  2328,
  1255,
  1872,
  1242,
  1791,
  2670,
  2342,
  2509,
  2125,
  2543,
  1640,
  2429,
  2920,
  994,
  1554,
  1599,
  1320,
  3443,
  2676,
  1873,
  6244,
  0,
  1873,
  1167,
  778,
  923,
  1859,
  1450,
  2239,
  1732,
  2024,
  1338,
  2074,
  1780,
  2317,
  599,
  1743,
  2059,
  1634,
  1279,
  1466,
  2744,
  3701,
  463,
  2782,
  2453,
  1215,
  989,
  761,
  1773,
  522,
  2352,
  2358,
  2662,
  2896,
  1237],
 [3068,
  3894,
  3677,
  3499,
  3301,
  3405,
  3108,
  1916,
  2374,
  3306,
  2991,
  5628,
  1831,
  4371,
  1239,
  1111,
  907,
  3411,
  3088,
  2487,
  3023,
  1320,
  2420,
  582,
  2034,
  1081,
  3643,
  1450,
  3630,
  2779,
  1022,
  810,
  1410,
  1655,
  1731,
  2845,
  2577,
  2171,
  1476,
  2433,
  1984,
  2263,
  2631,
  2798,
  3862,
  2705,
  3038,
  0,
  2549,
  3303,
  2305,
  1587,
  3838,
  2779,
  1540,
  1209,
  2251,
  201,
  1093,
  2059,
  2754,
  3173,
  1801,
  852,
  2010,
  2117,
  2083,
  4910,
  2711,
  1501,
  3320,
  3309,
  3377,
  3149,
  1816,
  2942,
  1899,
  1546,
  2404,
  2233,
  3625],
 [2306,
  2531,
  2030,
  2737,
  2539,
  3634,
  5343,
  4151,
  3275,
  4207,
  5251,
  4866,
  936,
  3609,
  3474,
  2012,
  1875,
  2066,
  1093,
  239,
  1315,
  425,
  2370,
  2068,
  1265,
  1643,
  2298,
  1187,
  2285,
  2834,
  3257,
  3045,
  3645,
  1511,
  2632,
  2683,
  2876,
  3072,
  239,
  2084,
  742,
  463,
  3532,
  3699,
  2320,
  3606,
  1043,
  1460,
  0,
  1309,
  244,
  692,
  2493,
  3282,
  1047,
  1339,
  869,
  2460,
  1367,
  2009,
  1046,
  2190,
  1751,
  1221,
  594,
  609,
  2436,
  4148,
  716,
  1604,
  2900,
  1662,
  2032,
  1804,
  916,
  1565,
  1539,
  2447,
  2354,
  3134,
  2280],
 [2157,
  2382,
  1881,
  2588,
  2390,
  3485,
  5194,
  4002,
  3126,
  4058,
  5102,
  4717,
  1194,
  3460,
  3325,
  1863,
  1726,
  1917,
  944,
  628,
  1166,
  814,
  3572,
  1919,
  1116,
  1494,
  2149,
  1038,
  2136,
  2685,
  3108,
  2896,
  3496,
  1900,
  2483,
  2534,
  2727,
  2923,
  628,
  2473,
  1131,
  852,
  3383,
  3550,
  2171,
  3457,
  894,
  2427,
  389,
  0,
  145,
  1081,
  2344,
  3133,
  898,
  1190,
  720,
  2311,
  1756,
  3211,
  897,
  2041,
  2953,
  1610,
  445,
  998,
  3638,
  3999,
  567,
  1993,
  2751,
  1513,
  1883,
  1655,
  1404,
  1416,
  1928,
  2298,
  3556,
  2985,
  2131],
 [2062,
  2287,
  1786,
  2493,
  2295,
  3390,
  5099,
  3907,
  3031,
  3963,
  5007,
  4622,
  1099,
  3365,
  3230,
  1768,
  1631,
  1822,
  849,
  483,
  1071,
  669,
  3477,
  1824,
  1021,
  1399,
  2054,
  943,
  2041,
  2590,
  3013,
  2801,
  3401,
  1755,
  2388,
  2439,
  2632,
  2828,
  483,
  2328,
  986,
  707,
  3288,
  3455,
  2076,
  3362,
  799,
  2332,
  244,
  1065,
  0,
  936,
  2249,
  3038,
  803,
  1095,
  625,
  2216,
  1611,
  3116,
  802,
  1946,
  2858,
  1465,
  350,
  853,
  3543,
  3904,
  472,
  1848,
  2656,
  1418,
  1788,
  1560,
  1160,
  1321,
  1783,
  2203,
  3461,
  2890,
  2036],
 [2259,
  2484,
  1983,
  2690,
  2492,
  2667,
  4283,
  3091,
  5821,
  6839,
  5204,
  4819,
  244,
  3562,
  3153,
  3183,
  2960,
  1099,
  719,
  604,
  1268,
  316,
  2754,
  3153,
  2134,
  2728,
  1331,
  2272,
  1318,
  1867,
  2062,
  1850,
  2585,
  2201,
  2943,
  1716,
  2829,
  3320,
  502,
  1630,
  1107,
  828,
  3843,
  3076,
  2273,
  6644,
  571,
  1381,
  741,
  1178,
  1323,
  0,
  1526,
  2315,
  2132,
  2424,
  1738,
  1582,
  1288,
  2393,
  999,
  2143,
  2135,
  1142,
  1679,
  974,
  2820,
  4101,
  863,
  1525,
  2853,
  1615,
  1065,
  837,
  1281,
  598,
  2428,
  2758,
  2738,
  3296,
  1313],
 [3685,
  3035,
  2534,
  4116,
  3918,
  2090,
  2765,
  2866,
  8722,
  9220,
  5931,
  5546,
  1103,
  4988,
  2928,
  4320,
  4116,
  1219,
  1446,
  1899,
  1995,
  1611,
  2529,
  3791,
  2861,
  3455,
  119,
  2999,
  185,
  1243,
  2521,
  3702,
  2360,
  1976,
  4940,
  1092,
  4255,
  4746,
  1797,
  2748,
  2402,
  2123,
  5197,
  4502,
  2824,
  8573,
  1298,
  3209,
  2294,
  1905,
  2050,
  2986,
  0,
  2090,
  2859,
  3151,
  2465,
  3410,
  2786,
  2168,
  1726,
  3569,
  1910,
  2600,
  2406,
  2269,
  2595,
  5527,
  1590,
  2633,
  3404,
  2508,
  438,
  666,
  2576,
  750,
  2203,
  4755,
  1566,
  4722,
  190],
 [4187,
  4525,
  4024,
  4618,
  4420,
  2265,
  1968,
  776,
  6637,
  7135,
  7254,
  7639,
  2167,
  5490,
  838,
  2230,
  2026,
  2283,
  2510,
  2963,
  3059,
  2675,
  1195,
  1701,
  3153,
  2200,
  2515,
  2569,
  2502,
  1554,
  431,
  1612,
  270,
  530,
  2850,
  1620,
  3696,
  3290,
  2861,
  1305,
  1907,
  2116,
  3750,
  3917,
  4314,
  6488,
  2362,
  1119,
  3358,
  2969,
  3114,
  1913,
  2710,
  0,
  2659,
  2328,
  3370,
  1320,
  696,
  834,
  2790,
  5059,
  576,
  888,
  3129,
  1970,
  943,
  6029,
  2654,
  543,
  4894,
  3998,
  2249,
  2021,
  2935,
  1814,
  771,
  2665,
  1179,
  3352,
  2497],
 [2413,
  2638,
  2137,
  2844,
  2646,
  4724,
  4427,
  3235,
  2359,
  3291,
  2976,
  4973,
  1798,
  3716,
  2558,
  1096,
  959,
  2521,
  1548,
  1248,
  1483,
  1434,
  3739,
  1152,
  1107,
  727,
  2753,
  271,
  2740,
  3289,
  2341,
  2129,
  2729,
  2974,
  1716,
  3138,
  2562,
  2156,
  1248,
  3752,
  805,
  1084,
  2616,
  2783,
  2427,
  2690,
  1498,
  1660,
  1009,
  1763,
  765,
  1701,
  2948,
  3737,
  0,
  423,
  711,
  1544,
  2412,
  3378,
  1214,
  2297,
  3120,
  2171,
  470,
  938,
  3402,
  4255,
  1171,
  2820,
  3007,
  1769,
  2487,
  2259,
  637,
  2020,
  3218,
  1531,
  3723,
  2218,
  2735],
 [2630,
  3456,
  2572,
  3061,
  2863,
  4301,
  4004,
  2812,
  1936,
  2868,
  2553,
  5190,
  2233,
  3933,
  2135,
  673,
  536,
  2956,
  1983,
  1382,
  1918,
  1670,
  3316,
  729,
  1596,
  304,
  3188,
  345,
  3175,
  3675,
  1918,
  1706,
  2306,
  2551,
  1293,
  3741,
  2139,
  1733,
  1484,
  3329,
  879,
  1158,
  2193,
  2360,
  2862,
  2267,
  1933,
  1237,
  1444,
  2198,
  1200,
  1937,
  3383,
  3675,
  435,
  0,
  1146,
  1121,
  1989,
  2955,
  1649,
  2735,
  2697,
  1748,
  905,
  1012,
  2979,
  4472,
  1606,
  2397,
  2882,
  2204,
  2922,
  2694,
  711,
  2455,
  2795,
  1108,
  3300,
  1795,
  3170],
 [2078,
  2303,
  1802,
  2509,
  2311,
  3817,
  5082,
  3890,
  2746,
  3678,
  5023,
  4638,
  1526,
  3381,
  3213,
  1445,
  1614,
  2249,
  1276,
  1111,
  1148,
  1297,
  3904,
  1807,
  396,
  1382,
  2481,
  926,
  2468,
  3017,
  2996,
  2784,
  3384,
  3629,
  1205,
  2866,
  2051,
  1645,
  1111,
  4407,
  1460,
  1335,
  2105,
  2272,
  2092,
  3077,
  1226,
  2315,
  872,
  1428,
  628,
  1564,
  2676,
  3465,
  786,
  1078,
  0,
  2199,
  3067,
  3543,
  879,
  1962,
  3285,
  2826,
  333,
  1593,
  4057,
  3920,
  1113,
  3475,
  2672,
  1434,
  2215,
  1987,
  1292,
  1748,
  3873,
  1020,
  3888,
  1707,
  2463],
 [2867,
  3693,
  3476,
  3298,
  3100,
  3383,
  3086,
  1894,
  2173,
  3105,
  2790,
  5427,
  1809,
  4170,
  1217,
  910,
  706,
  3389,
  2887,
  2286,
  2822,
  1298,
  2398,
  381,
  1833,
  880,
  3621,
  1249,
  3608,
  2757,
  1000,
  788,
  1388,
  1633,
  1530,
  2823,
  2376,
  1970,
  2388,
  2411,
  1783,
  2062,
  2430,
  2597,
  3661,
  2504,
  2837,
  319,
  2348,
  3102,
  2104,
  1565,
  3816,
  2757,
  1339,
  1008,
  2050,
  0,
  1071,
  2037,
  2553,
  2972,
  1779,
  830,
  1809,
  1916,
  2061,
  4709,
  2510,
  1479,
  3119,
  3108,
  3355,
  3127,
  1615,
  2920,
  1877,
  1345,
  2382,
  2032,
  3603],
 [4077,
  4530,
  4029,
  4508,
  4310,
  3046,
  2749,
  1557,
  3383,
  4315,
  4000,
  6637,
  2131,
  5380,
  770,
  2120,
  1916,
  2247,
  2474,
  1230,
  3023,
  972,
  1280,
  1591,
  3043,
  2090,
  2479,
  2459,
  2466,
  1639,
  553,
  341,
  1051,
  515,
  2740,
  1705,
  3586,
  3180,
  1128,
  1287,
  1221,
  1454,
  3640,
  3807,
  4319,
  3714,
  2326,
  1009,
  1367,
  2933,
  1611,
  1239,
  2674,
  1639,
  2549,
  2218,
  3493,
  1210,
  0,
  919,
  2754,
  5064,
  661,
  192,
  3434,
  1284,
  1346,
  5919,
  2618,
  243,
  4899,
  4003,
  2213,
  1985,
  1395,
  1778,
  742,
  2555,
  1264,
  3242,
  2461],
 [5159,
  4509,
  4008,
  5590,
  5392,
  2925,
  2628,
  1436,
  7297,
  7795,
  7914,
  8299,
  2110,
  6462,
  1498,
  2890,
  2686,
  2226,
  2453,
  1868,
  3002,
  1610,
  423,
  2361,
  3813,
  2860,
  2458,
  3229,
  2445,
  782,
  1091,
  2116,
  930,
  494,
  3510,
  848,
  4356,
  3950,
  1766,
  1266,
  1859,
  2092,
  4410,
  4577,
  4298,
  7148,
  2305,
  1779,
  3301,
  2912,
  3057,
  1877,
  1906,
  1518,
  3319,
  2988,
  3472,
  1980,
  1264,
  0,
  2733,
  5043,
  298,
  1118,
  3413,
  1922,
  427,
  7001,
  2597,
  1336,
  4878,
  3349,
  2192,
  1964,
  2033,
  1757,
  721,
  3325,
  407,
  4012,
  2440],
 [1554,
  1779,
  1278,
  1985,
  1787,
  3293,
  5429,
  4237,
  5116,
  4293,
  4499,
  4114,
  1002,
  2857,
  3560,
  2184,
  1961,
  1725,
  752,
  1458,
  269,
  1510,
  3380,
  2154,
  1135,
  1729,
  1957,
  1273,
  1944,
  2493,
  3343,
  3131,
  3731,
  2827,
  1944,
  2342,
  2124,
  2384,
  1458,
  2256,
  1807,
  1682,
  2844,
  3011,
  1568,
  3692,
  702,
  2662,
  1219,
  904,
  975,
  1911,
  2152,
  2941,
  1133,
  1425,
  739,
  2546,
  3414,
  3019,
  0,
  1438,
  2761,
  3173,
  680,
  1940,
  3446,
  3396,
  589,
  3822,
  2148,
  910,
  1691,
  1463,
  1639,
  1224,
  3054,
  1759,
  3364,
  2446,
  1939],
 [116,
  942,
  1182,
  547,
  349,
  4722,
  5840,
  4648,
  3678,
  4696,
  3061,
  2676,
  1963,
  1419,
  3971,
  2041,
  2372,
  3273,
  1713,
  2493,
  1585,
  2471,
  5457,
  2565,
  2072,
  2427,
  2918,
  2796,
  2905,
  4619,
  3754,
  3542,
  4142,
  4387,
  1805,
  3303,
  686,
  1177,
  2493,
  5165,
  3330,
  2717,
  1628,
  933,
  910,
  4501,
  1663,
  3073,
  2254,
  1865,
  2010,
  2946,
  3963,
  4982,
  2886,
  2555,
  2055,
  2957,
  3825,
  5096,
  1316,
  0,
  4838,
  3584,
  1996,
  3463,
  4815,
  1958,
  1550,
  4233,
  368,
  1558,
  2652,
  2424,
  3162,
  2185,
  4631,
  1620,
  5441,
  1153,
  2900],
 [4957,
  4307,
  3806,
  5388,
  5190,
  2723,
  2426,
  1234,
  7095,
  7593,
  7712,
  8097,
  1908,
  6260,
  1296,
  2688,
  2484,
  2024,
  2251,
  1666,
  2800,
  1408,
  619,
  2159,
  3611,
  2658,
  2221,
  3027,
  2243,
  978,
  889,
  1914,
  728,
  292,
  3308,
  1044,
  4154,
  3748,
  1564,
  1064,
  1657,
  1890,
  4208,
  4375,
  4096,
  6946,
  2103,
  1577,
  3099,
  2710,
  2855,
  1675,
  2102,
  1316,
  3117,
  2786,
  3270,
  1778,
  1062,
  258,
  2531,
  4841,
  0,
  916,
  3211,
  1720,
  685,
  6799,
  2395,
  1134,
  4676,
  3780,
  1990,
  1762,
  1831,
  1555,
  519,
  3123,
  603,
  3810,
  2238],
 [3931,
  4440,
  3939,
  4362,
  4164,
  3135,
  2838,
  1760,
  3237,
  4169,
  3854,
  6491,
  2041,
  5234,
  969,
  1974,
  1770,
  2157,
  2384,
  1084,
  2933,
  826,
  1483,
  1445,
  2897,
  1944,
  2389,
  2313,
  2376,
  1842,
  752,
  540,
  1254,
  624,
  2594,
  1908,
  3440,
  3034,
  982,
  1197,
  1075,
  1308,
  3494,
  3661,
  4229,
  3568,
  2236,
  863,
  1221,
  2843,
  1465,
  1093,
  2584,
  1842,
  2403,
  2072,
  3114,
  1064,
  192,
  1122,
  2664,
  4036,
  864,
  0,
  1815,
  1138,
  1549,
  5773,
  2528,
  435,
  4809,
  3280,
  2123,
  1895,
  1249,
  1688,
  652,
  2409,
  1467,
  3096,
  2371],
 [3375,
  2439,
  1938,
  3806,
  3608,
  5046,
  4749,
  3557,
  2681,
  3613,
  3298,
  5935,
  1599,
  4678,
  2880,
  1418,
  1281,
  2322,
  1349,
  1049,
  1284,
  1235,
  4061,
  1474,
  908,
  1049,
  2554,
  593,
  2541,
  4420,
  2663,
  2451,
  3051,
  3296,
  2038,
  2939,
  2884,
  2478,
  1049,
  4074,
  1127,
  1406,
  2938,
  3105,
  2228,
  3012,
  1299,
  1982,
  810,
  1564,
  566,
  1502,
  2749,
  3538,
  453,
  745,
  512,
  1866,
  2734,
  3700,
  1015,
  2098,
  3442,
  2493,
  0,
  1260,
  3724,
  5217,
  972,
  3142,
  2808,
  1570,
  2288,
  2060,
  959,
  1821,
  3540,
  1853,
  4045,
  2540,
  2536],
 [3547,
  3140,
  2639,
  3978,
  3780,
  3977,
  3680,
  2488,
  2853,
  3785,
  3470,
  6107,
  1169,
  4850,
  1811,
  1590,
  1453,
  2024,
  1644,
  370,
  1924,
  658,
  2287,
  1646,
  1988,
  1221,
  2256,
  765,
  2243,
  2646,
  1594,
  1382,
  1982,
  1428,
  2210,
  2712,
  3056,
  2650,
  472,
  2001,
  133,
  146,
  3110,
  3277,
  2929,
  3184,
  1652,
  913,
  609,
  2103,
  853,
  925,
  2451,
  2646,
  881,
  917,
  1592,
  1114,
  1284,
  1926,
  1655,
  2799,
  1668,
  1138,
  1203,
  0,
  2353,
  5389,
  1325,
  1521,
  3509,
  2271,
  1990,
  1762,
  307,
  1523,
  1456,
  2025,
  2271,
  2712,
  2238],
 [4371,
  4813,
  4312,
  4802,
  4604,
  2565,
  2268,
  960,
  6821,
  7319,
  7438,
  7823,
  2455,
  5674,
  1022,
  2414,
  2210,
  2571,
  2798,
  3251,
  3347,
  2963,
  850,
  1885,
  3337,
  2384,
  2803,
  2753,
  2790,
  1209,
  615,
  1796,
  454,
  815,
  3034,
  1275,
  3880,
  3474,
  3149,
  1593,
  2091,
  2300,
  3934,
  4101,
  4602,
  6672,
  2650,
  1303,
  3646,
  3257,
  3402,
  2198,
  2998,
  1939,
  2843,
  2512,
  3554,
  1504,
  978,
  427,
  3078,
  4476,
  961,
  1170,
  3313,
  2154,
  0,
  6213,
  2942,
  825,
  5182,
  4286,
  2537,
  2309,
  3119,
  2102,
  1059,
  2849,
  834,
  3536,
  2785],
 [1866,
  2826,
  3066,
  1435,
  1645,
  6759,
  7744,
  7945,
  1778,
  2796,
  1161,
  776,
  3847,
  539,
  5875,
  3945,
  4276,
  5157,
  3597,
  4377,
  3469,
  4355,
  6225,
  4469,
  3976,
  4331,
  4802,
  4473,
  4789,
  5338,
  5658,
  5446,
  6046,
  5672,
  3709,
  5187,
  2590,
  3081,
  4377,
  9467,
  5007,
  4601,
  3532,
  2837,
  2794,
  2601,
  3547,
  4977,
  4138,
  3749,
  3894,
  4830,
  5847,
  5786,
  4790,
  4625,
  3939,
  4861,
  5729,
  6980,
  3200,
  2105,
  5606,
  5488,
  3880,
  4747,
  7407,
  0,
  3434,
  6137,
  2252,
  3442,
  4536,
  4308,
  4839,
  4069,
  8933,
  3524,
  6209,
  3057,
  4784],
 [1590,
  1815,
  1314,
  2021,
  1823,
  2918,
  4534,
  3342,
  5152,
  6170,
  4535,
  4150,
  627,
  2893,
  3404,
  2178,
  2041,
  1350,
  377,
  943,
  599,
  1129,
  3005,
  2234,
  1465,
  1809,
  1582,
  1353,
  1569,
  2118,
  3423,
  3211,
  2836,
  2452,
  2274,
  1967,
  2160,
  2651,
  943,
  1881,
  1446,
  1167,
  3174,
  2407,
  1604,
  5975,
  327,
  2742,
  704,
  315,
  460,
  1396,
  1777,
  2566,
  1213,
  1505,
  1069,
  2626,
  2071,
  2644,
  330,
  1474,
  2386,
  1925,
  760,
  1313,
  3071,
  3432,
  0,
  2308,
  2184,
  946,
  1316,
  1088,
  1719,
  849,
  2679,
  2089,
  2989,
  2627,
  1564],
 [4314,
  4377,
  3876,
  4745,
  4547,
  2893,
  2596,
  1404,
  3620,
  4552,
  4237,
  6874,
  1978,
  5617,
  864,
  2357,
  2153,
  2094,
  2321,
  1467,
  2870,
  1209,
  1127,
  1828,
  3280,
  2327,
  2326,
  2696,
  2313,
  1486,
  427,
  544,
  898,
  362,
  2977,
  1552,
  3823,
  3417,
  1365,
  1134,
  1458,
  1691,
  3877,
  4044,
  4166,
  3951,
  2173,
  1246,
  1604,
  2780,
  2925,
  1476,
  2521,
  1486,
  2786,
  2455,
  3340,
  1447,
  243,
  766,
  2601,
  4911,
  508,
  435,
  3281,
  1521,
  1193,
  6156,
  2465,
  0,
  4746,
  3217,
  2060,
  1832,
  1632,
  1625,
  589,
  2792,
  1111,
  3479,
  2308],
 [281,
  788,
  1090,
  712,
  514,
  4568,
  5243,
  5604,
  3843,
  4861,
  3226,
  2841,
  1789,
  1584,
  4136,
  2206,
  2537,
  2512,
  1539,
  2319,
  1411,
  2297,
  4167,
  2730,
  2237,
  2871,
  2744,
  2415,
  2731,
  3280,
  3919,
  3707,
  5098,
  3614,
  1970,
  3129,
  851,
  1342,
  2319,
  3043,
  2949,
  2543,
  1793,
  1098,
  756,
  4666,
  1489,
  3238,
  2080,
  1691,
  1836,
  2772,
  3809,
  4828,
  2275,
  2567,
  1881,
  3122,
  3990,
  3806,
  1142,
  165,
  3548,
  3749,
  1822,
  2689,
  4233,
  2123,
  1376,
  4398,
  0,
  1123,
  2478,
  2250,
  2781,
  2011,
  3841,
  1785,
  4151,
  1318,
  2726],
 [1519,
  869,
  368,
  1950,
  1752,
  3578,
  4253,
  4614,
  5081,
  6099,
  4464,
  4079,
  1340,
  2822,
  4676,
  2877,
  2654,
  2063,
  1090,
  1870,
  962,
  1848,
  4313,
  2847,
  1828,
  2422,
  2295,
  1966,
  2282,
  2831,
  4036,
  3824,
  4108,
  3760,
  2637,
  2680,
  2089,
  2580,
  1870,
  5143,
  2500,
  2094,
  3031,
  2336,
  658,
  5904,
  1040,
  3355,
  1631,
  1242,
  1387,
  2323,
  2819,
  3838,
  1826,
  2118,
  1432,
  3239,
  4534,
  3952,
  693,
  1403,
  3694,
  2674,
  1373,
  2240,
  4379,
  3361,
  927,
  4381,
  1238,
  0,
  2029,
  1801,
  2332,
  1562,
  3987,
  2452,
  4297,
  2556,
  2277],
 [2703,
  2928,
  2427,
  3134,
  2936,
  1763,
  2438,
  2428,
  8284,
  8782,
  5648,
  5263,
  820,
  4006,
  2490,
  3882,
  3678,
  936,
  1163,
  1616,
  1712,
  1328,
  2091,
  3353,
  2578,
  3172,
  427,
  2716,
  253,
  1204,
  2083,
  3264,
  1922,
  1538,
  4502,
  1053,
  3273,
  4942,
  1514,
  2310,
  2119,
  1840,
  5402,
  3520,
  2717,
  8135,
  1015,
  2771,
  2011,
  1622,
  1767,
  2703,
  622,
  1652,
  2576,
  2868,
  2182,
  2972,
  2348,
  1730,
  1443,
  2587,
  1472,
  2162,
  2123,
  1986,
  2157,
  4545,
  1307,
  2195,
  3297,
  2059,
  0,
  228,
  2293,
  467,
  1765,
  4317,
  2075,
  3740,
  248],
 [2475,
  2700,
  2199,
  2906,
  2708,
  1991,
  3446,
  2254,
  8110,
  8608,
  5420,
  5035,
  592,
  3778,
  2316,
  3708,
  3504,
  708,
  935,
  1388,
  1484,
  1100,
  1917,
  3179,
  2350,
  2944,
  655,
  2488,
  481,
  1030,
  1909,
  3090,
  1748,
  1364,
  4328,
  879,
  3045,
  4768,
  1286,
  2136,
  1891,
  1612,
  5228,
  3292,
  2489,
  7961,
  787,
  2597,
  1783,
  1394,
  1539,
  2475,
  850,
  1478,
  2348,
  2640,
  1954,
  2798,
  2174,
  1556,
  1215,
  2359,
  1298,
  1988,
  1895,
  1758,
  1983,
  4317,
  1079,
  2021,
  3069,
  1831,
  228,
  0,
  2065,
  239,
  1591,
  4143,
  1901,
  3512,
  476],
 [3246,
  3218,
  2717,
  3677,
  3479,
  4917,
  4620,
  3428,
  2552,
  3484,
  3169,
  5806,
  1476,
  4549,
  2751,
  1289,
  1152,
  2331,
  1951,
  677,
  2063,
  965,
  2343,
  1345,
  1687,
  920,
  2563,
  464,
  2550,
  2702,
  2534,
  2322,
  2922,
  1484,
  1909,
  2768,
  2755,
  2349,
  779,
  2057,
  174,
  453,
  2809,
  2976,
  3007,
  2883,
  2078,
  969,
  916,
  2343,
  1160,
  1232,
  2758,
  2702,
  580,
  616,
  1291,
  1737,
  1340,
  1982,
  1794,
  2877,
  1724,
  1194,
  1050,
  307,
  2409,
  5088,
  1751,
  1577,
  3587,
  2349,
  2297,
  2069,
  0,
  1830,
  1512,
  1724,
  2327,
  2411,
  2545],
 [2236,
  2461,
  1960,
  2667,
  2469,
  2069,
  3685,
  2493,
  5798,
  8847,
  5181,
  4796,
  353,
  3539,
  2555,
  3160,
  2937,
  501,
  696,
  1149,
  1245,
  861,
  2156,
  3130,
  2111,
  2705,
  733,
  2249,
  720,
  1269,
  2148,
  3329,
  1987,
  1603,
  2920,
  1118,
  2806,
  3297,
  1047,
  2375,
  1652,
  1373,
  3820,
  3053,
  2250,
  8200,
  548,
  2836,
  1544,
  1155,
  1300,
  2236,
  928,
  1717,
  2109,
  2401,
  1715,
  3037,
  2413,
  1795,
  976,
  2120,
  1537,
  2227,
  1656,
  1519,
  2222,
  4078,
  840,
  2260,
  2830,
  1592,
  467,
  239,
  1826,
  0,
  1830,
  2735,
  2140,
  3273,
  715],
 [3272,
  3788,
  3287,
  3703,
  3505,
  3073,
  4689,
  3497,
  6834,
  9851,
  6217,
  5832,
  1389,
  4575,
  3559,
  4196,
  3973,
  1505,
  1732,
  2185,
  2281,
  1897,
  3160,
  4166,
  3147,
  3741,
  1737,
  3285,
  1724,
  2273,
  3152,
  4333,
  2991,
  2607,
  3956,
  2122,
  3842,
  4333,
  2083,
  545,
  2688,
  2409,
  4856,
  4089,
  3577,
  9204,
  1584,
  3840,
  2580,
  2191,
  2336,
  3272,
  1932,
  2721,
  3145,
  3437,
  2751,
  4041,
  3417,
  2799,
  2012,
  3156,
  2541,
  3231,
  2692,
  2555,
  3226,
  5114,
  1876,
  3264,
  4157,
  2628,
  1471,
  1243,
  2862,
  1036,
  0,
  3771,
  3144,
  4309,
  1719],
 [1522,
  2348,
  2588,
  1953,
  1755,
  5671,
  5374,
  4182,
  5084,
  6102,
  4467,
  4082,
  3369,
  2825,
  3505,
  1575,
  1906,
  4679,
  3119,
  3367,
  2991,
  3877,
  4686,
  2099,
  1606,
  1961,
  4324,
  2330,
  4311,
  5045,
  3288,
  3076,
  3676,
  3921,
  185,
  5111,
  1031,
  625,
  3469,
  4699,
  2864,
  3143,
  1085,
  1252,
  2316,
  5907,
  3069,
  2607,
  3660,
  3271,
  3416,
  3853,
  5369,
  5045,
  2420,
  2089,
  2002,
  2491,
  3359,
  4325,
  2722,
  1627,
  4067,
  3118,
  2335,
  2997,
  4349,
  3364,
  2956,
  3767,
  1774,
  2964,
  4058,
  3830,
  2696,
  3591,
  4165,
  0,
  4670,
  687,
  4306],
 [5476,
  4826,
  4325,
  5907,
  5709,
  3242,
  2945,
  1753,
  7614,
  8112,
  8231,
  8616,
  2427,
  6779,
  1815,
  3207,
  3003,
  2543,
  2770,
  2185,
  3319,
  1927,
  161,
  2678,
  4130,
  3177,
  1779,
  3546,
  1845,
  536,
  1408,
  2433,
  1247,
  811,
  3827,
  602,
  4673,
  4267,
  2083,
  1583,
  2176,
  2409,
  4727,
  4894,
  4615,
  7465,
  2622,
  2096,
  3618,
  3229,
  3374,
  2194,
  1660,
  1835,
  3636,
  3305,
  3789,
  2297,
  1581,
  361,
  3050,
  5360,
  615,
  1435,
  3730,
  2239,
  788,
  7318,
  2914,
  1653,
  5195,
  4299,
  2509,
  2281,
  2350,
  2074,
  1038,
  3642,
  0,
  4329,
  1850],
 [1989,
  2815,
  3055,
  2420,
  2222,
  4984,
  4687,
  3495,
  2189,
  3121,
  4934,
  4549,
  2841,
  3292,
  2818,
  888,
  1219,
  3564,
  2591,
  2680,
  2463,
  2899,
  3999,
  1412,
  919,
  1274,
  3796,
  1643,
  3783,
  4358,
  2601,
  2389,
  2989,
  3234,
  652,
  4424,
  1498,
  1092,
  2782,
  4012,
  2177,
  2456,
  1552,
  1719,
  2783,
  2520,
  2541,
  1920,
  2742,
  2743,
  2498,
  3166,
  3991,
  4358,
  1733,
  1402,
  1315,
  1804,
  2672,
  3638,
  2194,
  2094,
  3380,
  2431,
  1648,
  2310,
  3662,
  3831,
  2904,
  3080,
  2241,
  2749,
  3530,
  3302,
  2009,
  3063,
  3478,
  467,
  3983,
  0,
  3778],
 [2951,
  3095,
  2594,
  3382,
  3184,
  1515,
  2190,
  2676,
  8532,
  9030,
  5896,
  5511,
  1068,
  4254,
  2738,
  4130,
  3926,
  1184,
  1411,
  1864,
  1960,
  1576,
  1896,
  3601,
  2826,
  3420,
  179,
  2964,
  5,
  1412,
  2331,
  3512,
  2170,
  1786,
  4750,
  902,
  3521,
  5190,
  1762,
  2558,
  2367,
  2088,
  5650,
  3768,
  2884,
  8383,
  1263,
  3019,
  2259,
  1870,
  2015,
  2951,
  374,
  1900,
  2824,
  3116,
  2430,
  3220,
  2596,
  1978,
  1691,
  2835,
  1720,
  2410,
  2371,
  2234,
  2405,
  4793,
  1555,
  2443,
  3464,
  2307,
  248,
  476,
  2541,
  715,
  2013,
  4565,
  1735,
  3988,
  0]]
