[[0,
  582,
  2171,
  4683,
  4413,
  6971,
  5577,
  5123,
  4758,
  6391,
  5609,
  1600,
  3192,
  2693,
  3395,
  3065,
  3872,
  6314,
  2832,
  3799,
  5530,
  2967,
  3270,
  2719,
  2161,
  3523,
  5818,
  8444,
  3379,
  4102,
  5028,
  2254,
  2562,
  5054,
  5863,
  3621,
  4062,
  5306,
  2965,
  4232,
  5668,
  5565,
  5766,
  5338,
  4596,
  5013,
  5991,
  6283,
  4037,
  4469,
  5240,
  4371,
  4841,
  4012,
  5225,
  8542,
  2539,
  4403,
  5490,
  4393,
  6375,
  5262,
  4827,
  4546,
  4518,
  5647,
  2846,
  2016,
  3657,
  5920,
  3900,
  2704,
  3855],
 [510,
  0,
  2681,
  4101,
  4049,
  6389,
  4995,
  4541,
  4176,
  5809,
  5027,
  1018,
  2610,
  3203,
  2813,
  2483,
  3290,
  6824,
  2250,
  3217,
  4706,
  2385,
  2688,
  2137,
  2671,
  4033,
  4994,
  7862,
  3889,
  3520,
  4204,
  1672,
  1980,
  4472,
  5281,
  3039,
  3480,
  4724,
  3475,
  3650,
  5086,
  4983,
  5184,
  4756,
  4014,
  4431,
  5409,
  5669,
  3455,
  3887,
  4658,
  3789,
  4259,
  3430,
  4643,
  7960,
  2421,
  4913,
  4908,
  3811,
  5793,
  4680,
  4245,
  3964,
  3936,
  5065,
  2264,
  1434,
  3075,
  5306,
  4410,
  2122,
  3273],
 [2090,
  2543,
  0,
  3690,
  3066,
  5978,
  4584,
  4130,
  3765,
  5398,
  4616,
  3561,
  1871,
  1302,
  2118,
  1788,
  2879,
  4967,
  2836,
  2806,
  4183,
  3033,
  3336,
  2723,
  814,
  2176,
  4471,
  5939,
  2032,
  2825,
  3681,
  2381,
  2073,
  4061,
  5448,
  2628,
  3069,
  4313,
  1618,
  3239,
  4675,
  4572,
  4773,
  4345,
  3603,
  4020,
  4998,
  5836,
  3044,
  3476,
  4247,
  3378,
  3848,
  3019,
  4232,
  7549,
  1148,
  3056,
  4497,
  3400,
  5382,
  4269,
  3834,
  3553,
  3525,
  4654,
  1569,
  2756,
  2380,
  5473,
  2553,
  2708,
  2578],
 [3286,
  3739,
  1196,
  0,
  396,
  2848,
  4060,
  3606,
  3241,
  4874,
  2504,
  2468,
  1867,
  2498,
  628,
  958,
  2128,
  5425,
  2832,
  2076,
  2160,
  3029,
  3332,
  2719,
  1234,
  668,
  2448,
  3916,
  1416,
  263,
  1658,
  1769,
  1461,
  3800,
  4529,
  2294,
  2545,
  4052,
  1002,
  3235,
  4414,
  4311,
  4512,
  4084,
  2598,
  3759,
  4474,
  4839,
  2520,
  2952,
  3723,
  2854,
  3324,
  2142,
  3708,
  5437,
  2344,
  1436,
  4236,
  2876,
  4858,
  4008,
  3310,
  3029,
  3264,
  4130,
  1177,
  2144,
  366,
  4365,
  888,
  2704,
  168],
 [4340,
  4793,
  2250,
  1376,
  0,
  2452,
  3664,
  3210,
  2845,
  4478,
  2108,
  3901,
  2692,
  3552,
  2004,
  2334,
  1732,
  6020,
  3236,
  1680,
  1764,
  2965,
  3268,
  3123,
  2288,
  1722,
  2052,
  3520,
  860,
  1639,
  1262,
  3202,
  2894,
  3404,
  4133,
  1898,
  2149,
  3656,
  2027,
  3171,
  4018,
  3915,
  4116,
  3688,
  2202,
  3363,
  4078,
  4443,
  2124,
  2556,
  3327,
  2458,
  2928,
  1746,
  3312,
  5041,
  3171,
  1040,
  3840,
  2480,
  4462,
  3612,
  2914,
  2633,
  2868,
  3734,
  3014,
  3577,
  1742,
  3969,
  492,
  3108,
  1544],
 [6688,
  6059,
  3777,
  2581,
  2529,
  0,
  3663,
  4146,
  4176,
  3276,
  3107,
  5077,
  3868,
  4519,
  3209,
  4409,
  2908,
  4803,
  4412,
  3999,
  885,
  4141,
  4444,
  4299,
  3815,
  3249,
  400,
  1514,
  2844,
  2844,
  1231,
  4378,
  4070,
  4622,
  5351,
  3821,
  3367,
  4874,
  3583,
  4347,
  5236,
  5133,
  5334,
  4906,
  3420,
  4581,
  3586,
  5661,
  3342,
  3774,
  3742,
  3676,
  4146,
  3317,
  4204,
  2054,
  4347,
  1919,
  5058,
  3698,
  2911,
  4830,
  4132,
  3851,
  4086,
  3242,
  4190,
  4753,
  2947,
  5187,
  2476,
  4284,
  2749],
 [8013,
  7384,
  5102,
  3906,
  3854,
  2835,
  0,
  2033,
  2063,
  1163,
  4432,
  6402,
  5193,
  5844,
  4534,
  5734,
  4233,
  4773,
  5737,
  5324,
  4185,
  5466,
  5769,
  5624,
  6841,
  4574,
  3235,
  2839,
  4714,
  4169,
  3683,
  5703,
  5395,
  3422,
  4383,
  5146,
  2863,
  3674,
  4908,
  5672,
  4036,
  3933,
  4134,
  3706,
  2916,
  3381,
  1473,
  4771,
  2640,
  2574,
  1629,
  2306,
  2166,
  3334,
  2091,
  1978,
  5672,
  4894,
  3858,
  2624,
  798,
  3630,
  1868,
  2149,
  2886,
  1129,
  5515,
  6078,
  4272,
  3987,
  4346,
  5609,
  4074],
 [5548,
  4919,
  5207,
  4011,
  3959,
  2940,
  1711,
  0,
  704,
  1268,
  4537,
  3937,
  2728,
  3379,
  3599,
  3269,
  2010,
  4878,
  3272,
  2859,
  4290,
  2997,
  3300,
  3159,
  6946,
  4679,
  3340,
  2944,
  4819,
  4274,
  3788,
  3238,
  2930,
  2063,
  2792,
  2681,
  1504,
  2315,
  5013,
  3203,
  2677,
  2574,
  2775,
  2347,
  1557,
  2022,
  868,
  3102,
  1281,
  1215,
  1024,
  947,
  807,
  1975,
  732,
  2083,
  3207,
  4999,
  2499,
  1265,
  959,
  2271,
  1263,
  1544,
  1527,
  524,
  3050,
  3613,
  4377,
  2628,
  4451,
  3144,
  4179],
 [4844,
  4215,
  3625,
  2429,
  2377,
  3465,
  979,
  525,
  0,
  1793,
  3965,
  3233,
  2024,
  2675,
  2895,
  2565,
  1306,
  5403,
  2568,
  2155,
  3034,
  2293,
  2596,
  2455,
  3748,
  3097,
  3865,
  3469,
  3237,
  2692,
  2532,
  2534,
  2226,
  1359,
  2088,
  1977,
  800,
  1611,
  3431,
  2499,
  1973,
  1870,
  2071,
  1643,
  853,
  1318,
  1393,
  2398,
  577,
  511,
  1549,
  243,
  243,
  1271,
  627,
  2608,
  2503,
  3417,
  1795,
  561,
  1777,
  1567,
  1145,
  864,
  823,
  1049,
  2346,
  2909,
  2795,
  1924,
  2869,
  2440,
  2597],
 [6850,
  6221,
  3939,
  2743,
  2691,
  1672,
  2424,
  2907,
  2937,
  0,
  3269,
  5239,
  4030,
  4681,
  3371,
  4571,
  3070,
  3610,
  4574,
  4161,
  3022,
  4303,
  4606,
  4461,
  5678,
  3411,
  2072,
  1676,
  3551,
  3006,
  2520,
  4540,
  4232,
  4784,
  5712,
  3983,
  3529,
  5036,
  3745,
  4509,
  5398,
  5295,
  5496,
  5068,
  3790,
  4743,
  2347,
  6100,
  3504,
  3936,
  2503,
  3180,
  3040,
  3479,
  2965,
  815,
  4509,
  3731,
  5220,
  3860,
  1672,
  4992,
  2742,
  4013,
  4248,
  2003,
  4352,
  4915,
  3109,
  5349,
  3183,
  4446,
  2911],
 [8009,
  7380,
  5098,
  3902,
  3850,
  1362,
  4542,
  5025,
  5055,
  4155,
  0,
  6398,
  5189,
  5840,
  4530,
  5730,
  4229,
  5717,
  5733,
  5320,
  2247,
  5462,
  5765,
  5620,
  7785,
  4570,
  1762,
  2835,
  4206,
  4165,
  2593,
  5699,
  5391,
  5943,
  7830,
  5142,
  4688,
  6195,
  4904,
  5668,
  6557,
  6454,
  6655,
  6227,
  5908,
  5902,
  4465,
  8218,
  4663,
  5095,
  4621,
  5298,
  5158,
  4638,
  5083,
  2933,
  5668,
  3281,
  6379,
  5019,
  3790,
  6151,
  4860,
  5172,
  5407,
  4121,
  5511,
  6074,
  4268,
  6508,
  3838,
  5605,
  4070],
 [2351,
  1722,
  2658,
  3083,
  3031,
  5371,
  3977,
  3523,
  3158,
  4791,
  4009,
  0,
  1592,
  1575,
  1795,
  1465,
  2272,
  6801,
  1232,
  2199,
  3688,
  1367,
  1670,
  1119,
  2648,
  2907,
  3976,
  6844,
  3866,
  2502,
  3186,
  654,
  962,
  3454,
  4263,
  2021,
  2462,
  3706,
  3452,
  2632,
  4068,
  3965,
  4166,
  3738,
  2996,
  3413,
  4391,
  4651,
  2437,
  2869,
  3640,
  2771,
  3241,
  2412,
  3625,
  6942,
  1403,
  4071,
  3890,
  2793,
  4775,
  3662,
  3227,
  2946,
  2918,
  4047,
  1246,
  416,
  2057,
  4288,
  3523,
  1104,
  2255],
 [2820,
  2191,
  1734,
  2443,
  1711,
  4731,
  3337,
  2883,
  2518,
  4151,
  3369,
  1209,
  0,
  651,
  871,
  541,
  1632,
  5877,
  1589,
  1559,
  3048,
  1786,
  2089,
  1476,
  1724,
  1983,
  3336,
  6204,
  2942,
  1578,
  2546,
  510,
  202,
  2814,
  4201,
  1381,
  1822,
  3066,
  2528,
  1992,
  3428,
  3325,
  3526,
  3098,
  2356,
  2773,
  3751,
  4589,
  1797,
  2229,
  3000,
  2131,
  2601,
  1772,
  2985,
  6302,
  479,
  2751,
  3250,
  2153,
  4135,
  3022,
  2587,
  2306,
  2278,
  3407,
  322,
  885,
  1133,
  4226,
  2203,
  1461,
  1331],
 [2837,
  3290,
  1571,
  2388,
  2336,
  4676,
  3282,
  2828,
  2463,
  4096,
  3314,
  1778,
  569,
  0,
  816,
  486,
  1577,
  5714,
  1534,
  1504,
  2993,
  1731,
  2034,
  1421,
  1561,
  1928,
  3281,
  6149,
  2779,
  1523,
  2491,
  1079,
  771,
  2759,
  4146,
  1326,
  1767,
  3011,
  2365,
  1937,
  3373,
  3270,
  3471,
  3043,
  2301,
  2718,
  3696,
  4534,
  1742,
  2174,
  2945,
  2076,
  2546,
  1717,
  2930,
  6247,
  316,
  3376,
  3195,
  2098,
  4080,
  2967,
  2532,
  2251,
  2223,
  3352,
  267,
  1454,
  1078,
  4171,
  2828,
  1406,
  1276],
 [3451,
  2822,
  1640,
  2216,
  840,
  3292,
  3952,
  3498,
  3133,
  4766,
  3984,
  1840,
  1239,
  1282,
  0,
  330,
  2247,
  5869,
  2204,
  2174,
  2604,
  2401,
  2704,
  2091,
  1678,
  1112,
  2892,
  4360,
  1860,
  707,
  2102,
  1141,
  833,
  3429,
  4816,
  1996,
  2437,
  3681,
  1446,
  2607,
  4043,
  3940,
  4141,
  3713,
  2971,
  3388,
  4366,
  5204,
  2412,
  2844,
  3615,
  2746,
  3216,
  2387,
  3600,
  6917,
  1110,
  1880,
  3865,
  2768,
  4750,
  3637,
  3202,
  2921,
  2893,
  4022,
  549,
  1516,
  262,
  4841,
  1332,
  2076,
  460],
 [3121,
  2492,
  1970,
  2728,
  1170,
  5016,
  3622,
  3168,
  2803,
  4436,
  3654,
  1510,
  909,
  952,
  330,
  0,
  1917,
  6178,
  1874,
  1844,
  3333,
  2071,
  2374,
  1761,
  2025,
  1442,
  3621,
  6489,
  2190,
  1037,
  2831,
  811,
  503,
  3099,
  4486,
  1666,
  2107,
  3351,
  1776,
  2277,
  3713,
  3610,
  3811,
  3383,
  2641,
  3058,
  4036,
  4874,
  2082,
  2514,
  3285,
  2416,
  2886,
  2057,
  3270,
  6587,
  780,
  2210,
  3535,
  2438,
  4420,
  3307,
  2872,
  2591,
  2563,
  3692,
  219,
  1186,
  592,
  4511,
  1662,
  1746,
  790],
 [3780,
  3151,
  3171,
  1975,
  1923,
  4263,
  2780,
  2326,
  1961,
  3594,
  2901,
  2169,
  960,
  1611,
  1831,
  1501,
  0,
  6837,
  2221,
  1091,
  2580,
  1233,
  1536,
  2108,
  2684,
  2643,
  2868,
  5736,
  2783,
  2238,
  2078,
  1470,
  1162,
  2261,
  3648,
  913,
  1265,
  2513,
  2977,
  1439,
  2875,
  2772,
  2973,
  2545,
  1803,
  2220,
  3194,
  4036,
  1240,
  1672,
  2443,
  1574,
  2044,
  1215,
  2428,
  5834,
  1439,
  2963,
  2697,
  1596,
  3578,
  2469,
  2030,
  1749,
  1725,
  2850,
  1282,
  1845,
  2093,
  3673,
  2415,
  1376,
  2143],
 [8868,
  8239,
  5957,
  4761,
  4709,
  2221,
  5624,
  6107,
  6137,
  5014,
  859,
  7257,
  6048,
  6699,
  5389,
  6589,
  5088,
  0,
  7309,
  6179,
  3106,
  6321,
  6624,
  7196,
  8867,
  5429,
  2621,
  3694,
  5065,
  5024,
  3452,
  6558,
  6250,
  6802,
  8912,
  6001,
  5547,
  7054,
  5763,
  6527,
  7416,
  7313,
  7514,
  7086,
  6990,
  6761,
  5324,
  9077,
  5522,
  5954,
  5703,
  6380,
  6240,
  5497,
  5942,
  3792,
  6527,
  4140,
  7238,
  5878,
  4649,
  7010,
  5942,
  6031,
  6266,
  5203,
  6370,
  6933,
  5127,
  7367,
  4697,
  6464,
  4929],
 [2469,
  1840,
  2677,
  2434,
  2382,
  4722,
  3328,
  2874,
  2509,
  4142,
  3360,
  858,
  943,
  1594,
  1814,
  1484,
  1623,
  6820,
  0,
  1550,
  3039,
  718,
  1021,
  470,
  2667,
  3102,
  3327,
  6195,
  3242,
  2697,
  2537,
  381,
  689,
  2805,
  3614,
  1372,
  1813,
  3057,
  3471,
  1983,
  3419,
  3316,
  3517,
  3089,
  2347,
  2764,
  3742,
  4002,
  1788,
  2220,
  2991,
  2122,
  2592,
  1763,
  2976,
  6293,
  1422,
  3422,
  3241,
  2144,
  4126,
  3013,
  2578,
  2297,
  2269,
  3398,
  1265,
  534,
  2076,
  3639,
  2874,
  455,
  2602],
 [4170,
  4128,
  2080,
  884,
  832,
  2177,
  2909,
  2455,
  2090,
  3723,
  1833,
  3146,
  1937,
  2588,
  1512,
  2478,
  977,
  6309,
  3198,
  0,
  1489,
  2210,
  2513,
  3085,
  2118,
  1552,
  1777,
  3245,
  1692,
  1147,
  987,
  2447,
  2139,
  2649,
  3378,
  853,
  1394,
  2901,
  1886,
  2416,
  3263,
  3160,
  3361,
  2933,
  1447,
  2608,
  3323,
  3688,
  1369,
  1801,
  2572,
  1703,
  2173,
  991,
  2557,
  4766,
  2416,
  1872,
  3085,
  1725,
  3707,
  2857,
  2159,
  1878,
  2113,
  2979,
  2259,
  2822,
  1250,
  3214,
  1324,
  2353,
  1052],
 [4650,
  5103,
  2560,
  1364,
  1312,
  994,
  3652,
  3198,
  2833,
  3824,
  1793,
  3889,
  2680,
  3331,
  1992,
  2322,
  1720,
  5351,
  3941,
  1668,
  0,
  2953,
  3256,
  3828,
  2598,
  2032,
  594,
  2062,
  2172,
  1627,
  346,
  3190,
  2882,
  3392,
  4121,
  1886,
  2137,
  3644,
  2366,
  3159,
  4006,
  3903,
  4104,
  3676,
  2190,
  3351,
  4066,
  4431,
  2112,
  2544,
  3315,
  2446,
  2916,
  1734,
  3300,
  2602,
  3159,
  2352,
  3828,
  2468,
  3459,
  3600,
  2902,
  2621,
  2856,
  3722,
  3002,
  3565,
  1730,
  3957,
  1804,
  3096,
  1532],
 [3962,
  3333,
  3356,
  2160,
  2108,
  4448,
  2934,
  2480,
  2115,
  3748,
  3086,
  2351,
  1142,
  1793,
  2013,
  1683,
  1229,
  9026,
  1686,
  1276,
  2765,
  0,
  303,
  1573,
  2866,
  2828,
  3053,
  5921,
  2968,
  2423,
  2263,
  1652,
  1344,
  2411,
  3798,
  1098,
  1419,
  2663,
  3162,
  1589,
  3025,
  2922,
  3123,
  2695,
  1953,
  2370,
  3348,
  4186,
  1394,
  1826,
  2597,
  1728,
  2198,
  1369,
  2582,
  6019,
  1621,
  3148,
  2847,
  1750,
  3732,
  2619,
  2184,
  1903,
  1875,
  3004,
  1464,
  2027,
  2526,
  3823,
  2600,
  1558,
  2328],
 [5143,
  5101,
  3053,
  1857,
  1805,
  4145,
  3882,
  3428,
  3063,
  4696,
  2783,
  4119,
  2910,
  3561,
  2485,
  3451,
  1950,
  8723,
  4171,
  973,
  2462,
  3183,
  0,
  4058,
  3091,
  2525,
  2750,
  5618,
  2665,
  2120,
  1960,
  3420,
  3112,
  3622,
  4351,
  795,
  2367,
  3874,
  2859,
  3389,
  4236,
  4133,
  4334,
  3906,
  2420,
  3581,
  4296,
  4661,
  2342,
  2774,
  3545,
  2676,
  3146,
  1964,
  3530,
  5716,
  3389,
  2845,
  4058,
  2698,
  4680,
  3830,
  3132,
  2851,
  3086,
  3952,
  3232,
  3795,
  2223,
  4187,
  2297,
  3326,
  2025],
 [2582,
  1953,
  2790,
  2547,
  2495,
  4835,
  3441,
  2987,
  2622,
  4255,
  3473,
  971,
  1056,
  1707,
  1927,
  1597,
  1736,
  6933,
  113,
  1663,
  3152,
  831,
  1134,
  0,
  2780,
  3215,
  3440,
  6308,
  3355,
  2810,
  2650,
  494,
  802,
  2918,
  3727,
  1485,
  1926,
  3170,
  3584,
  2096,
  3532,
  3429,
  3630,
  3202,
  2460,
  2877,
  3855,
  4115,
  1901,
  2333,
  3104,
  2235,
  2705,
  1876,
  3089,
  6406,
  1535,
  3535,
  3354,
  2257,
  4239,
  3126,
  2691,
  2410,
  2382,
  3511,
  1378,
  647,
  2189,
  3752,
  2987,
  342,
  2715],
 [3980,
  4433,
  1890,
  2981,
  2252,
  4057,
  5269,
  4815,
  4450,
  6083,
  3713,
  5451,
  4297,
  3192,
  3609,
  3678,
  3337,
  6119,
  5558,
  3285,
  3369,
  4570,
  4873,
  4728,
  0,
  1362,
  3657,
  5125,
  1218,
  3244,
  2867,
  4807,
  4499,
  5009,
  5738,
  3503,
  3754,
  5261,
  804,
  4776,
  5623,
  5520,
  5721,
  5293,
  3807,
  4968,
  5683,
  6048,
  3729,
  4161,
  4932,
  4063,
  4533,
  3351,
  4917,
  6646,
  3038,
  2242,
  5445,
  4085,
  6067,
  5217,
  4519,
  4238,
  4473,
  5339,
  3459,
  5182,
  3347,
  5574,
  1739,
  4713,
  3149],
 [2618,
  3071,
  528,
  3547,
  2818,
  6978,
  5112,
  4658,
  4293,
  5926,
  5616,
  4089,
  2399,
  1830,
  2646,
  2316,
  3407,
  4757,
  3364,
  3334,
  3935,
  3561,
  3864,
  3251,
  566,
  0,
  4223,
  5691,
  1784,
  1767,
  3433,
  2909,
  2601,
  4589,
  5976,
  3156,
  3597,
  4841,
  1370,
  3767,
  5203,
  5100,
  5301,
  4873,
  4131,
  4548,
  5526,
  6364,
  3572,
  4004,
  4775,
  3906,
  4376,
  3547,
  4760,
  8549,
  1676,
  2808,
  5025,
  3928,
  5910,
  4797,
  4362,
  4081,
  4053,
  5182,
  2097,
  3284,
  2908,
  6001,
  2305,
  3236,
  1672],
 [5135,
  6013,
  3045,
  1849,
  1797,
  400,
  3617,
  4100,
  4130,
  3230,
  2278,
  5031,
  3822,
  4473,
  2477,
  4363,
  2862,
  4757,
  4366,
  2153,
  485,
  4095,
  4398,
  4253,
  3083,
  2517,
  0,
  1468,
  2444,
  2112,
  831,
  4332,
  4024,
  4576,
  5305,
  3775,
  3321,
  4828,
  2851,
  4301,
  5190,
  5087,
  5288,
  4860,
  3374,
  4535,
  3540,
  5615,
  3296,
  3728,
  3696,
  3630,
  4100,
  3271,
  4158,
  2008,
  4301,
  1519,
  5012,
  3652,
  2865,
  4784,
  4086,
  3805,
  4040,
  3196,
  4144,
  4707,
  2215,
  5141,
  2076,
  4238,
  2017],
 [4353,
  4806,
  2263,
  1067,
  1015,
  2955,
  3355,
  2901,
  2536,
  4169,
  1593,
  3592,
  2383,
  3034,
  1695,
  2025,
  1423,
  7533,
  2927,
  1371,
  1346,
  2656,
  2959,
  2814,
  2301,
  1735,
  1634,
  0,
  1875,
  1330,
  844,
  2893,
  2585,
  3095,
  3824,
  1589,
  1840,
  3347,
  2069,
  2862,
  3709,
  3606,
  3807,
  3379,
  1893,
  3054,
  3769,
  4134,
  1815,
  2247,
  3018,
  2149,
  2619,
  1437,
  3003,
  4526,
  2862,
  2055,
  3531,
  2171,
  4153,
  3303,
  2605,
  2324,
  2559,
  3425,
  2705,
  3268,
  1433,
  3660,
  1507,
  2799,
  1235],
 [3885,
  4338,
  1795,
  1763,
  1034,
  2839,
  4051,
  3597,
  3232,
  4865,
  2495,
  4288,
  3079,
  3097,
  2391,
  2721,
  2119,
  6024,
  4340,
  2067,
  2151,
  3352,
  3655,
  4227,
  1833,
  1267,
  2439,
  3907,
  0,
  2026,
  1649,
  3589,
  3281,
  3791,
  4520,
  2285,
  2536,
  4043,
  1572,
  3558,
  4405,
  4302,
  4503,
  4075,
  2589,
  3750,
  4465,
  4830,
  2511,
  2943,
  3714,
  2845,
  3315,
  2133,
  3699,
  5428,
  2943,
  1024,
  4227,
  2867,
  4849,
  3999,
  3301,
  3020,
  3255,
  4121,
  3401,
  3964,
  2129,
  4356,
  521,
  3495,
  1931],
 [3023,
  3476,
  933,
  2199,
  823,
  3275,
  4487,
  4033,
  3668,
  5301,
  2931,
  4494,
  2804,
  2235,
  1075,
  1405,
  2555,
  5162,
  3769,
  2503,
  2587,
  3966,
  4269,
  3656,
  971,
  405,
  2875,
  4343,
  1153,
  0,
  2085,
  2216,
  1908,
  4227,
  4956,
  3561,
  2972,
  4479,
  739,
  4172,
  4841,
  4738,
  4939,
  4511,
  3025,
  4186,
  4901,
  5266,
  2947,
  3379,
  4150,
  3281,
  3751,
  2569,
  4135,
  5864,
  2081,
  1863,
  4663,
  3303,
  5285,
  4435,
  3737,
  3456,
  3691,
  4557,
  1624,
  2591,
  813,
  4792,
  1315,
  3641,
  615],
 [4473,
  4926,
  2383,
  1187,
  1135,
  1190,
  3475,
  3021,
  2656,
  4020,
  1616,
  3712,
  2503,
  3154,
  1815,
  2145,
  1543,
  5547,
  3764,
  1491,
  502,
  2776,
  3079,
  3651,
  2421,
  1855,
  790,
  2258,
  1995,
  1450,
  0,
  3013,
  2705,
  3215,
  3944,
  1709,
  1960,
  3467,
  2189,
  2982,
  3829,
  3726,
  3927,
  3499,
  2013,
  3174,
  3889,
  4254,
  1935,
  2367,
  3138,
  2269,
  2739,
  1557,
  3123,
  2798,
  2982,
  2190,
  3651,
  2291,
  3655,
  3423,
  2725,
  2444,
  2679,
  3545,
  2825,
  3388,
  1553,
  3780,
  1627,
  2919,
  1355],
 [2310,
  1681,
  2004,
  2651,
  2599,
  4939,
  3545,
  3091,
  2726,
  4359,
  3577,
  699,
  1160,
  921,
  1141,
  811,
  1840,
  6147,
  800,
  1767,
  3256,
  935,
  1238,
  687,
  1994,
  2253,
  3544,
  6412,
  3212,
  1848,
  2754,
  0,
  308,
  3022,
  3831,
  1589,
  2030,
  3274,
  2798,
  2200,
  3636,
  3533,
  3734,
  3306,
  2564,
  2981,
  3959,
  4219,
  2005,
  2437,
  3208,
  2339,
  2809,
  1980,
  3193,
  6510,
  749,
  3639,
  3458,
  2361,
  4343,
  3230,
  2795,
  2514,
  2486,
  3615,
  592,
  375,
  1403,
  3856,
  3091,
  672,
  1601],
 [2618,
  1989,
  1696,
  2405,
  2353,
  4693,
  3299,
  2845,
  2480,
  4113,
  3331,
  1007,
  586,
  613,
  833,
  503,
  1594,
  5839,
  1108,
  1521,
  3010,
  1243,
  1546,
  995,
  1686,
  1945,
  3298,
  6166,
  2904,
  1540,
  2508,
  308,
  0,
  2776,
  4163,
  1343,
  1784,
  3028,
  2490,
  1954,
  3390,
  3287,
  3488,
  3060,
  2318,
  2735,
  3713,
  4551,
  1759,
  2191,
  2962,
  2093,
  2563,
  1734,
  2947,
  6264,
  441,
  3393,
  3212,
  2115,
  4097,
  2984,
  2549,
  2268,
  2240,
  3369,
  284,
  683,
  1095,
  4188,
  2845,
  980,
  1293],
 [5921,
  5292,
  4702,
  3506,
  3454,
  5182,
  2696,
  2242,
  1877,
  3510,
  5042,
  4310,
  3101,
  3752,
  3972,
  3642,
  2383,
  7120,
  3645,
  3232,
  4111,
  2535,
  2838,
  3532,
  4825,
  4174,
  4399,
  5186,
  4314,
  3769,
  3609,
  3611,
  3303,
  0,
  1478,
  3054,
  1877,
  1001,
  4508,
  2615,
  1363,
  1260,
  1461,
  257,
  1930,
  468,
  3110,
  1788,
  1654,
  1250,
  3266,
  1490,
  1960,
  2348,
  2344,
  4325,
  3580,
  4494,
  1185,
  1824,
  3494,
  957,
  2408,
  2127,
  1095,
  2766,
  3423,
  3986,
  3872,
  1314,
  3946,
  3517,
  3674],
 [5790,
  5161,
  4947,
  3861,
  3809,
  6237,
  3402,
  2597,
  2232,
  4565,
  6339,
  4179,
  3456,
  4107,
  4327,
  3997,
  2738,
  8175,
  3321,
  4529,
  4466,
  3253,
  3556,
  3208,
  6119,
  4529,
  4754,
  6241,
  4669,
  4124,
  3964,
  3702,
  3658,
  1645,
  0,
  4351,
  2232,
  602,
  4863,
  3586,
  911,
  808,
  1062,
  1346,
  2285,
  1021,
  3465,
  388,
  2009,
  1605,
  3621,
  1845,
  2315,
  2703,
  2699,
  5380,
  3935,
  4849,
  786,
  2179,
  4200,
  540,
  2763,
  2482,
  1450,
  3121,
  3778,
  3855,
  4227,
  583,
  4301,
  3116,
  4029],
 [4348,
  4306,
  2258,
  1062,
  1010,
  3350,
  3087,
  2633,
  2268,
  3901,
  1988,
  3324,
  2115,
  2766,
  1690,
  2656,
  1155,
  7928,
  2659,
  178,
  1667,
  2388,
  2691,
  2546,
  2296,
  1730,
  1955,
  4823,
  1870,
  1325,
  1165,
  2625,
  2317,
  2827,
  3556,
  0,
  1572,
  3079,
  2064,
  2594,
  3441,
  3338,
  3539,
  3111,
  1625,
  2786,
  3501,
  3866,
  1547,
  1979,
  2750,
  1881,
  2351,
  1169,
  2735,
  4921,
  2594,
  2050,
  3263,
  1903,
  3885,
  3035,
  2337,
  2056,
  2291,
  3157,
  2437,
  3000,
  1428,
  3392,
  1502,
  2531,
  1230],
 [4292,
  3663,
  3073,
  1877,
  1825,
  4775,
  1763,
  1309,
  944,
  2577,
  3413,
  2681,
  1472,
  2123,
  2343,
  2013,
  754,
  6187,
  2016,
  1603,
  2482,
  1741,
  2044,
  1903,
  3196,
  2545,
  2770,
  4253,
  2685,
  2140,
  1980,
  1982,
  1674,
  1503,
  2232,
  1425,
  0,
  1755,
  2879,
  1947,
  2117,
  2014,
  2215,
  1787,
  301,
  1462,
  1612,
  2542,
  223,
  655,
  1178,
  557,
  1027,
  719,
  1411,
  3392,
  1951,
  2865,
  1939,
  331,
  2561,
  1711,
  765,
  484,
  967,
  1833,
  1794,
  2357,
  2243,
  2068,
  2317,
  1888,
  2045],
 [5810,
  5181,
  4591,
  3395,
  3343,
  5071,
  2585,
  2131,
  1766,
  3399,
  4931,
  4199,
  2990,
  3641,
  3861,
  3531,
  2272,
  7009,
  3916,
  3121,
  4000,
  2424,
  2727,
  3803,
  4714,
  4063,
  4288,
  5075,
  4203,
  3658,
  3498,
  3500,
  3192,
  1179,
  595,
  2943,
  1766,
  0,
  4397,
  2504,
  343,
  240,
  460,
  880,
  1819,
  555,
  2999,
  905,
  1543,
  1139,
  3155,
  1379,
  1849,
  2237,
  2233,
  4214,
  3469,
  4383,
  184,
  1713,
  3383,
  74,
  2297,
  2016,
  984,
  2655,
  3312,
  3875,
  3761,
  431,
  3835,
  3711,
  3563],
 [3176,
  3629,
  1086,
  2177,
  1448,
  3253,
  4465,
  4011,
  3646,
  5279,
  2909,
  4647,
  3493,
  2388,
  2805,
  2874,
  2533,
  5315,
  4037,
  2481,
  2565,
  3766,
  4069,
  3924,
  1124,
  558,
  2853,
  4321,
  414,
  2440,
  2063,
  4003,
  3695,
  4205,
  4934,
  2699,
  2950,
  4457,
  0,
  3972,
  4819,
  4716,
  4917,
  4489,
  3003,
  4164,
  4879,
  5244,
  2925,
  3357,
  4128,
  3259,
  3729,
  2547,
  4113,
  5842,
  2234,
  1438,
  4641,
  3281,
  5263,
  4413,
  3715,
  3434,
  3669,
  4535,
  2655,
  4378,
  2543,
  4770,
  935,
  3909,
  2345],
 [3856,
  3227,
  4283,
  3087,
  3035,
  5375,
  3861,
  3407,
  3042,
  4675,
  4013,
  2245,
  2069,
  2720,
  2940,
  2610,
  2156,
  7946,
  1387,
  2203,
  3692,
  927,
  1230,
  1274,
  3793,
  3755,
  3980,
  6848,
  3895,
  3350,
  3190,
  1768,
  2271,
  3338,
  2218,
  2025,
  2346,
  2681,
  4089,
  0,
  2990,
  2887,
  3141,
  3425,
  2880,
  3100,
  4275,
  2606,
  2321,
  2753,
  3524,
  2655,
  3125,
  2296,
  3509,
  6946,
  2548,
  4075,
  2865,
  2677,
  4659,
  2619,
  3111,
  2830,
  2802,
  3931,
  2391,
  1921,
  3453,
  2243,
  3527,
  1182,
  3255],
 [6161,
  5532,
  4942,
  3746,
  3694,
  5422,
  2936,
  2482,
  2117,
  3750,
  5282,
  4550,
  3341,
  3992,
  4212,
  3882,
  2623,
  7360,
  4200,
  3472,
  4351,
  2775,
  3078,
  4087,
  5065,
  4414,
  4639,
  5426,
  4554,
  4009,
  3849,
  3851,
  3543,
  1530,
  879,
  3294,
  2117,
  343,
  4748,
  2855,
  0,
  103,
  441,
  1231,
  2170,
  906,
  3350,
  1189,
  1894,
  1490,
  3506,
  1730,
  2200,
  2588,
  2584,
  4565,
  3820,
  4734,
  165,
  2064,
  3734,
  425,
  2648,
  2367,
  1335,
  3006,
  3663,
  4226,
  4112,
  747,
  4186,
  3995,
  3914],
 [6058,
  5429,
  4839,
  3643,
  3591,
  5319,
  2833,
  2379,
  2014,
  3647,
  5179,
  4447,
  3238,
  3889,
  4109,
  3779,
  2520,
  7257,
  4097,
  3369,
  4248,
  2672,
  2975,
  3984,
  4962,
  4311,
  4536,
  5323,
  4451,
  3906,
  3746,
  3748,
  3440,
  1427,
  776,
  3191,
  2014,
  240,
  4645,
  2752,
  103,
  0,
  338,
  1128,
  2067,
  803,
  3247,
  1086,
  1791,
  1387,
  3403,
  1627,
  2097,
  2485,
  2481,
  4462,
  3717,
  4631,
  62,
  1961,
  3631,
  322,
  2545,
  2264,
  1232,
  2903,
  3560,
  4123,
  4009,
  644,
  4083,
  3892,
  3811],
 [6298,
  5669,
  5079,
  3883,
  3831,
  4890,
  2055,
  2882,
  2912,
  3218,
  5419,
  4687,
  3478,
  4129,
  4349,
  4019,
  2760,
  6828,
  4404,
  3609,
  4488,
  2912,
  3215,
  4291,
  5202,
  4551,
  5290,
  4894,
  4691,
  4146,
  3986,
  3988,
  3680,
  1667,
  1083,
  3431,
  2254,
  488,
  4885,
  2992,
  469,
  366,
  0,
  1368,
  2307,
  1043,
  3528,
  538,
  2031,
  1627,
  3684,
  1867,
  2337,
  2725,
  2864,
  4033,
  3957,
  4871,
  304,
  2201,
  2853,
  562,
  2785,
  2504,
  1472,
  3184,
  3800,
  4363,
  4249,
  919,
  4323,
  4199,
  4051],
 [5697,
  5068,
  4478,
  3282,
  3230,
  4958,
  2472,
  2018,
  1653,
  3286,
  4818,
  4086,
  2877,
  3528,
  3748,
  3418,
  2159,
  6896,
  3421,
  3008,
  3887,
  2311,
  2614,
  3308,
  4601,
  3950,
  4175,
  4962,
  4090,
  3545,
  3385,
  3387,
  3079,
  274,
  1811,
  2830,
  1653,
  1334,
  4284,
  2391,
  1696,
  1593,
  1794,
  0,
  1706,
  742,
  2886,
  2121,
  1430,
  1026,
  3042,
  1266,
  1736,
  2124,
  2120,
  4101,
  3356,
  4270,
  1518,
  1600,
  3270,
  1290,
  2184,
  1903,
  871,
  2542,
  3199,
  3762,
  3648,
  1647,
  3722,
  3293,
  3450],
 [3991,
  3362,
  2772,
  1576,
  1524,
  4474,
  1888,
  1434,
  1069,
  2702,
  3112,
  2380,
  1171,
  1822,
  2042,
  1712,
  453,
  6312,
  1715,
  1302,
  2181,
  1440,
  1743,
  1602,
  2895,
  2244,
  2469,
  4378,
  2384,
  1839,
  1679,
  1681,
  1373,
  1628,
  2357,
  1124,
  373,
  1880,
  2578,
  1646,
  2242,
  2139,
  2340,
  1912,
  0,
  1587,
  2302,
  2667,
  348,
  780,
  1551,
  682,
  1152,
  418,
  1536,
  3517,
  1650,
  2564,
  2064,
  704,
  2686,
  1836,
  1138,
  857,
  1092,
  1958,
  1493,
  2056,
  1942,
  2193,
  2016,
  1587,
  1744],
 [5453,
  4824,
  4234,
  3038,
  2986,
  4714,
  2228,
  1774,
  1409,
  3042,
  4574,
  3842,
  2633,
  3284,
  3504,
  3174,
  1915,
  6652,
  3177,
  2764,
  3643,
  2067,
  2370,
  3064,
  4357,
  3706,
  3931,
  4718,
  3846,
  3301,
  3141,
  3143,
  2835,
  822,
  1010,
  2586,
  1409,
  533,
  4040,
  2147,
  895,
  792,
  993,
  565,
  1462,
  0,
  2642,
  1320,
  1186,
  782,
  2798,
  1022,
  1492,
  1880,
  1876,
  3857,
  3112,
  4026,
  717,
  1356,
  3026,
  489,
  1940,
  1659,
  627,
  2298,
  2955,
  3518,
  3404,
  846,
  3478,
  3049,
  3206],
 [6244,
  5615,
  5121,
  3925,
  3873,
  2854,
  1625,
  1370,
  1400,
  1182,
  4451,
  4633,
  3424,
  4075,
  4553,
  3965,
  4252,
  4792,
  3968,
  3555,
  4204,
  3693,
  3996,
  3855,
  6860,
  4593,
  3254,
  2858,
  4733,
  4188,
  3702,
  3934,
  3626,
  2759,
  3488,
  3377,
  1597,
  3011,
  4927,
  3899,
  3373,
  3270,
  3471,
  3043,
  2253,
  2718,
  0,
  3798,
  1977,
  1911,
  269,
  1643,
  1503,
  2671,
  1428,
  1997,
  3903,
  4913,
  3195,
  1429,
  873,
  2967,
  847,
  1128,
  2223,
  438,
  3746,
  4309,
  4291,
  3324,
  4365,
  3840,
  4093],
 [6178,
  5549,
  5257,
  4171,
  4119,
  6625,
  3790,
  2907,
  2542,
  4953,
  6727,
  4567,
  3766,
  4417,
  4637,
  4307,
  3048,
  8563,
  3709,
  4917,
  4776,
  3641,
  3944,
  3596,
  6507,
  4839,
  5064,
  6629,
  4979,
  4434,
  4274,
  4090,
  3968,
  1955,
  388,
  4739,
  2542,
  912,
  5173,
  3974,
  1221,
  1118,
  1372,
  1656,
  2595,
  1331,
  3775,
  0,
  2319,
  1915,
  3931,
  2155,
  2625,
  3013,
  3009,
  5768,
  4245,
  5159,
  1096,
  2489,
  4588,
  850,
  3073,
  2792,
  1760,
  3431,
  4088,
  4243,
  4537,
  893,
  4611,
  3504,
  4339],
 [4267,
  3638,
  3048,
  1852,
  1800,
  4750,
  1540,
  1086,
  721,
  2354,
  3388,
  2656,
  1447,
  2098,
  2318,
  1988,
  729,
  5964,
  1991,
  1578,
  2457,
  1716,
  2019,
  1878,
  3171,
  2520,
  2745,
  4030,
  2660,
  2115,
  1955,
  1957,
  1649,
  1280,
  2009,
  1400,
  223,
  1532,
  2854,
  1922,
  1894,
  1791,
  1992,
  1564,
  276,
  1239,
  1954,
  2319,
  0,
  432,
  2110,
  334,
  804,
  694,
  1188,
  3169,
  1926,
  2840,
  1716,
  554,
  2338,
  1488,
  988,
  707,
  744,
  1610,
  1769,
  2332,
  2218,
  1845,
  2292,
  1863,
  2020],
 [4914,
  4285,
  3695,
  2499,
  2447,
  4175,
  1689,
  1235,
  870,
  2503,
  4035,
  3303,
  2094,
  2745,
  2965,
  2635,
  1376,
  6113,
  2638,
  2225,
  3104,
  2363,
  2666,
  2525,
  3818,
  3167,
  3392,
  4179,
  3307,
  2762,
  2602,
  2604,
  2296,
  848,
  1577,
  2047,
  870,
  1100,
  3501,
  1848,
  1462,
  1359,
  1560,
  1132,
  923,
  807,
  2103,
  1887,
  647,
  0,
  2259,
  483,
  953,
  1341,
  1337,
  3318,
  2573,
  3487,
  1284,
  817,
  2487,
  1056,
  1401,
  1120,
  312,
  1759,
  2416,
  2979,
  2865,
  1413,
  2939,
  2510,
  2667],
 [6400,
  5771,
  5277,
  4081,
  4029,
  3010,
  1781,
  1526,
  1556,
  1338,
  4607,
  4789,
  3580,
  4231,
  4709,
  4121,
  4408,
  4948,
  4124,
  3711,
  4360,
  3849,
  4152,
  4011,
  7016,
  4749,
  3410,
  3014,
  4889,
  4344,
  3858,
  4090,
  3782,
  2915,
  3644,
  3533,
  1290,
  3167,
  5083,
  4055,
  3529,
  3426,
  3627,
  3199,
  2409,
  2874,
  269,
  3954,
  2133,
  2067,
  0,
  1799,
  1659,
  2827,
  1584,
  2153,
  4059,
  5069,
  3351,
  1122,
  1029,
  3123,
  540,
  694,
  2379,
  594,
  3902,
  4465,
  4447,
  3480,
  4521,
  3996,
  4249],
 [4601,
  3972,
  3382,
  2186,
  2134,
  3692,
  1206,
  752,
  387,
  2020,
  3722,
  2990,
  1781,
  2432,
  2652,
  2322,
  1063,
  5630,
  2325,
  1912,
  2791,
  2050,
  2353,
  2212,
  3505,
  2854,
  3079,
  3696,
  2994,
  2449,
  2289,
  2291,
  1983,
  1116,
  1845,
  1734,
  557,
  1368,
  3188,
  2256,
  1730,
  1627,
  1828,
  1400,
  610,
  1075,
  1620,
  2155,
  334,
  268,
  1776,
  0,
  470,
  1028,
  854,
  2835,
  2260,
  3174,
  1552,
  334,
  2004,
  1324,
  918,
  637,
  580,
  1276,
  2103,
  2666,
  2552,
  1681,
  2626,
  2197,
  2354],
 [5200,
  4571,
  3981,
  2785,
  2733,
  3222,
  736,
  282,
  356,
  1550,
  4819,
  3589,
  2380,
  3031,
  3251,
  2921,
  1662,
  5160,
  2924,
  2511,
  4572,
  2649,
  2952,
  2811,
  4104,
  3453,
  3622,
  3226,
  3593,
  3048,
  4070,
  2890,
  2582,
  1715,
  2444,
  2333,
  1156,
  1967,
  3787,
  2855,
  2329,
  2226,
  2427,
  1999,
  1209,
  1674,
  1150,
  2754,
  933,
  867,
  1306,
  599,
  0,
  1627,
  384,
  2365,
  2859,
  3773,
  2151,
  917,
  1534,
  1923,
  1545,
  1220,
  1179,
  806,
  2702,
  3265,
  3151,
  2280,
  3225,
  2796,
  2953],
 [4741,
  4112,
  2354,
  1158,
  1106,
  2451,
  2223,
  1769,
  1404,
  3037,
  2107,
  3130,
  1921,
  2572,
  1786,
  2462,
  961,
  6647,
  2465,
  909,
  1763,
  2194,
  2497,
  2352,
  2392,
  1826,
  2051,
  4713,
  1966,
  1421,
  1261,
  2431,
  2123,
  1963,
  2692,
  1127,
  708,
  2215,
  2160,
  2400,
  2577,
  2474,
  2675,
  2247,
  761,
  1922,
  2637,
  3002,
  683,
  1115,
  1886,
  1017,
  1487,
  0,
  1871,
  3852,
  2400,
  2146,
  2399,
  1039,
  3021,
  2171,
  1473,
  1192,
  1427,
  2293,
  2243,
  2806,
  1524,
  2528,
  1598,
  2337,
  1326],
 [5389,
  4760,
  4170,
  2974,
  2922,
  3455,
  889,
  515,
  545,
  1783,
  4510,
  3778,
  2569,
  3220,
  3440,
  3110,
  1851,
  5393,
  3113,
  2700,
  4805,
  2838,
  3141,
  3000,
  4293,
  3642,
  3855,
  3459,
  3782,
  3237,
  4303,
  3079,
  2771,
  1904,
  2633,
  2522,
  1345,
  2156,
  3976,
  3044,
  2518,
  2415,
  2616,
  2188,
  1398,
  1863,
  1383,
  2943,
  1122,
  1056,
  1539,
  788,
  648,
  1816,
  0,
  2598,
  3048,
  3962,
  2340,
  1106,
  1687,
  2112,
  1778,
  1409,
  1368,
  1039,
  2891,
  3454,
  3340,
  2469,
  3414,
  2985,
  3142],
 [6966,
  6337,
  5161,
  3965,
  3913,
  2894,
  1609,
  2092,
  2122,
  1222,
  4491,
  5355,
  4146,
  4797,
  4593,
  4687,
  4292,
  4832,
  4690,
  4277,
  4244,
  5525,
  5828,
  4577,
  6900,
  4633,
  3294,
  2898,
  4773,
  4228,
  3742,
  4656,
  4348,
  3481,
  4897,
  4099,
  2922,
  3733,
  4967,
  5731,
  4095,
  3992,
  4193,
  3765,
  2975,
  3440,
  1532,
  5285,
  2699,
  2633,
  1688,
  2365,
  2225,
  3393,
  2150,
  0,
  4625,
  4953,
  3917,
  2683,
  857,
  3689,
  1927,
  2208,
  2945,
  1188,
  4468,
  5031,
  4331,
  4046,
  4405,
  4562,
  4133],
 [2521,
  2974,
  1255,
  2968,
  3497,
  5256,
  3862,
  3408,
  3043,
  4676,
  3894,
  1512,
  1149,
  1273,
  1396,
  1066,
  2157,
  5398,
  1613,
  2084,
  4614,
  1748,
  2051,
  1500,
  1245,
  2607,
  4902,
  6729,
  2463,
  2103,
  4112,
  813,
  563,
  3339,
  4726,
  1906,
  2347,
  3591,
  2049,
  2517,
  3953,
  3850,
  4051,
  3623,
  2881,
  3298,
  4276,
  5114,
  2322,
  2754,
  3525,
  2656,
  3126,
  2297,
  3510,
  6827,
  0,
  3487,
  3775,
  2678,
  4660,
  3547,
  3112,
  2831,
  2803,
  3932,
  847,
  1188,
  1658,
  4751,
  2984,
  1485,
  1856],
 [4405,
  4858,
  2315,
  1799,
  1070,
  2875,
  4087,
  3633,
  3268,
  4901,
  2531,
  4324,
  3115,
  3617,
  2427,
  2757,
  2155,
  5191,
  4376,
  2103,
  2187,
  3388,
  3691,
  4263,
  2353,
  1787,
  2475,
  3943,
  925,
  2062,
  1685,
  3625,
  3317,
  3827,
  4556,
  2321,
  2572,
  4079,
  2092,
  3594,
  4441,
  4338,
  4539,
  4111,
  2625,
  3786,
  4501,
  4866,
  2547,
  2979,
  3750,
  2881,
  3351,
  2169,
  3735,
  5464,
  3463,
  0,
  4263,
  2903,
  4885,
  4035,
  3337,
  3056,
  3291,
  4157,
  3437,
  4000,
  2165,
  4392,
  557,
  3531,
  1967],
 [5994,
  5365,
  4775,
  3579,
  3527,
  5255,
  2769,
  2315,
  1950,
  3583,
  5115,
  4383,
  3174,
  3825,
  4045,
  3715,
  2456,
  7193,
  4100,
  3305,
  4184,
  2608,
  2911,
  3987,
  4898,
  4247,
  4472,
  5259,
  4387,
  3842,
  3682,
  3684,
  3376,
  1363,
  779,
  3127,
  1950,
  184,
  4581,
  2688,
  165,
  62,
  276,
  1064,
  2003,
  739,
  3183,
  1089,
  1727,
  1323,
  3339,
  1563,
  2033,
  2421,
  2417,
  4398,
  3653,
  4567,
  0,
  1897,
  3567,
  258,
  2481,
  2200,
  1168,
  2839,
  3496,
  4059,
  3945,
  615,
  4019,
  3895,
  3747],
 [4610,
  3981,
  3391,
  2195,
  2143,
  4010,
  1524,
  1070,
  705,
  2338,
  3731,
  2999,
  1790,
  2441,
  2661,
  2331,
  1072,
  5948,
  2334,
  1921,
  2800,
  2059,
  2362,
  2221,
  3514,
  2863,
  3088,
  4014,
  3003,
  2458,
  2298,
  2300,
  1992,
  1450,
  2179,
  1743,
  318,
  1702,
  3197,
  2265,
  2064,
  1961,
  2162,
  1734,
  619,
  1409,
  1431,
  2489,
  668,
  602,
  997,
  334,
  788,
  1037,
  1172,
  3153,
  2269,
  3183,
  1886,
  0,
  2322,
  1658,
  584,
  303,
  914,
  1594,
  2112,
  2675,
  2561,
  2015,
  2635,
  2206,
  2363],
 [6109,
  5480,
  4564,
  3368,
  3316,
  2297,
  1068,
  1235,
  1265,
  625,
  3894,
  4498,
  3289,
  3940,
  3996,
  3830,
  3695,
  4235,
  3930,
  3420,
  3647,
  3558,
  3861,
  3817,
  6303,
  4036,
  2697,
  2301,
  4176,
  3631,
  3145,
  3799,
  3491,
  2624,
  3353,
  3242,
  2065,
  2876,
  4370,
  3764,
  3238,
  3135,
  3336,
  2908,
  2118,
  2583,
  675,
  3663,
  1842,
  1776,
  831,
  1508,
  1368,
  2536,
  1293,
  1440,
  3768,
  4356,
  3060,
  1826,
  0,
  2832,
  1070,
  1351,
  2088,
  331,
  3611,
  4174,
  3734,
  3189,
  3808,
  3705,
  3536],
 [5736,
  5107,
  4517,
  3321,
  3269,
  4997,
  2511,
  2057,
  1692,
  3325,
  4857,
  4125,
  2916,
  3567,
  3787,
  3457,
  2198,
  6935,
  3557,
  3047,
  3926,
  2350,
  2653,
  3444,
  4640,
  3989,
  4214,
  5001,
  4129,
  3584,
  3424,
  3426,
  3118,
  1105,
  826,
  2869,
  1692,
  349,
  4323,
  2430,
  711,
  608,
  809,
  806,
  1745,
  481,
  2925,
  1136,
  1469,
  1065,
  3081,
  1305,
  1775,
  2163,
  2159,
  4140,
  3395,
  4309,
  533,
  1639,
  3309,
  0,
  2223,
  1942,
  910,
  2581,
  3238,
  3801,
  3687,
  662,
  3761,
  3332,
  3489],
 [5042,
  4413,
  3823,
  2627,
  2575,
  3249,
  2020,
  1765,
  1287,
  1577,
  4163,
  3431,
  2222,
  2873,
  3093,
  2763,
  1504,
  5187,
  2863,
  2353,
  3232,
  2491,
  2794,
  2750,
  3946,
  3295,
  3649,
  3253,
  3435,
  2890,
  2730,
  2732,
  2424,
  2032,
  2761,
  2175,
  750,
  2284,
  3629,
  2697,
  2646,
  2543,
  2744,
  2316,
  1051,
  1991,
  847,
  3071,
  973,
  1184,
  540,
  916,
  1370,
  1469,
  1823,
  2392,
  2701,
  3615,
  2468,
  582,
  1268,
  2240,
  0,
  281,
  1496,
  833,
  2544,
  3107,
  2993,
  2597,
  3067,
  2638,
  2795],
 [4763,
  4134,
  3544,
  2348,
  2296,
  3530,
  1827,
  1373,
  1008,
  1858,
  3884,
  3152,
  1943,
  2594,
  2814,
  2484,
  1225,
  5468,
  2584,
  2074,
  2953,
  2212,
  2515,
  2471,
  3667,
  3016,
  3241,
  3534,
  3156,
  2611,
  2451,
  2453,
  2145,
  1753,
  2482,
  1896,
  471,
  2005,
  3350,
  2418,
  2367,
  2264,
  2465,
  2037,
  772,
  1712,
  1128,
  2792,
  694,
  905,
  694,
  637,
  1091,
  1190,
  1475,
  2673,
  2422,
  3336,
  2189,
  303,
  1549,
  1961,
  281,
  0,
  1217,
  1114,
  2265,
  2828,
  2714,
  2318,
  2788,
  2359,
  2516],
 [5167,
  4538,
  3948,
  2752,
  2700,
  4428,
  1942,
  1488,
  1123,
  2756,
  4288,
  3556,
  2347,
  2998,
  3218,
  2888,
  1629,
  6366,
  2988,
  2478,
  3357,
  1781,
  2084,
  2875,
  4071,
  3420,
  3645,
  4432,
  3560,
  3015,
  2855,
  2857,
  2549,
  536,
  1265,
  2300,
  1123,
  788,
  3754,
  1861,
  1150,
  1047,
  1248,
  820,
  1176,
  495,
  2356,
  1575,
  900,
  496,
  2512,
  736,
  1206,
  1594,
  1590,
  3571,
  2826,
  3740,
  972,
  1070,
  2740,
  744,
  1654,
  1373,
  0,
  2012,
  2669,
  3232,
  3118,
  1101,
  3192,
  2763,
  2920],
 [8577,
  5625,
  4683,
  3487,
  3435,
  2416,
  1187,
  1380,
  1410,
  744,
  4013,
  4643,
  3434,
  4085,
  4115,
  3975,
  3814,
  4354,
  4075,
  3565,
  3766,
  5047,
  5350,
  3962,
  6422,
  4155,
  2816,
  2420,
  4295,
  3750,
  3264,
  3944,
  3636,
  2769,
  4475,
  3387,
  2210,
  3021,
  4489,
  5253,
  3383,
  3280,
  3481,
  3053,
  2263,
  2728,
  820,
  4863,
  1987,
  1921,
  976,
  1653,
  1513,
  2681,
  1438,
  1559,
  3913,
  4475,
  3205,
  1971,
  435,
  2977,
  1215,
  1496,
  2233,
  0,
  3756,
  4319,
  3853,
  3334,
  3927,
  3850,
  3655],
 [2902,
  2273,
  1816,
  2509,
  1389,
  4797,
  3403,
  2949,
  2584,
  4217,
  3435,
  1291,
  690,
  733,
  549,
  219,
  1698,
  5959,
  1752,
  1625,
  3114,
  1852,
  2155,
  1639,
  1806,
  1661,
  3402,
  6270,
  3024,
  1256,
  2612,
  592,
  284,
  2880,
  4267,
  1447,
  1888,
  3132,
  2610,
  2058,
  3494,
  3391,
  3592,
  3164,
  2422,
  2839,
  3817,
  4655,
  1863,
  2295,
  3066,
  2197,
  2667,
  1838,
  3051,
  6368,
  561,
  2429,
  3316,
  2219,
  4201,
  3088,
  2653,
  2372,
  2344,
  3473,
  0,
  967,
  811,
  4292,
  1881,
  1527,
  1009],
 [1935,
  1306,
  2982,
  3407,
  3355,
  5695,
  4301,
  3847,
  3482,
  5115,
  4333,
  324,
  1916,
  1899,
  2119,
  1789,
  2596,
  7765,
  1653,
  2523,
  4012,
  1691,
  1994,
  1540,
  2972,
  3231,
  4300,
  7168,
  4190,
  2826,
  3510,
  978,
  1286,
  3778,
  4587,
  2345,
  2786,
  4030,
  3776,
  2956,
  4392,
  4289,
  4490,
  4062,
  3320,
  3737,
  4715,
  4975,
  2761,
  3193,
  3964,
  3095,
  3565,
  2736,
  3949,
  7266,
  1727,
  4395,
  4214,
  3117,
  5099,
  3986,
  3551,
  3270,
  3242,
  4371,
  1570,
  0,
  2381,
  4612,
  3847,
  1428,
  2579],
 [3468,
  3921,
  1378,
  1954,
  578,
  3030,
  4242,
  3788,
  3423,
  5056,
  2686,
  2102,
  1501,
  1544,
  262,
  592,
  2310,
  5607,
  2563,
  2436,
  2342,
  2663,
  2966,
  2450,
  1416,
  850,
  2630,
  4098,
  1598,
  445,
  1840,
  1403,
  1095,
  3691,
  5078,
  2258,
  2727,
  3943,
  1184,
  2869,
  4305,
  4202,
  4403,
  3975,
  3233,
  3650,
  4656,
  5466,
  2702,
  3134,
  3905,
  3036,
  3506,
  2324,
  3890,
  5619,
  1372,
  1618,
  4127,
  3058,
  5040,
  3899,
  3492,
  3211,
  3155,
  4312,
  811,
  1778,
  0,
  5103,
  1070,
  2338,
  198],
 [5824,
  5195,
  4893,
  3697,
  3645,
  5373,
  2887,
  2433,
  2068,
  3701,
  5233,
  4213,
  3292,
  3943,
  4163,
  3833,
  2574,
  7311,
  3355,
  3423,
  4302,
  3287,
  3590,
  3242,
  5016,
  4365,
  4590,
  5377,
  4505,
  3960,
  3800,
  3736,
  3494,
  1481,
  583,
  3245,
  2068,
  438,
  4699,
  3620,
  747,
  644,
  898,
  1182,
  2121,
  857,
  3301,
  893,
  1845,
  1441,
  3457,
  1681,
  2151,
  2539,
  2535,
  4516,
  3771,
  4685,
  622,
  2015,
  3685,
  376,
  2599,
  2318,
  1286,
  2957,
  3614,
  3889,
  4063,
  0,
  4137,
  3150,
  3865],
 [3848,
  4301,
  1758,
  1740,
  1011,
  2816,
  4028,
  3574,
  3209,
  4842,
  2472,
  5319,
  3056,
  3060,
  2368,
  3546,
  2096,
  5987,
  3697,
  2044,
  2128,
  3329,
  3632,
  3584,
  1796,
  1230,
  2416,
  3884,
  368,
  2003,
  1626,
  3566,
  3258,
  3768,
  4497,
  2262,
  2513,
  4020,
  1535,
  3535,
  4382,
  4279,
  4480,
  4052,
  2566,
  3727,
  4442,
  4807,
  2488,
  2920,
  3691,
  2822,
  3292,
  2110,
  3676,
  5405,
  2906,
  1001,
  4204,
  2844,
  4826,
  3976,
  3278,
  2997,
  3232,
  4098,
  3327,
  3941,
  2106,
  4333,
  0,
  3472,
  1908],
 [2674,
  2045,
  2882,
  2639,
  2587,
  4927,
  3356,
  2902,
  2537,
  4170,
  3565,
  1063,
  1148,
  1799,
  2019,
  1689,
  1651,
  7025,
  205,
  1755,
  3244,
  422,
  725,
  92,
  2872,
  3307,
  3532,
  6400,
  3447,
  2902,
  2742,
  586,
  1350,
  3010,
  3177,
  1577,
  1841,
  3262,
  3676,
  2188,
  3949,
  3846,
  3722,
  3294,
  2552,
  2969,
  3770,
  3565,
  1816,
  2248,
  3019,
  2150,
  2620,
  1791,
  3004,
  6498,
  1627,
  3627,
  3446,
  2172,
  4154,
  3578,
  2606,
  2325,
  2474,
  3426,
  1470,
  739,
  2281,
  3202,
  3079,
  0,
  2479],
 [3270,
  3723,
  1180,
  1756,
  380,
  2832,
  4044,
  3590,
  3225,
  4858,
  2488,
  2300,
  1699,
  2482,
  460,
  790,
  2112,
  5409,
  2761,
  2060,
  2144,
  2861,
  3164,
  2648,
  1218,
  652,
  2432,
  3900,
  1400,
  247,
  1642,
  1601,
  1293,
  3784,
  4513,
  2456,
  2529,
  4036,
  986,
  3067,
  4398,
  4295,
  4496,
  4068,
  2582,
  3743,
  4458,
  4823,
  2504,
  2936,
  3707,
  2838,
  3308,
  2126,
  3692,
  5421,
  1570,
  1420,
  4220,
  2860,
  4842,
  3992,
  3294,
  3013,
  3248,
  4114,
  1009,
  1976,
  198,
  4349,
  872,
  2536,
  0]]


