[[0,
  4589,
  1950,
  2796,
  4864,
  5379,
  4430,
  4694,
  3134,
  5510,
  3575,
  3274,
  5443,
  4440,
  4337,
  3870,
  5517,
  3906,
  3210,
  4667,
  5339,
  3026,
  3515,
  677,
  5603,
  3879,
  1511,
  3622,
  5042,
  3454,
  3648,
  4936,
  1102,
  1300,
  890,
  2726,
  3729,
  2942,
  1501,
  3175,
  2437,
  2377,
  1857,
  2224,
  3824,
  4263,
  2162,
  244,
  1120,
  578,
  2198,
  4665,
  3584,
  3133,
  1156,
  3282,
  1487,
  1983,
  1783,
  1285,
  3066,
  2516,
  4308,
  2757,
  1846,
  2689,
  1729,
  2000,
  1033,
  3922,
  3340,
  3407,
  2362,
  2162,
  5315,
  5809,
  2442,
  4053,
  4422,
  3543,
  3388,
  3126,
  1553,
  2953,
  3552,
  3432,
  1499,
  3335,
  5358,
  3447,
  3206,
  2631,
  3679,
  2987,
  4154,
  4378,
  2631,
  5443,
  2807,
  1677],
 [4730,
  0,
  2653,
  1876,
  301,
  816,
  1119,
  563,
  1385,
  1545,
  1078,
  1904,
  1551,
  3328,
  464,
  1413,
  1150,
  2794,
  1840,
  772,
  972,
  1938,
  2427,
  4603,
  1040,
  1382,
  2764,
  963,
  479,
  1160,
  1046,
  373,
  5069,
  4159,
  4390,
  4340,
  5283,
  4496,
  4946,
  4729,
  3971,
  3911,
  4172,
  3805,
  5108,
  1732,
  3696,
  4737,
  4418,
  4773,
  4466,
  5122,
  5138,
  4687,
  5123,
  5122,
  3987,
  3597,
  3857,
  2990,
  2243,
  4130,
  5592,
  4291,
  4694,
  5596,
  4300,
  4069,
  4634,
  4728,
  4894,
  4961,
  3916,
  4932,
  752,
  1049,
  4443,
  5694,
  4855,
  2173,
  3170,
  4917,
  4987,
  1146,
  3153,
  2925,
  4049,
  2329,
  795,
  2519,
  4740,
  4185,
  2673,
  4541,
  335,
  1847,
  1381,
  880,
  1846,
  4064],
 [3758,
  2602,
  0,
  972,
  2877,
  3392,
  2438,
  1967,
  1142,
  3523,
  2251,
  1282,
  3456,
  2453,
  2350,
  1878,
  3530,
  1919,
  1218,
  1959,
  3352,
  1034,
  1523,
  2960,
  3616,
  2555,
  964,
  1630,
  3055,
  1462,
  1656,
  2949,
  3426,
  2516,
  2747,
  2697,
  3640,
  2853,
  3303,
  3086,
  2328,
  2268,
  2529,
  2162,
  3465,
  2271,
  2053,
  3841,
  2775,
  3130,
  2823,
  4306,
  3495,
  3044,
  3480,
  3479,
  2344,
  1954,
  2214,
  1190,
  747,
  2487,
  3949,
  2648,
  3051,
  3953,
  2657,
  2426,
  2991,
  3833,
  3251,
  3318,
  2273,
  3289,
  3328,
  3822,
  2800,
  3694,
  4063,
  1551,
  3359,
  3274,
  3344,
  1629,
  3443,
  3403,
  2406,
  395,
  3371,
  1623,
  3097,
  2542,
  518,
  2898,
  2162,
  2386,
  1307,
  3456,
  976,
  2421],
 [2862,
  3754,
  2641,
  0,
  4029,
  4544,
  3595,
  3859,
  2299,
  4675,
  4138,
  2439,
  4608,
  3605,
  3502,
  3035,
  4682,
  3071,
  2375,
  3832,
  4504,
  2191,
  2680,
  3302,
  4768,
  4442,
  2752,
  2787,
  4207,
  2619,
  2813,
  4101,
  3853,
  4441,
  4672,
  4622,
  5565,
  4778,
  5228,
  5011,
  4253,
  4193,
  4454,
  4087,
  5390,
  3428,
  3978,
  2869,
  4700,
  3203,
  4748,
  6231,
  5420,
  4969,
  3907,
  5404,
  4269,
  3879,
  4139,
  2146,
  2231,
  4412,
  5874,
  4573,
  4976,
  5878,
  4582,
  4351,
  3784,
  5758,
  5176,
  5243,
  4198,
  5214,
  4480,
  4974,
  4725,
  5619,
  5988,
  2708,
  5284,
  5199,
  5269,
  4206,
  5368,
  5328,
  4331,
  2500,
  4523,
  651,
  5022,
  4467,
  2844,
  4823,
  3319,
  3543,
  3633,
  4608,
  3302,
  4346],
 [5001,
  281,
  2924,
  2147,
  0,
  664,
  2008,
  834,
  1425,
  1816,
  1349,
  2175,
  1822,
  3599,
  735,
  1522,
  998,
  3065,
  1606,
  1043,
  820,
  2209,
  2698,
  4874,
  888,
  1653,
  3035,
  1003,
  588,
  1200,
  1155,
  482,
  5340,
  4430,
  4661,
  4611,
  5554,
  4767,
  5217,
  5000,
  4242,
  4182,
  4443,
  4076,
  5379,
  1841,
  3967,
  5008,
  4689,
  5044,
  4737,
  5393,
  5409,
  4958,
  5394,
  5393,
  4258,
  3868,
  4128,
  3261,
  2514,
  4401,
  5863,
  4562,
  4965,
  5867,
  4571,
  4340,
  4905,
  4999,
  5165,
  5232,
  4187,
  5203,
  600,
  897,
  4714,
  5965,
  5126,
  2444,
  3441,
  5188,
  5258,
  1417,
  3424,
  3196,
  4320,
  2600,
  643,
  2790,
  5011,
  4456,
  2944,
  4812,
  606,
  1956,
  1652,
  728,
  2117,
  4335],
 [5297,
  577,
  3220,
  2443,
  296,
  0,
  2304,
  1130,
  1721,
  2112,
  1645,
  2471,
  1198,
  3895,
  1031,
  1818,
  646,
  3361,
  1902,
  1339,
  468,
  2505,
  2994,
  5170,
  523,
  1949,
  3331,
  1299,
  884,
  1496,
  1451,
  778,
  5636,
  4726,
  4957,
  4907,
  5850,
  5063,
  5513,
  5296,
  4538,
  4478,
  4739,
  4372,
  5675,
  2137,
  4263,
  5304,
  4985,
  5340,
  5033,
  5689,
  5705,
  5254,
  5690,
  5689,
  4554,
  4164,
  4424,
  3557,
  2810,
  4697,
  6159,
  4858,
  5261,
  6163,
  4867,
  4636,
  5201,
  5295,
  5461,
  5528,
  4483,
  5499,
  248,
  545,
  5010,
  6261,
  5422,
  2740,
  2894,
  5484,
  5554,
  1713,
  2877,
  2649,
  4616,
  2896,
  291,
  3086,
  3292,
  4752,
  3240,
  5108,
  902,
  2252,
  1948,
  376,
  2413,
  4631],
 [4596,
  1119,
  2511,
  1734,
  1284,
  1799,
  0,
  2321,
  1496,
  2654,
  2187,
  1156,
  4189,
  3186,
  3083,
  560,
  2133,
  2652,
  1425,
  1881,
  1955,
  1796,
  2285,
  4461,
  2023,
  2491,
  2622,
  1984,
  680,
  1816,
  1201,
  910,
  4927,
  4017,
  4248,
  4198,
  5141,
  4354,
  4802,
  4587,
  3829,
  3769,
  4030,
  3663,
  4966,
  167,
  3554,
  4603,
  4276,
  4631,
  4324,
  5807,
  4996,
  4545,
  4981,
  4980,
  3845,
  3455,
  3715,
  2848,
  2101,
  3988,
  5450,
  4149,
  4552,
  5454,
  4158,
  3927,
  4492,
  5334,
  4752,
  4819,
  3774,
  4790,
  1735,
  2032,
  4301,
  5195,
  5564,
  887,
  4860,
  4775,
  4845,
  2255,
  4944,
  4904,
  3907,
  2187,
  1778,
  2385,
  4598,
  4043,
  2531,
  4399,
  2516,
  52,
  3320,
  1863,
  2989,
  3922],
 [4073,
  663,
  1988,
  1211,
  938,
  1453,
  1783,
  0,
  822,
  1732,
  1265,
  1113,
  1738,
  2663,
  651,
  1297,
  1812,
  2129,
  1003,
  959,
  1634,
  1273,
  1762,
  3938,
  1677,
  1569,
  2099,
  400,
  1116,
  597,
  930,
  1010,
  4404,
  3494,
  3725,
  3675,
  4618,
  3831,
  4281,
  4064,
  3306,
  3246,
  3507,
  3140,
  4443,
  1616,
  3031,
  4080,
  3753,
  4108,
  3801,
  5284,
  4473,
  4022,
  4458,
  4457,
  3322,
  2932,
  3192,
  2325,
  1578,
  3465,
  4927,
  3626,
  4029,
  4931,
  3635,
  3404,
  3969,
  4915,
  4229,
  4296,
  3251,
  4267,
  1389,
  1686,
  3778,
  4672,
  5042,
  1382,
  4337,
  4252,
  4322,
  1333,
  3340,
  4381,
  3384,
  1664,
  1432,
  1862,
  4075,
  3520,
  2008,
  3876,
  320,
  1731,
  1568,
  1517,
  2033,
  3399],
 [3251,
  1990,
  1166,
  389,
  2265,
  2780,
  1447,
  944,
  0,
  2911,
  2374,
  291,
  2844,
  1841,
  1738,
  887,
  2918,
  1307,
  181,
  2068,
  2740,
  451,
  940,
  3116,
  3004,
  2678,
  1277,
  607,
  2443,
  439,
  606,
  2337,
  3582,
  2672,
  2903,
  2853,
  3796,
  3009,
  3459,
  3242,
  2484,
  2424,
  2685,
  2318,
  3621,
  1280,
  2209,
  3258,
  2931,
  3286,
  2979,
  4462,
  3651,
  3200,
  3636,
  3635,
  2500,
  2110,
  2370,
  1503,
  756,
  2643,
  4105,
  2804,
  3207,
  4109,
  2813,
  2582,
  3147,
  3989,
  3407,
  3474,
  2429,
  3445,
  2716,
  3210,
  2956,
  3850,
  4219,
  560,
  3515,
  3430,
  3500,
  2297,
  3599,
  3559,
  2562,
  842,
  2759,
  1040,
  3253,
  2698,
  1186,
  3054,
  1139,
  1395,
  1975,
  2844,
  1644,
  2577],
 [3193,
  1932,
  1108,
  331,
  2207,
  2722,
  1515,
  1044,
  219,
  0,
  2316,
  359,
  2786,
  1783,
  1680,
  955,
  2860,
  1249,
  295,
  2010,
  2682,
  393,
  882,
  3058,
  2946,
  2620,
  1219,
  707,
  2385,
  539,
  733,
  2279,
  3524,
  2614,
  2845,
  2795,
  3738,
  2951,
  3401,
  3184,
  2426,
  2366,
  2627,
  2260,
  3563,
  1348,
  2151,
  3200,
  2873,
  3228,
  2921,
  4404,
  3593,
  3142,
  3578,
  3577,
  2442,
  2052,
  2312,
  1445,
  698,
  2585,
  4047,
  2746,
  3149,
  4051,
  2755,
  2524,
  3089,
  3931,
  3349,
  3416,
  2371,
  3387,
  2658,
  3152,
  2898,
  3792,
  4161,
  628,
  3457,
  3372,
  3442,
  2239,
  3541,
  3501,
  2504,
  784,
  2701,
  982,
  3195,
  2640,
  1128,
  2996,
  1239,
  1463,
  1917,
  2786,
  1586,
  2519],
 [3846,
  1156,
  3185,
  2408,
  1431,
  2077,
  3592,
  1261,
  2296,
  2077,
  0,
  2436,
  1226,
  3860,
  904,
  3032,
  1300,
  3326,
  2372,
  422,
  1122,
  2470,
  2959,
  3048,
  2170,
  304,
  3296,
  1661,
  1609,
  1858,
  2191,
  1503,
  3514,
  2604,
  2835,
  2785,
  3728,
  2941,
  3391,
  3174,
  2416,
  2356,
  2617,
  2250,
  3553,
  3425,
  2141,
  3480,
  2863,
  3218,
  2911,
  4009,
  3206,
  3132,
  3568,
  3017,
  2432,
  2042,
  2302,
  3522,
  2775,
  2575,
  4037,
  2736,
  3139,
  4041,
  2745,
  2514,
  3079,
  3615,
  2962,
  3406,
  2361,
  3377,
  1882,
  1592,
  2888,
  3782,
  3742,
  2705,
  2205,
  3362,
  3432,
  796,
  2188,
  1960,
  2494,
  2267,
  1925,
  3051,
  2603,
  2630,
  1898,
  2986,
  1033,
  3540,
  1031,
  2010,
  1496,
  2509],
 [3440,
  1703,
  1355,
  578,
  1771,
  2286,
  1156,
  1165,
  340,
  2772,
  2563,
  0,
  3033,
  2030,
  1927,
  596,
  3107,
  1496,
  269,
  2257,
  2929,
  640,
  1129,
  3305,
  2510,
  2867,
  1466,
  828,
  2156,
  660,
  680,
  2050,
  3771,
  2861,
  3092,
  3042,
  3985,
  3198,
  3648,
  3431,
  2673,
  2613,
  2874,
  2507,
  3810,
  989,
  2398,
  3447,
  3120,
  3475,
  3168,
  4651,
  3840,
  3389,
  3825,
  3824,
  2689,
  2299,
  2559,
  1692,
  945,
  2832,
  4294,
  2993,
  3396,
  4298,
  3002,
  2771,
  3336,
  4178,
  3596,
  3663,
  2618,
  3634,
  2222,
  2519,
  3145,
  4039,
  4408,
  269,
  3704,
  3619,
  3689,
  2486,
  3788,
  3748,
  2751,
  1031,
  2265,
  1229,
  3442,
  2887,
  1375,
  3243,
  1360,
  1104,
  2164,
  2350,
  1833,
  2766],
 [4671,
  565,
  2594,
  1817,
  840,
  1355,
  3001,
  670,
  1705,
  1486,
  1019,
  1845,
  0,
  3269,
  313,
  2441,
  1588,
  2735,
  1781,
  713,
  1410,
  1879,
  2368,
  4544,
  1579,
  1323,
  2705,
  1070,
  1018,
  1267,
  1600,
  912,
  5010,
  4100,
  4331,
  4281,
  5224,
  4437,
  4887,
  4670,
  3912,
  3852,
  4113,
  3746,
  5049,
  2834,
  3637,
  4678,
  4359,
  4714,
  4407,
  5085,
  5079,
  4628,
  5064,
  5063,
  3928,
  3538,
  3798,
  2931,
  2184,
  4071,
  5533,
  4232,
  4635,
  5537,
  4241,
  4010,
  4575,
  4691,
  4835,
  4902,
  3857,
  4873,
  1291,
  1588,
  4384,
  5278,
  4818,
  2114,
  3133,
  4858,
  4928,
  1087,
  3116,
  2888,
  3990,
  2270,
  1334,
  2460,
  4681,
  4126,
  2614,
  4482,
  442,
  2949,
  1322,
  1419,
  1787,
  4005],
 [5670,
  1568,
  3593,
  2816,
  1843,
  1854,
  4000,
  1673,
  2704,
  2485,
  1286,
  2844,
  1003,
  0,
  1316,
  3440,
  1077,
  3734,
  2780,
  1571,
  899,
  2878,
  3367,
  5543,
  1747,
  1430,
  3704,
  3192,
  2021,
  2270,
  3218,
  1915,
  6009,
  5099,
  5330,
  3276,
  5235,
  5436,
  5884,
  5209,
  4911,
  4851,
  5112,
  4745,
  4941,
  3833,
  4636,
  5677,
  5358,
  5713,
  5406,
  4574,
  4518,
  5627,
  6063,
  3434,
  4927,
  4537,
  4797,
  3930,
  3183,
  3392,
  4836,
  3334,
  5634,
  6275,
  5240,
  5009,
  5574,
  4180,
  3379,
  4977,
  4856,
  5872,
  1459,
  1369,
  5383,
  5146,
  4307,
  3113,
  2622,
  5596,
  5927,
  1945,
  2605,
  2377,
  4989,
  3269,
  1502,
  3459,
  3020,
  5125,
  3613,
  5481,
  1445,
  3948,
  2180,
  1587,
  2645,
  5004],
 [4524,
  252,
  2447,
  1670,
  527,
  1042,
  2140,
  357,
  1179,
  1339,
  872,
  1470,
  1345,
  3122,
  0,
  1654,
  1419,
  2588,
  1360,
  566,
  1241,
  1732,
  2221,
  4397,
  1266,
  1176,
  2558,
  757,
  705,
  954,
  1287,
  599,
  4863,
  3953,
  4184,
  4134,
  5077,
  4290,
  4740,
  4523,
  3765,
  3705,
  3966,
  3599,
  4902,
  1973,
  3490,
  4531,
  4212,
  4567,
  4260,
  4916,
  4932,
  4481,
  4917,
  4916,
  3781,
  3391,
  3651,
  2784,
  2037,
  3924,
  5386,
  4085,
  4488,
  5390,
  4094,
  3863,
  4428,
  4522,
  4688,
  4755,
  3710,
  4726,
  978,
  1275,
  4237,
  5488,
  4649,
  1739,
  2964,
  4711,
  4781,
  940,
  2947,
  2719,
  3843,
  2123,
  1021,
  2313,
  4534,
  3979,
  2467,
  4335,
  129,
  2088,
  1175,
  1106,
  1640,
  3858],
 [4036,
  1404,
  1951,
  1174,
  1569,
  2084,
  560,
  1761,
  936,
  3368,
  3159,
  596,
  3629,
  2626,
  2523,
  0,
  3703,
  2092,
  865,
  2853,
  3525,
  1236,
  1725,
  3901,
  2308,
  3463,
  2062,
  1424,
  1240,
  1256,
  715,
  1641,
  4367,
  3457,
  3688,
  3638,
  4581,
  3794,
  4244,
  4027,
  3269,
  3209,
  3470,
  3103,
  4406,
  393,
  2994,
  4043,
  3716,
  4071,
  3764,
  5247,
  4436,
  3985,
  4421,
  4420,
  3285,
  2895,
  3155,
  2288,
  1541,
  3428,
  4890,
  3589,
  3992,
  4894,
  3598,
  3367,
  3932,
  4774,
  4192,
  4259,
  3214,
  4230,
  2020,
  2317,
  3741,
  4635,
  5004,
  327,
  4300,
  4215,
  4285,
  3082,
  4384,
  4344,
  3347,
  1627,
  2063,
  1825,
  4038,
  3483,
  1971,
  3839,
  1956,
  508,
  2760,
  2148,
  2429,
  3362],
 [5663,
  1171,
  3586,
  2809,
  890,
  777,
  3993,
  1666,
  2697,
  2478,
  1356,
  2837,
  996,
  4261,
  1309,
  3433,
  0,
  3727,
  2773,
  1709,
  178,
  2871,
  3360,
  5536,
  1001,
  1500,
  3697,
  2066,
  1478,
  2263,
  2045,
  1372,
  6002,
  5092,
  5323,
  5273,
  5310,
  5429,
  5877,
  5662,
  4904,
  4844,
  5105,
  4738,
  5016,
  3826,
  4629,
  5670,
  5351,
  5706,
  4198,
  4649,
  4593,
  5620,
  6056,
  3504,
  4920,
  4530,
  4790,
  3923,
  3176,
  3462,
  4911,
  3404,
  5627,
  6350,
  5233,
  5002,
  5567,
  4255,
  3449,
  5052,
  4849,
  4664,
  713,
  292,
  4175,
  5221,
  4382,
  3106,
  2692,
  5671,
  5920,
  2083,
  2675,
  2447,
  4982,
  3262,
  756,
  3452,
  3090,
  5118,
  3606,
  5474,
  1438,
  3941,
  2318,
  841,
  2783,
  4997],
 [4789,
  683,
  2712,
  1935,
  958,
  1473,
  3119,
  788,
  1823,
  1604,
  1067,
  1963,
  1537,
  534,
  431,
  2559,
  1611,
  0,
  1899,
  761,
  1433,
  1997,
  2486,
  4662,
  1697,
  1371,
  2823,
  1188,
  1136,
  1385,
  1718,
  1030,
  5128,
  4218,
  4449,
  4399,
  5769,
  4555,
  5005,
  4788,
  4030,
  3970,
  4231,
  3864,
  5475,
  2952,
  3755,
  4796,
  4477,
  4832,
  4525,
  5108,
  5052,
  4746,
  5182,
  3968,
  4046,
  3656,
  3916,
  3049,
  2302,
  4189,
  5370,
  4350,
  4753,
  5655,
  4359,
  4128,
  4693,
  4714,
  3913,
  5511,
  3975,
  4991,
  1409,
  1903,
  4502,
  5680,
  4841,
  2232,
  3156,
  4976,
  5046,
  1135,
  3139,
  2911,
  4108,
  2388,
  1452,
  2578,
  3554,
  4244,
  2732,
  4600,
  560,
  3067,
  1370,
  1537,
  1835,
  4123],
 [3372,
  1603,
  1287,
  510,
  1671,
  2186,
  1425,
  1065,
  240,
  3032,
  2495,
  269,
  2965,
  1962,
  1859,
  865,
  3039,
  1428,
  0,
  2189,
  2861,
  572,
  1061,
  3237,
  2410,
  2799,
  1398,
  728,
  2056,
  560,
  425,
  1950,
  3703,
  2793,
  3024,
  2974,
  3917,
  3130,
  3580,
  3363,
  2605,
  2545,
  2806,
  2439,
  3742,
  1258,
  2330,
  3379,
  3052,
  3407,
  3100,
  4583,
  3772,
  3321,
  3757,
  3756,
  2621,
  2231,
  2491,
  1624,
  877,
  2764,
  4226,
  2925,
  3328,
  4230,
  2934,
  2703,
  3268,
  4110,
  3528,
  3595,
  2550,
  3566,
  2122,
  2419,
  3077,
  3971,
  4340,
  538,
  3636,
  3551,
  3621,
  2418,
  3720,
  3680,
  2683,
  963,
  2165,
  1161,
  3374,
  2819,
  1307,
  3175,
  1260,
  1373,
  2096,
  2250,
  1765,
  2698],
 [3424,
  1438,
  2303,
  2690,
  1713,
  2228,
  3874,
  1543,
  2578,
  2359,
  996,
  2718,
  2295,
  3515,
  1186,
  3314,
  2369,
  2981,
  2654,
  0,
  2191,
  2428,
  2917,
  2626,
  2452,
  1300,
  2414,
  1943,
  1891,
  2140,
  2473,
  1785,
  3092,
  2182,
  2413,
  2363,
  3306,
  2519,
  2969,
  2752,
  1994,
  1934,
  2195,
  1828,
  3131,
  3707,
  1719,
  3058,
  2441,
  2796,
  2489,
  3972,
  3161,
  2710,
  3146,
  3145,
  2010,
  1620,
  1880,
  2640,
  2197,
  2153,
  3615,
  2314,
  2717,
  3619,
  2323,
  2092,
  2657,
  3499,
  2917,
  2984,
  1939,
  2955,
  2164,
  2461,
  2466,
  3360,
  3729,
  2987,
  3025,
  2940,
  3010,
  374,
  3109,
  3069,
  2072,
  1845,
  2207,
  3333,
  2763,
  2208,
  1476,
  2564,
  1315,
  3822,
  609,
  2292,
  1074,
  2087],
 [5485,
  993,
  3408,
  2631,
  712,
  955,
  3815,
  1488,
  2519,
  2300,
  1178,
  2659,
  818,
  4083,
  1131,
  3255,
  178,
  3549,
  2595,
  1531,
  0,
  2693,
  3182,
  5358,
  936,
  1322,
  3519,
  3007,
  1300,
  2085,
  1867,
  1194,
  5824,
  4914,
  5145,
  5095,
  5132,
  5251,
  5699,
  5484,
  4726,
  4666,
  4927,
  4560,
  4838,
  3648,
  4451,
  5492,
  5173,
  5528,
  4020,
  4471,
  4415,
  5442,
  5878,
  3326,
  4742,
  4352,
  4612,
  3745,
  2998,
  3284,
  4733,
  3226,
  5449,
  6172,
  5055,
  4824,
  5389,
  4077,
  3271,
  4874,
  4671,
  4486,
  648,
  470,
  3997,
  5043,
  4204,
  2928,
  2514,
  5493,
  5742,
  1905,
  2497,
  2269,
  4804,
  3084,
  691,
  3274,
  2912,
  4940,
  3428,
  5296,
  1260,
  3763,
  2140,
  776,
  2605,
  4819],
 [3196,
  2046,
  1111,
  334,
  2321,
  2836,
  1847,
  1376,
  551,
  2967,
  2430,
  691,
  2900,
  1897,
  1794,
  1287,
  2974,
  1363,
  627,
  2124,
  2796,
  0,
  489,
  3172,
  3060,
  2734,
  1222,
  1039,
  2499,
  871,
  1065,
  2393,
  3638,
  2728,
  2959,
  2909,
  3852,
  3065,
  3515,
  3298,
  2540,
  2480,
  2741,
  2374,
  3677,
  1680,
  2265,
  3203,
  2987,
  3342,
  3035,
  4518,
  3707,
  3256,
  3692,
  3691,
  2556,
  2166,
  2426,
  1448,
  701,
  2699,
  4161,
  2860,
  3263,
  4165,
  2869,
  2638,
  3203,
  4045,
  3463,
  3530,
  2485,
  3501,
  2772,
  3266,
  3012,
  3906,
  4275,
  960,
  3571,
  3486,
  3556,
  2242,
  3655,
  3615,
  2618,
  787,
  2815,
  985,
  3309,
  2754,
  1131,
  3110,
  1571,
  1795,
  1920,
  2900,
  1589,
  2633],
 [3685,
  2535,
  1600,
  823,
  2810,
  3325,
  2336,
  1865,
  1040,
  3456,
  2919,
  1180,
  3389,
  2386,
  2283,
  1776,
  3463,
  1852,
  1116,
  2613,
  3285,
  489,
  0,
  3661,
  3549,
  3223,
  1711,
  1528,
  2988,
  1360,
  1554,
  2882,
  4127,
  3217,
  3448,
  3398,
  4341,
  3554,
  4004,
  3787,
  3029,
  2969,
  3230,
  2863,
  4166,
  2169,
  2754,
  3692,
  3476,
  3831,
  3524,
  5007,
  4196,
  3745,
  4181,
  4180,
  3045,
  2655,
  2915,
  1937,
  1190,
  3188,
  4650,
  3349,
  3752,
  4654,
  3358,
  3127,
  3692,
  4534,
  3952,
  4019,
  2974,
  3990,
  3261,
  3755,
  3501,
  4395,
  4764,
  1449,
  4060,
  3975,
  4045,
  2731,
  4144,
  4104,
  3107,
  1276,
  3304,
  1474,
  3798,
  3243,
  1620,
  3599,
  2060,
  2284,
  2409,
  3389,
  2078,
  3122],
 [695,
  5029,
  2390,
  3236,
  5304,
  5819,
  4870,
  5134,
  3574,
  5950,
  3183,
  3714,
  5883,
  4880,
  4777,
  4310,
  5957,
  4346,
  3650,
  2891,
  5779,
  3466,
  3955,
  0,
  6043,
  3487,
  1951,
  4062,
  5482,
  3894,
  4088,
  5376,
  1123,
  908,
  498,
  2334,
  3689,
  2902,
  1608,
  3135,
  2045,
  1985,
  1817,
  2184,
  3514,
  4703,
  1770,
  432,
  728,
  170,
  2305,
  4355,
  3544,
  3093,
  1177,
  3242,
  1095,
  1591,
  1391,
  1725,
  3506,
  2124,
  3998,
  2365,
  1953,
  2738,
  1689,
  1960,
  993,
  3882,
  3300,
  3367,
  2322,
  2269,
  5755,
  6249,
  2549,
  3743,
  4112,
  3983,
  2996,
  3175,
  1660,
  2561,
  3160,
  3040,
  1459,
  3775,
  5798,
  3887,
  2814,
  2591,
  2817,
  2947,
  4594,
  4818,
  2239,
  5883,
  2415,
  1285],
 [5773,
  1053,
  3696,
  2919,
  772,
  476,
  2780,
  1606,
  2197,
  2588,
  2121,
  2947,
  1674,
  4371,
  1507,
  2294,
  1001,
  3837,
  2378,
  1815,
  944,
  2981,
  3470,
  5646,
  0,
  2425,
  3807,
  1775,
  1360,
  1972,
  1927,
  1254,
  6112,
  5202,
  5433,
  5383,
  6326,
  5539,
  5989,
  5772,
  5014,
  4954,
  5215,
  4848,
  6151,
  2613,
  4739,
  5780,
  5461,
  5816,
  5509,
  6165,
  6181,
  5730,
  6166,
  6165,
  5030,
  4640,
  4900,
  4033,
  3286,
  5173,
  6635,
  5334,
  5737,
  6639,
  5343,
  5112,
  5677,
  5771,
  5937,
  6004,
  4959,
  5975,
  288,
  709,
  5486,
  6737,
  5898,
  3216,
  3370,
  5960,
  6030,
  2189,
  3353,
  3125,
  5092,
  3372,
  455,
  3562,
  3768,
  5228,
  3716,
  5584,
  1378,
  2728,
  2424,
  160,
  2889,
  5107],
 [4083,
  1393,
  3422,
  2645,
  1668,
  2273,
  3829,
  1498,
  2533,
  2314,
  330,
  2673,
  1422,
  4097,
  1141,
  3269,
  1496,
  3563,
  2609,
  659,
  1318,
  2707,
  3196,
  3285,
  2407,
  0,
  3533,
  1898,
  1846,
  2095,
  2428,
  1740,
  3751,
  2841,
  3072,
  2596,
  3104,
  3178,
  3626,
  3411,
  2653,
  2593,
  2854,
  2487,
  3790,
  3662,
  2378,
  3717,
  3100,
  3455,
  3148,
  4174,
  2943,
  3369,
  3805,
  2754,
  2669,
  2279,
  2539,
  3759,
  3012,
  2712,
  4274,
  2654,
  3376,
  4278,
  2982,
  2751,
  3316,
  2060,
  2699,
  3643,
  2598,
  3614,
  2119,
  1788,
  3125,
  4746,
  3907,
  2942,
  1942,
  3599,
  3669,
  1033,
  1925,
  1697,
  2731,
  2504,
  2162,
  3288,
  2340,
  2867,
  2135,
  3223,
  1270,
  3777,
  1268,
  2247,
  1733,
  2746],
 [1824,
  2740,
  439,
  1110,
  3015,
  3530,
  2576,
  2105,
  1280,
  3661,
  2696,
  1420,
  3594,
  2591,
  2488,
  2016,
  3668,
  2057,
  1356,
  2818,
  3490,
  1172,
  1661,
  2264,
  3754,
  3000,
  0,
  1768,
  3193,
  1600,
  1794,
  3087,
  2815,
  3422,
  2477,
  3603,
  4546,
  3759,
  3289,
  3992,
  3234,
  3174,
  3435,
  3068,
  4371,
  2409,
  2959,
  1831,
  2707,
  2165,
  3729,
  5212,
  4401,
  3950,
  2869,
  4385,
  3250,
  2860,
  3120,
  226,
  521,
  3393,
  4855,
  3554,
  3957,
  4607,
  3563,
  3332,
  2746,
  4739,
  4157,
  4224,
  3179,
  4195,
  3466,
  3960,
  3706,
  4600,
  4969,
  1689,
  4265,
  4180,
  3341,
  2074,
  4349,
  4309,
  3312,
  664,
  3509,
  1761,
  4003,
  3448,
  963,
  3804,
  2300,
  2524,
  1752,
  3594,
  1421,
  3327],
 [3858,
  875,
  1773,
  996,
  943,
  1458,
  1568,
  337,
  607,
  1944,
  1477,
  898,
  1950,
  2448,
  863,
  1082,
  2024,
  1914,
  788,
  1171,
  1846,
  1058,
  1547,
  3723,
  1682,
  1781,
  1884,
  0,
  1328,
  382,
  715,
  1222,
  4189,
  3279,
  3510,
  3460,
  4403,
  3616,
  4064,
  3849,
  3091,
  3031,
  3292,
  2925,
  4228,
  1401,
  2816,
  3865,
  3538,
  3893,
  3586,
  5069,
  4258,
  3807,
  4243,
  4242,
  3107,
  2717,
  2977,
  2110,
  1363,
  3250,
  4712,
  3411,
  3814,
  4716,
  3420,
  3189,
  3754,
  5127,
  4014,
  4081,
  3036,
  4052,
  1394,
  1691,
  3563,
  4457,
  5254,
  1167,
  3569,
  4037,
  4107,
  1545,
  3552,
  3324,
  3169,
  1449,
  1437,
  1647,
  3860,
  3305,
  1793,
  3661,
  532,
  1516,
  1780,
  1522,
  2245,
  3184],
 [5159,
  439,
  3082,
  2305,
  604,
  1119,
  739,
  992,
  1814,
  1974,
  1507,
  2333,
  1980,
  3757,
  893,
  1680,
  1453,
  3223,
  2269,
  1201,
  1275,
  2367,
  2856,
  5032,
  1343,
  1811,
  3193,
  1392,
  0,
  1589,
  1313,
  230,
  5498,
  4588,
  4819,
  4769,
  5712,
  4925,
  5373,
  5158,
  4400,
  4340,
  4601,
  4234,
  5537,
  906,
  4125,
  5166,
  4847,
  5202,
  4895,
  5551,
  5567,
  5116,
  5552,
  5551,
  4416,
  4026,
  4286,
  3419,
  2672,
  4559,
  6021,
  4720,
  5123,
  6025,
  4729,
  4498,
  5063,
  5157,
  5323,
  5390,
  4345,
  5361,
  1055,
  1352,
  4872,
  6123,
  5284,
  2602,
  3599,
  5346,
  5416,
  1575,
  3582,
  3354,
  4478,
  2758,
  1098,
  2948,
  5169,
  4614,
  3102,
  4970,
  764,
  791,
  1810,
  1183,
  2275,
  4493],
 [3482,
  1220,
  1397,
  620,
  1288,
  1803,
  1678,
  682,
  231,
  2289,
  1822,
  522,
  3075,
  2072,
  1208,
  1118,
  3149,
  1538,
  412,
  1516,
  2971,
  682,
  1171,
  3347,
  2027,
  2126,
  1508,
  345,
  1673,
  0,
  611,
  1567,
  3813,
  2903,
  3134,
  3084,
  4027,
  3240,
  3690,
  3473,
  2715,
  2655,
  2916,
  2549,
  3852,
  1511,
  2440,
  3489,
  3162,
  3517,
  3210,
  4693,
  3882,
  3431,
  3867,
  3866,
  2731,
  2341,
  2601,
  1734,
  987,
  2874,
  4336,
  3035,
  3438,
  4340,
  3044,
  2813,
  3378,
  4220,
  3638,
  3705,
  2660,
  3676,
  1739,
  2036,
  3187,
  4081,
  4450,
  791,
  3746,
  3661,
  3731,
  1890,
  3830,
  3790,
  2793,
  1073,
  1782,
  1271,
  3484,
  2929,
  1417,
  3285,
  877,
  1626,
  2125,
  1867,
  1875,
  2808],
 [3615,
  1178,
  1530,
  753,
  1343,
  1858,
  1342,
  1130,
  425,
  2737,
  2270,
  498,
  3208,
  2205,
  2102,
  856,
  3282,
  1671,
  243,
  1964,
  3104,
  815,
  1304,
  3480,
  2082,
  2574,
  1641,
  793,
  1262,
  625,
  0,
  2015,
  3946,
  3036,
  3267,
  3217,
  4160,
  3373,
  3821,
  3606,
  2848,
  2788,
  3049,
  2682,
  3985,
  1175,
  2573,
  3622,
  3295,
  3650,
  3343,
  4826,
  4015,
  3564,
  4000,
  3999,
  2864,
  2474,
  2734,
  1867,
  1120,
  3007,
  4469,
  3168,
  3571,
  4473,
  3177,
  2946,
  3511,
  4353,
  3771,
  3838,
  2793,
  3809,
  1794,
  2091,
  3320,
  4214,
  4583,
  767,
  3879,
  3794,
  3864,
  2661,
  3963,
  3923,
  2926,
  1206,
  1837,
  1404,
  3617,
  3062,
  1550,
  3418,
  1325,
  1290,
  2339,
  1922,
  2008,
  2941],
 [5024,
  304,
  2947,
  2170,
  469,
  984,
  1021,
  857,
  1679,
  1839,
  1372,
  2198,
  1845,
  3622,
  758,
  1545,
  1318,
  3088,
  2134,
  1066,
  1140,
  2232,
  2721,
  4897,
  1208,
  1676,
  3058,
  1257,
  381,
  1454,
  1178,
  0,
  5363,
  4453,
  4684,
  4634,
  5577,
  4790,
  5240,
  5023,
  4265,
  4205,
  4466,
  4099,
  5402,
  1188,
  3990,
  5031,
  4712,
  5067,
  4760,
  5416,
  5432,
  4981,
  5417,
  5416,
  4281,
  3891,
  4151,
  3284,
  2537,
  4424,
  5886,
  4585,
  4988,
  5890,
  4594,
  4363,
  4928,
  5022,
  5188,
  5255,
  4210,
  5226,
  920,
  1217,
  4737,
  5988,
  5149,
  2467,
  3464,
  5211,
  5281,
  1440,
  3447,
  3219,
  4343,
  2623,
  963,
  2813,
  5034,
  4479,
  2967,
  4835,
  629,
  1073,
  1675,
  1048,
  2140,
  4358],
 [1079,
  4067,
  3029,
  3875,
  4342,
  4857,
  5509,
  4172,
  4213,
  4988,
  3535,
  4353,
  4921,
  3918,
  3815,
  4949,
  4995,
  3384,
  4289,
  3243,
  4817,
  4105,
  4594,
  1281,
  5081,
  3839,
  2590,
  4572,
  4520,
  4769,
  5102,
  4414,
  0,
  1847,
  1071,
  2686,
  2420,
  1633,
  485,
  1866,
  2397,
  2337,
  1087,
  1454,
  2750,
  5342,
  2122,
  1323,
  1388,
  1182,
  1182,
  3591,
  3522,
  2081,
  431,
  3485,
  1447,
  1943,
  1743,
  2364,
  4145,
  2476,
  3234,
  2717,
  830,
  1615,
  959,
  1230,
  745,
  3860,
  3306,
  2098,
  1681,
  1146,
  4793,
  5287,
  1426,
  2979,
  3348,
  4622,
  3348,
  2052,
  537,
  2913,
  3272,
  3392,
  1144,
  3538,
  4836,
  4526,
  2926,
  2118,
  3169,
  2481,
  3944,
  5457,
  2591,
  4921,
  2767,
  1637],
 [1551,
  3246,
  3175,
  4498,
  3521,
  4036,
  5682,
  3351,
  4386,
  4167,
  2714,
  4526,
  4100,
  3097,
  2994,
  5122,
  4174,
  2563,
  4462,
  2422,
  3996,
  3300,
  3789,
  444,
  4260,
  3018,
  2395,
  3751,
  3699,
  3948,
  4281,
  3593,
  1219,
  0,
  231,
  1865,
  2996,
  2209,
  1116,
  2442,
  1576,
  1516,
  1124,
  1491,
  2821,
  5515,
  1301,
  876,
  259,
  614,
  1978,
  3662,
  2851,
  2400,
  1273,
  2549,
  626,
  1122,
  922,
  2169,
  3069,
  1655,
  3305,
  1896,
  1626,
  2488,
  996,
  1267,
  784,
  3189,
  2607,
  2674,
  1629,
  1942,
  3972,
  4466,
  2156,
  3050,
  3419,
  4795,
  2527,
  2630,
  1333,
  2092,
  2691,
  2571,
  766,
  2717,
  4015,
  5141,
  2345,
  1898,
  2348,
  2254,
  3123,
  5630,
  1770,
  4100,
  1946,
  816],
 [908,
  3357,
  2603,
  3449,
  3632,
  4147,
  5083,
  3462,
  3787,
  4278,
  2825,
  3927,
  4211,
  3208,
  3105,
  4523,
  4285,
  2674,
  3863,
  2533,
  4107,
  3679,
  4168,
  213,
  4371,
  3129,
  2164,
  4275,
  3810,
  4059,
  4301,
  3704,
  921,
  550,
  0,
  1976,
  3182,
  2395,
  1302,
  2628,
  1687,
  1627,
  1310,
  1677,
  3007,
  4916,
  1412,
  645,
  370,
  383,
  2164,
  3848,
  3037,
  2586,
  975,
  2735,
  737,
  1233,
  1033,
  1938,
  3719,
  1766,
  3491,
  2007,
  1812,
  2536,
  1182,
  1453,
  486,
  3375,
  2793,
  2860,
  1815,
  2128,
  4083,
  4577,
  2342,
  3236,
  3605,
  4196,
  2638,
  2816,
  1519,
  2203,
  2802,
  2682,
  952,
  2828,
  4126,
  4100,
  2456,
  2084,
  2459,
  2440,
  3234,
  5031,
  1881,
  4211,
  2057,
  927],
 [2948,
  3745,
  3674,
  4997,
  4020,
  3916,
  6181,
  3850,
  4885,
  4666,
  3213,
  5025,
  3065,
  3596,
  3493,
  5621,
  3139,
  3062,
  4961,
  2921,
  2961,
  3799,
  4288,
  1841,
  4759,
  2281,
  3792,
  4250,
  4198,
  4447,
  4780,
  4092,
  2616,
  1397,
  1628,
  0,
  2125,
  2430,
  2513,
  2509,
  1656,
  1848,
  1712,
  1833,
  2439,
  6014,
  1800,
  2273,
  1656,
  2011,
  2400,
  2835,
  1964,
  2803,
  2670,
  1775,
  1490,
  849,
  1421,
  3566,
  3568,
  386,
  2923,
  1269,
  2628,
  3530,
  1782,
  1609,
  2181,
  2302,
  1720,
  2277,
  1850,
  2866,
  4471,
  3431,
  2377,
  2644,
  2568,
  5294,
  662,
  2851,
  2730,
  2591,
  1477,
  706,
  1552,
  3216,
  4514,
  5640,
  1393,
  2047,
  2847,
  2403,
  3622,
  6129,
  2269,
  4599,
  2445,
  1201],
 [4150,
  4140,
  4069,
  5392,
  4415,
  4930,
  6576,
  4245,
  5280,
  5061,
  3608,
  5420,
  4994,
  3991,
  3888,
  6016,
  5068,
  3457,
  5356,
  3316,
  4890,
  4194,
  4683,
  3358,
  5154,
  3024,
  4180,
  4645,
  4593,
  4842,
  5175,
  4487,
  2864,
  2914,
  3145,
  2381,
  0,
  787,
  2476,
  554,
  1391,
  1583,
  1956,
  1589,
  484,
  6409,
  1678,
  4394,
  3038,
  3528,
  1239,
  1325,
  529,
  931,
  3012,
  997,
  2514,
  2602,
  2480,
  5574,
  3963,
  2497,
  968,
  1277,
  1870,
  1818,
  2084,
  1853,
  2932,
  773,
  436,
  322,
  1700,
  1998,
  4866,
  5360,
  995,
  689,
  804,
  5689,
  1727,
  1139,
  2163,
  2986,
  1309,
  1771,
  2308,
  3611,
  4909,
  4783,
  963,
  2115,
  3242,
  1331,
  4017,
  6524,
  2664,
  4994,
  2840,
  2704],
 [2891,
  3353,
  3282,
  4605,
  3628,
  4143,
  5789,
  3458,
  4493,
  4274,
  2821,
  4633,
  4207,
  3204,
  3101,
  5229,
  4281,
  2670,
  4569,
  2529,
  4103,
  3407,
  3896,
  2468,
  4367,
  3125,
  3393,
  3858,
  3806,
  4055,
  4388,
  3700,
  2077,
  2024,
  2255,
  2558,
  787,
  0,
  1689,
  233,
  1640,
  1619,
  1169,
  802,
  776,
  5622,
  1404,
  3135,
  2251,
  2638,
  452,
  1617,
  1241,
  254,
  2225,
  1204,
  1727,
  1815,
  1693,
  5020,
  3176,
  2348,
  1260,
  1481,
  1083,
  1264,
  1297,
  1066,
  2145,
  1579,
  1025,
  465,
  913,
  1444,
  4079,
  4573,
  208,
  896,
  1374,
  4902,
  2274,
  585,
  1376,
  2199,
  1836,
  2318,
  1521,
  2824,
  4122,
  3996,
  1490,
  1328,
  2455,
  654,
  3230,
  5737,
  1877,
  4207,
  2053,
  1814],
 [1202,
  3847,
  3152,
  3998,
  4122,
  4637,
  6283,
  3952,
  4987,
  4768,
  3315,
  5127,
  4701,
  3698,
  3595,
  5723,
  4775,
  3164,
  5063,
  3023,
  4597,
  3901,
  4390,
  1386,
  4861,
  3619,
  2713,
  4352,
  4300,
  4549,
  4882,
  4194,
  388,
  1627,
  1168,
  2466,
  2200,
  1413,
  0,
  1646,
  2177,
  2117,
  867,
  1234,
  2025,
  6116,
  1902,
  1446,
  1168,
  1287,
  962,
  2866,
  2654,
  1861,
  536,
  2549,
  1227,
  1723,
  1523,
  2487,
  3670,
  2256,
  2509,
  2497,
  610,
  1472,
  739,
  1010,
  850,
  2992,
  2438,
  1878,
  1461,
  926,
  4573,
  5067,
  1206,
  2254,
  2623,
  5396,
  3128,
  1909,
  317,
  2693,
  3052,
  3172,
  924,
  3318,
  4616,
  4649,
  2706,
  1898,
  2949,
  2261,
  3724,
  6231,
  2371,
  4701,
  2547,
  1417],
 [3124,
  3586,
  3515,
  4838,
  3861,
  4376,
  6022,
  3691,
  4726,
  4507,
  3054,
  4866,
  4440,
  3437,
  3334,
  5462,
  4514,
  2903,
  4802,
  2762,
  4336,
  3640,
  4129,
  2701,
  4600,
  3358,
  3626,
  4091,
  4039,
  4288,
  4621,
  3933,
  2310,
  2257,
  2488,
  2791,
  554,
  233,
  1922,
  0,
  1873,
  1676,
  1402,
  1035,
  458,
  5855,
  1637,
  3368,
  2484,
  2871,
  685,
  1299,
  1008,
  377,
  2458,
  971,
  1960,
  2048,
  1926,
  5253,
  3409,
  2581,
  942,
  1630,
  1316,
  1497,
  1530,
  1299,
  2378,
  1346,
  792,
  232,
  1146,
  1677,
  4312,
  4806,
  441,
  663,
  1056,
  5135,
  2080,
  818,
  1609,
  2432,
  1662,
  2124,
  1754,
  3057,
  4355,
  4229,
  1316,
  1561,
  2688,
  777,
  3463,
  5970,
  2110,
  4440,
  2286,
  2047],
 [2666,
  2862,
  2791,
  4114,
  3137,
  3652,
  5298,
  2967,
  4002,
  3783,
  2330,
  4142,
  3716,
  2713,
  2610,
  4738,
  3790,
  2179,
  4078,
  2038,
  3612,
  2916,
  3405,
  1983,
  3876,
  2634,
  2902,
  3367,
  3315,
  3564,
  3897,
  3209,
  2334,
  1539,
  1770,
  1773,
  1507,
  1695,
  2198,
  1928,
  0,
  333,
  1371,
  1004,
  1821,
  5131,
  428,
  2415,
  1798,
  2153,
  1665,
  2217,
  1346,
  1288,
  2388,
  1157,
  1252,
  1293,
  1183,
  3128,
  2685,
  1889,
  2305,
  326,
  1893,
  2795,
  1499,
  1268,
  1899,
  1684,
  1102,
  1659,
  1115,
  2131,
  3588,
  4082,
  1642,
  2026,
  1950,
  4411,
  1119,
  2116,
  2186,
  1708,
  1121,
  1163,
  1314,
  2333,
  3631,
  4757,
  775,
  532,
  1964,
  888,
  2739,
  5246,
  1386,
  3716,
  1562,
  1329],
 [2781,
  2897,
  2826,
  4149,
  3172,
  3687,
  5333,
  3002,
  4037,
  3818,
  2365,
  4177,
  3751,
  2748,
  2645,
  4773,
  3825,
  2214,
  4113,
  2073,
  3647,
  2951,
  3440,
  2018,
  3911,
  2669,
  2937,
  3402,
  3350,
  3599,
  3932,
  3244,
  2449,
  1574,
  1805,
  2071,
  1422,
  1362,
  1865,
  1595,
  414,
  0,
  1038,
  671,
  1326,
  5166,
  463,
  2450,
  1833,
  2188,
  1332,
  2167,
  1152,
  955,
  2401,
  850,
  1287,
  1328,
  1562,
  3163,
  2720,
  1861,
  1810,
  734,
  1560,
  2462,
  1166,
  935,
  2014,
  1490,
  908,
  1164,
  782,
  1798,
  3623,
  4117,
  1309,
  1531,
  1924,
  4446,
  1527,
  1783,
  1853,
  1743,
  1353,
  1571,
  1390,
  2368,
  3666,
  4792,
  1007,
  199,
  1999,
  555,
  2774,
  5281,
  1421,
  3751,
  1597,
  1364],
 [1743,
  3056,
  2985,
  4308,
  3331,
  3846,
  5492,
  3161,
  4196,
  3977,
  2524,
  4336,
  3910,
  2907,
  2804,
  4932,
  3984,
  2373,
  4272,
  2232,
  3806,
  3110,
  3599,
  1470,
  4070,
  2828,
  3096,
  3561,
  3509,
  3758,
  4091,
  3403,
  1411,
  1026,
  1257,
  1643,
  1961,
  1174,
  827,
  1407,
  1343,
  1322,
  0,
  367,
  1786,
  5325,
  1107,
  1987,
  1082,
  1640,
  1144,
  2627,
  1984,
  1365,
  1363,
  1682,
  626,
  900,
  922,
  3195,
  2879,
  1433,
  2270,
  1663,
  916,
  2274,
  128,
  143,
  976,
  2322,
  1740,
  1639,
  594,
  1610,
  3782,
  4276,
  1121,
  2015,
  2384,
  4605,
  2305,
  1595,
  939,
  1902,
  2185,
  2349,
  352,
  2527,
  3825,
  4951,
  1839,
  1031,
  2158,
  1387,
  2933,
  5440,
  1580,
  3910,
  1756,
  816],
 [2110,
  2689,
  2618,
  3941,
  2964,
  3479,
  5125,
  2794,
  3829,
  3610,
  2157,
  3969,
  3543,
  2540,
  2437,
  4565,
  3617,
  2006,
  3905,
  1865,
  3439,
  2743,
  3232,
  1769,
  3703,
  2461,
  2729,
  3194,
  3142,
  3391,
  3724,
  3036,
  1778,
  1325,
  1556,
  1756,
  1594,
  807,
  1194,
  1040,
  976,
  955,
  367,
  0,
  1419,
  4958,
  740,
  2354,
  1449,
  1939,
  777,
  2260,
  1617,
  998,
  1730,
  1315,
  925,
  1013,
  891,
  2955,
  2512,
  1546,
  1903,
  1296,
  1005,
  1907,
  495,
  264,
  1343,
  1955,
  1373,
  1272,
  227,
  1243,
  3415,
  3909,
  754,
  1648,
  2017,
  4238,
  2089,
  1228,
  1298,
  1535,
  1818,
  2133,
  719,
  2160,
  3458,
  4584,
  1472,
  664,
  1791,
  1020,
  2566,
  5073,
  1213,
  3543,
  1389,
  1115],
 [4279,
  4406,
  4335,
  5658,
  4681,
  5644,
  6842,
  4511,
  5333,
  5327,
  3874,
  5686,
  4791,
  4257,
  4154,
  6282,
  4867,
  3723,
  5622,
  3582,
  4689,
  4460,
  4949,
  3624,
  5420,
  3343,
  4446,
  4911,
  4859,
  5108,
  5441,
  4753,
  3304,
  3180,
  3411,
  3611,
  907,
  1197,
  2742,
  881,
  1718,
  1910,
  2222,
  1855,
  0,
  6675,
  2457,
  4523,
  3304,
  3794,
  1505,
  841,
  1106,
  1539,
  3452,
  1324,
  2780,
  2868,
  2746,
  5703,
  4229,
  3203,
  484,
  1983,
  2136,
  1947,
  2350,
  2119,
  3198,
  1244,
  1145,
  649,
  1966,
  2127,
  5132,
  5159,
  1261,
  818,
  598,
  5955,
  2433,
  1268,
  2429,
  3252,
  2268,
  2477,
  2574,
  3877,
  5175,
  7247,
  1669,
  2381,
  3508,
  1939,
  4283,
  6790,
  2930,
  5260,
  3106,
  2970],
 [4429,
  1723,
  2344,
  1567,
  1888,
  2403,
  167,
  2154,
  1329,
  3761,
  3552,
  989,
  4022,
  3019,
  2916,
  393,
  4096,
  2485,
  1258,
  3246,
  3918,
  1629,
  2118,
  4294,
  2627,
  3856,
  2455,
  1817,
  847,
  1649,
  1034,
  1077,
  4760,
  3850,
  4081,
  4031,
  4974,
  4187,
  4637,
  4420,
  3662,
  3602,
  3863,
  3496,
  4799,
  0,
  3387,
  4436,
  4109,
  4464,
  4157,
  5640,
  4829,
  4378,
  4814,
  4813,
  3678,
  3288,
  3548,
  2681,
  1934,
  3821,
  5283,
  3982,
  4385,
  5287,
  3991,
  3760,
  4325,
  5167,
  4585,
  4652,
  3607,
  4623,
  2339,
  2636,
  4134,
  5028,
  5397,
  720,
  4693,
  4608,
  4678,
  3475,
  4777,
  4737,
  3740,
  2020,
  2382,
  2218,
  4431,
  3876,
  2364,
  4232,
  2349,
  115,
  3153,
  2467,
  2822,
  3755],
 [2477,
  2673,
  2602,
  3925,
  2948,
  3463,
  5109,
  2778,
  3813,
  3594,
  2141,
  3953,
  3527,
  2524,
  2421,
  4549,
  3601,
  1990,
  3889,
  1849,
  3423,
  2727,
  3216,
  1794,
  3687,
  2445,
  2713,
  3178,
  3126,
  3375,
  3708,
  3020,
  2145,
  1350,
  1581,
  1847,
  1637,
  1577,
  2080,
  1810,
  275,
  215,
  1253,
  886,
  1541,
  4942,
  0,
  2226,
  1609,
  1964,
  1547,
  2382,
  1367,
  1170,
  2616,
  1426,
  1063,
  1104,
  994,
  2939,
  2496,
  2158,
  2025,
  595,
  1775,
  2677,
  1381,
  1150,
  1710,
  1705,
  1123,
  1379,
  997,
  2013,
  3399,
  3893,
  1524,
  1746,
  2139,
  4222,
  1388,
  1998,
  2068,
  1519,
  1390,
  1432,
  1125,
  2144,
  3442,
  4568,
  1044,
  414,
  1775,
  770,
  2550,
  5057,
  1197,
  3527,
  1373,
  1140],
 [425,
  3863,
  2120,
  2966,
  4138,
  4653,
  4600,
  3968,
  3304,
  4784,
  3331,
  3444,
  4717,
  3714,
  3611,
  4040,
  4791,
  3180,
  3380,
  3039,
  4613,
  3196,
  3685,
  433,
  4877,
  3635,
  1681,
  3792,
  4316,
  3624,
  3818,
  4210,
  1177,
  1056,
  646,
  2482,
  3535,
  2748,
  1662,
  2981,
  2193,
  2133,
  1663,
  2030,
  3360,
  4433,
  1918,
  0,
  876,
  334,
  2359,
  4201,
  3285,
  2939,
  1231,
  3344,
  1243,
  1739,
  1539,
  1455,
  3236,
  2272,
  3844,
  2513,
  2007,
  2792,
  1535,
  1806,
  845,
  3623,
  3041,
  3213,
  2168,
  2323,
  4589,
  5083,
  2695,
  3589,
  3958,
  3713,
  3144,
  3229,
  1714,
  2709,
  3308,
  3188,
  1305,
  3505,
  4632,
  3617,
  2962,
  2332,
  2965,
  2688,
  3740,
  4548,
  2387,
  4717,
  2563,
  1433],
 [1781,
  2987,
  2916,
  4239,
  3262,
  3777,
  5423,
  3092,
  4127,
  3908,
  2455,
  4267,
  3841,
  2838,
  2735,
  4863,
  3915,
  2304,
  4203,
  2163,
  3737,
  3041,
  3530,
  1211,
  4001,
  2759,
  3027,
  3492,
  3440,
  3689,
  4022,
  3334,
  1449,
  767,
  998,
  1606,
  2659,
  1872,
  1326,
  2105,
  1317,
  1257,
  787,
  1154,
  2484,
  5256,
  1042,
  1643,
  0,
  1381,
  1842,
  3325,
  2409,
  2063,
  1503,
  2468,
  367,
  863,
  663,
  2936,
  2810,
  1396,
  2968,
  1637,
  1415,
  2277,
  659,
  930,
  1014,
  2747,
  2165,
  2337,
  1292,
  1731,
  3713,
  4207,
  1819,
  2713,
  3082,
  4536,
  2268,
  2293,
  1438,
  1833,
  2432,
  2312,
  429,
  2458,
  3756,
  4882,
  2086,
  1456,
  2089,
  1812,
  2864,
  5371,
  1511,
  3841,
  1687,
  557],
 [545,
  4879,
  2240,
  3086,
  5154,
  5669,
  4720,
  4984,
  3424,
  5800,
  3127,
  3564,
  5733,
  4730,
  4627,
  4160,
  5807,
  4196,
  3500,
  2835,
  5629,
  3316,
  3805,
  229,
  5893,
  3431,
  1801,
  3912,
  5332,
  3744,
  3938,
  5226,
  973,
  852,
  442,
  2278,
  3539,
  2752,
  1458,
  2985,
  1989,
  1929,
  1667,
  2034,
  3364,
  4553,
  1714,
  282,
  672,
  0,
  2155,
  4205,
  3394,
  2943,
  1027,
  3092,
  1039,
  1535,
  1335,
  1575,
  3356,
  2068,
  3848,
  2309,
  1803,
  2588,
  1539,
  1810,
  843,
  3732,
  3150,
  3217,
  2172,
  2119,
  5605,
  6099,
  2399,
  3593,
  3962,
  3833,
  2940,
  3025,
  1510,
  2505,
  3104,
  2984,
  1309,
  3625,
  5648,
  3737,
  3249,
  2441,
  3969,
  2797,
  4444,
  4668,
  2183,
  5733,
  2359,
  1229],
 [2160,
  3366,
  3295,
  4618,
  3641,
  4156,
  5802,
  3471,
  4506,
  4287,
  2834,
  4646,
  4220,
  3217,
  3114,
  5242,
  4294,
  2683,
  4582,
  2542,
  4116,
  3420,
  3909,
  2225,
  4380,
  3138,
  3406,
  3871,
  3819,
  4068,
  4401,
  3713,
  1346,
  2012,
  2012,
  2571,
  1238,
  451,
  958,
  684,
  1653,
  1632,
  1182,
  815,
  1063,
  5635,
  1417,
  2404,
  2012,
  2245,
  0,
  1904,
  1692,
  698,
  1494,
  1655,
  1612,
  1828,
  1706,
  4780,
  3189,
  2361,
  1547,
  1973,
  352,
  1136,
  1310,
  1079,
  1808,
  2030,
  1476,
  916,
  926,
  590,
  4092,
  4586,
  244,
  1292,
  1661,
  4915,
  2766,
  872,
  645,
  2212,
  2280,
  2810,
  1338,
  2837,
  4135,
  4009,
  1934,
  1341,
  2468,
  1098,
  3243,
  5750,
  1890,
  4220,
  2066,
  1802],
 [4977,
  4515,
  6540,
  5763,
  4790,
  4803,
  6947,
  4620,
  5651,
  5432,
  3716,
  5791,
  3950,
  4955,
  4263,
  6387,
  4026,
  4421,
  5727,
  4001,
  3848,
  5825,
  6314,
  4322,
  5529,
  2502,
  6651,
  5020,
  4968,
  5217,
  5550,
  4862,
  4002,
  3878,
  4109,
  2976,
  1605,
  1895,
  3440,
  1579,
  2416,
  2608,
  2920,
  2553,
  1311,
  6780,
  3155,
  5221,
  4002,
  4492,
  2203,
  0,
  1132,
  2237,
  4150,
  2022,
  3478,
  3566,
  3444,
  6401,
  6130,
  3092,
  1206,
  2156,
  2834,
  2645,
  3048,
  2817,
  3896,
  794,
  1376,
  1347,
  2664,
  2825,
  5241,
  4318,
  1959,
  1516,
  677,
  6060,
  2322,
  1966,
  3127,
  3950,
  1427,
  2077,
  3272,
  4575,
  5284,
  6406,
  1842,
  3079,
  4206,
  2637,
  4392,
  6895,
  3628,
  5369,
  3804,
  3668],
 [3615,
  3811,
  3740,
  5063,
  4086,
  4601,
  6247,
  3916,
  4738,
  4732,
  3279,
  5091,
  4665,
  3662,
  3559,
  5687,
  4739,
  3128,
  5027,
  2987,
  4561,
  3865,
  4354,
  2932,
  4825,
  2832,
  3851,
  4316,
  4264,
  4513,
  4846,
  4158,
  3283,
  2488,
  2719,
  2189,
  529,
  1241,
  2816,
  1008,
  1090,
  1282,
  1989,
  1622,
  938,
  6080,
  1377,
  3364,
  2747,
  3102,
  1693,
  904,
  0,
  1385,
  3352,
  727,
  2201,
  2242,
  2132,
  4077,
  3634,
  2305,
  1166,
  1085,
  2511,
  2272,
  2117,
  1886,
  2848,
  338,
  244,
  776,
  1733,
  2452,
  4537,
  5031,
  1449,
  1143,
  637,
  5360,
  1535,
  1593,
  2804,
  2657,
  1117,
  1579,
  2341,
  3282,
  4580,
  5706,
  771,
  1216,
  2913,
  1572,
  3688,
  6195,
  2335,
  4665,
  2511,
  2278],
 [3083,
  3545,
  3474,
  4797,
  3820,
  4335,
  5981,
  3650,
  4685,
  4466,
  3013,
  4825,
  4399,
  3396,
  3293,
  5421,
  4473,
  2862,
  4761,
  2721,
  4295,
  3599,
  4088,
  2763,
  4559,
  3317,
  3585,
  4050,
  3998,
  4247,
  4580,
  3892,
  2269,
  2319,
  2550,
  2750,
  931,
  254,
  1881,
  377,
  1107,
  1299,
  1361,
  994,
  1119,
  5814,
  1394,
  3327,
  2443,
  2933,
  698,
  1960,
  1381,
  0,
  2417,
  1079,
  1919,
  2007,
  1885,
  3811,
  3368,
  2540,
  1603,
  1227,
  1275,
  1607,
  1489,
  1258,
  2337,
  1719,
  1137,
  609,
  1105,
  1513,
  4271,
  4765,
  454,
  1040,
  1717,
  5094,
  2020,
  928,
  1568,
  2391,
  1582,
  2064,
  1713,
  3016,
  4314,
  4188,
  1236,
  1520,
  2647,
  400,
  3422,
  5929,
  2069,
  4399,
  2245,
  2109],
 [811,
  3632,
  2761,
  3607,
  3907,
  4422,
  5241,
  3737,
  3945,
  4553,
  3100,
  4085,
  4486,
  3483,
  3380,
  4681,
  4560,
  2949,
  4021,
  2808,
  4382,
  3837,
  4326,
  850,
  4646,
  3404,
  2322,
  4137,
  4085,
  4334,
  4667,
  3979,
  335,
  1412,
  640,
  2251,
  3010,
  2223,
  778,
  2456,
  1962,
  1902,
  1138,
  1505,
  2835,
  5074,
  1687,
  1055,
  870,
  751,
  1517,
  3676,
  2865,
  2414,
  0,
  2563,
  1012,
  1508,
  1308,
  2096,
  3877,
  2041,
  3319,
  2282,
  1165,
  1950,
  1010,
  1281,
  314,
  3203,
  2621,
  2688,
  1643,
  1481,
  4358,
  4852,
  2170,
  3064,
  3433,
  4354,
  2913,
  2387,
  872,
  2478,
  3077,
  2957,
  780,
  3103,
  4401,
  4258,
  2720,
  1912,
  2734,
  2268,
  3509,
  5189,
  2156,
  4486,
  2332,
  1202],
 [3005,
  3173,
  3102,
  4425,
  3448,
  3963,
  5609,
  3278,
  4313,
  4094,
  2641,
  4453,
  4027,
  3024,
  2921,
  5049,
  4101,
  2490,
  4389,
  2349,
  3923,
  3227,
  3716,
  2294,
  4187,
  2945,
  3213,
  3678,
  3626,
  3875,
  4208,
  3520,
  2673,
  1850,
  2081,
  2347,
  2373,
  1586,
  2089,
  1819,
  690,
  693,
  1262,
  895,
  2198,
  5442,
  739,
  2726,
  2109,
  2464,
  1556,
  3039,
  1442,
  1245,
  2625,
  0,
  1563,
  1604,
  1494,
  3439,
  2996,
  2137,
  2682,
  1010,
  1784,
  2686,
  1390,
  1159,
  2238,
  1780,
  1198,
  2051,
  1006,
  2022,
  3899,
  4393,
  1533,
  1821,
  2796,
  4722,
  1803,
  2007,
  2077,
  2019,
  1805,
  1847,
  1614,
  2644,
  3942,
  5068,
  1459,
  489,
  2275,
  845,
  3050,
  5557,
  1697,
  4027,
  1873,
  1640],
 [1822,
  2620,
  2549,
  3872,
  2895,
  3410,
  5056,
  2725,
  3760,
  3541,
  2088,
  3900,
  3474,
  2471,
  2368,
  4496,
  3548,
  1937,
  3836,
  1796,
  3370,
  2674,
  3163,
  1108,
  3634,
  2392,
  2660,
  3125,
  3073,
  3322,
  3655,
  2967,
  1490,
  664,
  895,
  1161,
  2257,
  1470,
  1367,
  1703,
  950,
  890,
  587,
  779,
  2082,
  4889,
  675,
  1540,
  923,
  1278,
  1440,
  2923,
  2042,
  1661,
  1544,
  2101,
  0,
  418,
  296,
  2833,
  2443,
  951,
  2566,
  1270,
  1668,
  2570,
  715,
  484,
  1055,
  2380,
  1798,
  1935,
  890,
  1906,
  3346,
  3840,
  1417,
  2311,
  2680,
  4169,
  1823,
  1891,
  1479,
  1466,
  2065,
  1867,
  470,
  2091,
  3389,
  4515,
  1719,
  1089,
  1722,
  1445,
  2497,
  5004,
  1144,
  3474,
  1320,
  454],
 [2238,
  3035,
  2964,
  4287,
  3310,
  3825,
  5471,
  3140,
  4175,
  3956,
  2503,
  4315,
  3889,
  2886,
  2783,
  4911,
  3963,
  2352,
  4251,
  2211,
  3785,
  3089,
  3578,
  1131,
  4049,
  3024,
  3082,
  3540,
  3488,
  3737,
  4070,
  3382,
  1906,
  687,
  918,
  743,
  2507,
  1720,
  1803,
  1953,
  1365,
  1305,
  1002,
  1123,
  2332,
  5304,
  1090,
  1563,
  946,
  1301,
  1690,
  3173,
  2707,
  1911,
  1960,
  2518,
  780,
  0,
  711,
  2856,
  2858,
  533,
  2816,
  2012,
  1918,
  2820,
  1072,
  899,
  1471,
  3045,
  2463,
  2185,
  1140,
  2156,
  3761,
  4255,
  1667,
  2561,
  2930,
  4584,
  1405,
  2141,
  2020,
  1881,
  2220,
  1449,
  842,
  2506,
  3804,
  4930,
  2136,
  1504,
  2137,
  1860,
  2912,
  5419,
  1559,
  3889,
  1735,
  491],
 [2080,
  2324,
  2253,
  3576,
  2599,
  3114,
  4760,
  2429,
  3464,
  3245,
  1792,
  3604,
  3178,
  2175,
  2072,
  4200,
  3252,
  1641,
  3540,
  1500,
  3074,
  2378,
  2867,
  1757,
  3338,
  2096,
  2364,
  2829,
  2777,
  3026,
  3359,
  2671,
  1748,
  1313,
  1544,
  1492,
  1961,
  1174,
  1677,
  1407,
  654,
  594,
  850,
  483,
  1786,
  4593,
  379,
  2324,
  1419,
  1927,
  1144,
  2627,
  1746,
  1365,
  1802,
  1805,
  913,
  749,
  0,
  2590,
  2147,
  1282,
  2270,
  974,
  1372,
  2274,
  978,
  747,
  1313,
  2084,
  1502,
  1639,
  594,
  1610,
  3050,
  3544,
  1121,
  2015,
  2384,
  3873,
  1767,
  1595,
  1665,
  1170,
  1769,
  1811,
  728,
  1795,
  3093,
  4219,
  1423,
  793,
  1426,
  1149,
  2201,
  4708,
  848,
  3178,
  1024,
  1103],
 [1598,
  2966,
  665,
  2177,
  3241,
  3756,
  2802,
  2331,
  1506,
  3887,
  2922,
  1646,
  3820,
  2817,
  2714,
  2242,
  3894,
  2283,
  1582,
  3044,
  3716,
  1398,
  1887,
  2038,
  3980,
  3226,
  226,
  1994,
  3419,
  1826,
  2020,
  3313,
  2589,
  3648,
  2251,
  3829,
  4772,
  3985,
  3063,
  4218,
  3460,
  3400,
  3661,
  3294,
  4597,
  2635,
  3185,
  1605,
  2481,
  1939,
  3955,
  4977,
  4627,
  4176,
  2643,
  4611,
  3476,
  3086,
  3346,
  0,
  747,
  3619,
  5081,
  3780,
  3408,
  4381,
  3789,
  3558,
  2520,
  4965,
  4383,
  4450,
  3405,
  4561,
  3692,
  4186,
  3932,
  4826,
  5195,
  1915,
  4491,
  4406,
  3115,
  2300,
  4575,
  4535,
  3538,
  890,
  3735,
  2828,
  4229,
  3674,
  1189,
  4030,
  2526,
  2750,
  1978,
  3820,
  1647,
  3553],
 [3451,
  2219,
  410,
  589,
  2494,
  3009,
  2055,
  1584,
  759,
  3140,
  2603,
  899,
  3073,
  2070,
  1967,
  1495,
  3147,
  1536,
  835,
  2297,
  2969,
  651,
  1140,
  3345,
  3233,
  2907,
  521,
  1247,
  2672,
  1079,
  1273,
  2566,
  3811,
  2901,
  3132,
  3082,
  4025,
  3238,
  3688,
  3471,
  2713,
  2653,
  2914,
  2547,
  3850,
  1888,
  2438,
  3458,
  3160,
  3515,
  3208,
  4691,
  3880,
  3429,
  3865,
  3864,
  2729,
  2339,
  2599,
  747,
  0,
  2872,
  4334,
  3033,
  3436,
  4338,
  3042,
  2811,
  3376,
  4218,
  3636,
  3703,
  2658,
  3674,
  2945,
  3439,
  3185,
  4079,
  4448,
  1168,
  3744,
  3659,
  3729,
  1946,
  3828,
  3788,
  2791,
  453,
  2988,
  1240,
  3482,
  2927,
  835,
  3283,
  1779,
  2003,
  1624,
  3073,
  1293,
  2806],
 [2562,
  3359,
  3288,
  4611,
  3634,
  4149,
  5795,
  3464,
  4499,
  4280,
  2827,
  4639,
  4213,
  3210,
  3107,
  5235,
  4287,
  2676,
  4575,
  2535,
  4109,
  3413,
  3902,
  1455,
  4373,
  2637,
  3406,
  3864,
  3812,
  4061,
  4394,
  3706,
  2230,
  1011,
  1242,
  356,
  2831,
  2044,
  2127,
  2277,
  1689,
  1629,
  1326,
  1447,
  2656,
  5628,
  1414,
  1887,
  1270,
  1625,
  2014,
  3497,
  2320,
  2235,
  2284,
  2131,
  1104,
  463,
  1035,
  3180,
  3182,
  0,
  3140,
  1625,
  2242,
  3144,
  1396,
  1223,
  1795,
  2658,
  2076,
  2509,
  1464,
  2480,
  4085,
  4579,
  1991,
  2885,
  3254,
  4908,
  1018,
  2465,
  2344,
  2205,
  1833,
  1062,
  1166,
  2830,
  4128,
  5254,
  1749,
  1828,
  2461,
  2184,
  3236,
  5743,
  1883,
  4213,
  2059,
  815],
 [4414,
  4872,
  4470,
  6120,
  5147,
  5160,
  7304,
  4977,
  6008,
  5789,
  4073,
  6148,
  4307,
  4392,
  4620,
  6744,
  4383,
  3858,
  6084,
  4358,
  4205,
  6182,
  6671,
  3759,
  5886,
  2859,
  4581,
  5377,
  5325,
  5574,
  5907,
  5219,
  3439,
  3315,
  3546,
  2778,
  1042,
  1332,
  2877,
  1016,
  1853,
  2045,
  2357,
  1990,
  748,
  7137,
  2592,
  4658,
  3439,
  3929,
  1640,
  357,
  622,
  1674,
  3587,
  1459,
  2915,
  3003,
  2881,
  5838,
  4364,
  2894,
  0,
  1674,
  2271,
  2082,
  2485,
  2254,
  3333,
  760,
  833,
  784,
  2101,
  2262,
  5598,
  4675,
  1396,
  953,
  114,
  6417,
  2124,
  1403,
  2564,
  3387,
  1784,
  2434,
  2709,
  4012,
  5641,
  6763,
  1360,
  2516,
  3643,
  2074,
  4749,
  7252,
  3065,
  5726,
  3241,
  3105],
 [2912,
  3108,
  3037,
  4360,
  3383,
  3898,
  5544,
  3213,
  4248,
  4029,
  2576,
  4388,
  3962,
  2959,
  2856,
  4984,
  4036,
  2425,
  4324,
  2284,
  3858,
  3162,
  3651,
  2229,
  4122,
  2880,
  3148,
  3613,
  3561,
  3810,
  4143,
  3455,
  2580,
  1785,
  2016,
  2282,
  2001,
  1941,
  2444,
  2174,
  387,
  579,
  1617,
  1250,
  1905,
  5377,
  674,
  2661,
  2044,
  2399,
  1911,
  2746,
  1610,
  1534,
  2634,
  1421,
  1498,
  1539,
  1429,
  3374,
  2931,
  2153,
  2389,
  0,
  2139,
  3041,
  1745,
  1514,
  2145,
  1948,
  1366,
  1743,
  1361,
  2377,
  3834,
  4328,
  1888,
  2110,
  2214,
  4657,
  1383,
  2362,
  2432,
  1954,
  1385,
  1427,
  1560,
  2579,
  3877,
  5003,
  1039,
  778,
  2210,
  1134,
  2985,
  5492,
  1632,
  3962,
  1808,
  1575],
 [1808,
  3594,
  3523,
  4846,
  3869,
  4384,
  6030,
  3699,
  4734,
  4515,
  3062,
  4874,
  4448,
  3445,
  3342,
  5470,
  4522,
  2911,
  4810,
  2770,
  4344,
  3648,
  4137,
  1873,
  4608,
  3366,
  3319,
  4099,
  4047,
  4296,
  4629,
  3941,
  994,
  1660,
  1660,
  2499,
  1590,
  803,
  606,
  1036,
  1881,
  1860,
  912,
  1043,
  1415,
  5863,
  1645,
  2052,
  1660,
  1893,
  352,
  2256,
  2044,
  1251,
  1142,
  2220,
  1260,
  1756,
  1556,
  3093,
  3417,
  2289,
  1899,
  2201,
  0,
  862,
  784,
  1055,
  1456,
  2382,
  1828,
  1268,
  1154,
  316,
  4320,
  4814,
  596,
  1644,
  2013,
  5143,
  2994,
  1299,
  293,
  2440,
  2723,
  3205,
  986,
  3065,
  4363,
  4237,
  2377,
  1569,
  2696,
  1651,
  3471,
  5978,
  2118,
  4448,
  2294,
  1450],
 [2237,
  3945,
  3874,
  5197,
  4220,
  4735,
  6381,
  4050,
  5085,
  4866,
  3413,
  5225,
  4799,
  3796,
  3693,
  5821,
  4873,
  3262,
  5161,
  3121,
  4695,
  3999,
  4488,
  2302,
  4959,
  3717,
  4378,
  4450,
  4398,
  4647,
  4980,
  4292,
  1423,
  2089,
  2089,
  2928,
  1961,
  1411,
  1035,
  1644,
  2232,
  2211,
  1341,
  1394,
  1643,
  6214,
  1996,
  2481,
  2089,
  2322,
  703,
  2484,
  2415,
  1602,
  1571,
  2378,
  1689,
  2185,
  1985,
  4152,
  3768,
  2718,
  2127,
  2552,
  429,
  0,
  1213,
  1484,
  1885,
  2753,
  2199,
  1876,
  1505,
  180,
  4671,
  5165,
  947,
  1872,
  2241,
  5494,
  3345,
  945,
  722,
  2791,
  3074,
  3389,
  1415,
  3416,
  4714,
  4588,
  2728,
  1920,
  3047,
  2002,
  3822,
  6329,
  2469,
  4799,
  2645,
  1879],
 [1615,
  3118,
  3047,
  4370,
  3393,
  3908,
  5554,
  3223,
  4258,
  4039,
  2586,
  4398,
  3972,
  2969,
  2866,
  4994,
  4046,
  2435,
  4334,
  2294,
  3868,
  3172,
  3661,
  1342,
  4132,
  2890,
  3158,
  3623,
  3571,
  3820,
  4153,
  3465,
  1283,
  898,
  1129,
  1737,
  2089,
  1302,
  699,
  1535,
  1471,
  1388,
  128,
  495,
  1914,
  5387,
  1173,
  1859,
  954,
  1512,
  1272,
  2755,
  2112,
  1493,
  1235,
  1810,
  498,
  994,
  794,
  3067,
  2941,
  1527,
  2398,
  1791,
  788,
  1650,
  0,
  271,
  848,
  2450,
  1868,
  1767,
  722,
  1104,
  3844,
  4338,
  1249,
  2143,
  2512,
  4667,
  2399,
  1723,
  811,
  1964,
  2313,
  2443,
  224,
  2589,
  3887,
  5013,
  1967,
  1159,
  2220,
  1515,
  2995,
  5502,
  1642,
  3972,
  1818,
  688],
 [3037,
  2913,
  2842,
  4165,
  3188,
  3703,
  5349,
  3018,
  4053,
  3834,
  2381,
  4193,
  3767,
  2764,
  2661,
  4789,
  3841,
  2230,
  4129,
  2089,
  3663,
  2967,
  3456,
  2028,
  3927,
  2685,
  2953,
  3418,
  3366,
  3615,
  3948,
  3260,
  2223,
  1584,
  1815,
  2081,
  1818,
  1031,
  1835,
  1264,
  1200,
  1179,
  1381,
  224,
  1643,
  5182,
  964,
  2460,
  1843,
  2198,
  1001,
  2484,
  1841,
  1222,
  2371,
  1539,
  1297,
  1338,
  1228,
  3179,
  2736,
  1871,
  2127,
  1520,
  1229,
  2131,
  1509,
  0,
  1944,
  2179,
  1597,
  1496,
  451,
  1467,
  3639,
  4133,
  978,
  1872,
  2241,
  4462,
  2313,
  1452,
  1522,
  1759,
  2042,
  2357,
  1733,
  2384,
  3682,
  4808,
  1696,
  888,
  2015,
  1244,
  2790,
  5297,
  1437,
  3767,
  1613,
  1374],
 [1026,
  3318,
  3247,
  4570,
  3593,
  4108,
  5754,
  3423,
  4458,
  4239,
  2786,
  4598,
  4172,
  3169,
  3066,
  5194,
  4246,
  2635,
  4534,
  2494,
  4068,
  3372,
  3861,
  852,
  4332,
  3090,
  2537,
  3823,
  3771,
  4020,
  4353,
  3665,
  694,
  1098,
  639,
  1937,
  2696,
  1909,
  816,
  2142,
  1648,
  1588,
  824,
  1191,
  2521,
  5587,
  1373,
  1270,
  639,
  1022,
  1678,
  3362,
  2551,
  2100,
  748,
  2249,
  698,
  1194,
  994,
  2311,
  3141,
  1727,
  3005,
  1968,
  1326,
  2188,
  696,
  967,
  0,
  2889,
  2307,
  2374,
  1329,
  1642,
  4044,
  4538,
  1856,
  2750,
  3119,
  4867,
  2599,
  2330,
  1033,
  2164,
  2763,
  2643,
  466,
  2789,
  4087,
  5213,
  2406,
  1598,
  2420,
  1954,
  3195,
  5702,
  1842,
  4172,
  2018,
  888],
 [3953,
  4149,
  4078,
  5401,
  4424,
  5061,
  6585,
  4254,
  5076,
  5070,
  3617,
  5429,
  4208,
  4000,
  3897,
  6025,
  4284,
  3466,
  5365,
  3325,
  4106,
  4203,
  4692,
  3270,
  5163,
  1946,
  4189,
  4654,
  4602,
  4851,
  5184,
  4496,
  3621,
  2826,
  3057,
  2527,
  898,
  1579,
  3154,
  1346,
  1428,
  1620,
  2327,
  1960,
  1276,
  6418,
  1715,
  3702,
  3085,
  3440,
  2031,
  1042,
  338,
  1723,
  4248,
  1065,
  2539,
  2580,
  2470,
  4415,
  3972,
  2643,
  1304,
  1423,
  2849,
  2743,
  2455,
  2224,
  3186,
  0,
  582,
  1114,
  2071,
  2923,
  4875,
  4576,
  1787,
  1614,
  775,
  5698,
  1873,
  2064,
  3142,
  2995,
  448,
  1917,
  2679,
  3620,
  4918,
  6044,
  1109,
  1554,
  3251,
  1910,
  4026,
  6533,
  2673,
  5003,
  2849,
  2616],
 [3371,
  3567,
  3496,
  4819,
  3842,
  4357,
  6003,
  3672,
  4494,
  4488,
  3035,
  4847,
  4421,
  3418,
  3315,
  5443,
  4495,
  2884,
  4783,
  2743,
  4317,
  3621,
  4110,
  2688,
  4581,
  2588,
  3607,
  4072,
  4020,
  4269,
  4602,
  3914,
  3039,
  2244,
  2475,
  1945,
  405,
  1025,
  2572,
  792,
  846,
  1038,
  1745,
  1378,
  722,
  5836,
  1133,
  3120,
  2503,
  2858,
  1477,
  1115,
  244,
  1169,
  3108,
  483,
  1957,
  1998,
  1888,
  3833,
  3390,
  2061,
  1206,
  841,
  2267,
  2056,
  1873,
  1642,
  2604,
  582,
  0,
  560,
  1489,
  2236,
  4293,
  4787,
  1233,
  927,
  848,
  5116,
  1291,
  1377,
  2560,
  2413,
  873,
  1335,
  2097,
  3038,
  4336,
  5462,
  527,
  972,
  2669,
  1328,
  3444,
  5951,
  2091,
  4421,
  2267,
  2034],
 [3892,
  3818,
  3747,
  5070,
  4093,
  4608,
  6254,
  3923,
  4958,
  4739,
  3286,
  5098,
  4672,
  3669,
  3566,
  5694,
  4746,
  3135,
  5034,
  2994,
  4568,
  3872,
  4361,
  3036,
  4832,
  3590,
  3858,
  4323,
  4271,
  4520,
  4853,
  4165,
  2542,
  2592,
  2823,
  3023,
  322,
  465,
  2154,
  232,
  1133,
  1325,
  1634,
  1267,
  226,
  6087,
  1420,
  4136,
  2716,
  3206,
  917,
  1067,
  776,
  609,
  2690,
  739,
  2192,
  2280,
  2158,
  5316,
  3641,
  2618,
  710,
  1398,
  1548,
  1560,
  1762,
  1531,
  2610,
  1114,
  560,
  0,
  1378,
  1740,
  4544,
  5038,
  673,
  431,
  824,
  5367,
  1848,
  881,
  1841,
  2664,
  1430,
  1892,
  1986,
  3289,
  4587,
  4461,
  1084,
  1793,
  2920,
  1009,
  3695,
  6202,
  2342,
  4672,
  2518,
  2382],
 [2586,
  3114,
  3043,
  4366,
  3389,
  3904,
  5550,
  3219,
  4254,
  4035,
  2582,
  4394,
  3968,
  2965,
  2862,
  4990,
  4042,
  2431,
  4330,
  2290,
  3864,
  3168,
  3657,
  2332,
  4128,
  2886,
  3154,
  3619,
  3567,
  3816,
  4149,
  3461,
  1772,
  1888,
  2119,
  2319,
  1367,
  580,
  1384,
  813,
  1401,
  1380,
  930,
  563,
  1192,
  5383,
  1165,
  2830,
  2012,
  2502,
  550,
  2033,
  1821,
  771,
  1920,
  1740,
  1488,
  1576,
  1454,
  3380,
  2937,
  2109,
  1676,
  1721,
  778,
  1680,
  1058,
  827,
  1906,
  2159,
  1605,
  1045,
  0,
  1016,
  3840,
  4334,
  527,
  1421,
  1790,
  4663,
  2514,
  1001,
  1071,
  1960,
  2243,
  2558,
  1282,
  2585,
  3883,
  5009,
  1897,
  1089,
  2216,
  1171,
  2991,
  5498,
  1638,
  3968,
  1814,
  1678],
 [2057,
  3765,
  3694,
  5017,
  4040,
  4555,
  6201,
  3870,
  4905,
  4686,
  3233,
  5045,
  4619,
  3616,
  3513,
  5641,
  4693,
  3082,
  4981,
  2941,
  4515,
  3819,
  4308,
  2122,
  4779,
  3537,
  4624,
  4270,
  4218,
  4467,
  4800,
  4112,
  1243,
  1909,
  1909,
  2748,
  2018,
  1231,
  855,
  1464,
  2052,
  2031,
  1161,
  1214,
  1843,
  6034,
  1816,
  2301,
  1909,
  2142,
  523,
  2684,
  2472,
  1422,
  1391,
  2391,
  1509,
  2005,
  1805,
  4398,
  3588,
  2538,
  2327,
  2372,
  249,
  541,
  1033,
  1304,
  1705,
  2810,
  2256,
  1696,
  1325,
  0,
  4491,
  4985,
  767,
  2072,
  2441,
  5314,
  3165,
  1191,
  542,
  2611,
  2894,
  3209,
  1235,
  3236,
  4534,
  4408,
  2548,
  1740,
  2867,
  1822,
  3642,
  6149,
  2289,
  4619,
  2465,
  1699],
 [5485,
  765,
  3408,
  2631,
  484,
  188,
  2492,
  1318,
  1909,
  2300,
  1833,
  2659,
  1386,
  4083,
  1219,
  2006,
  713,
  3549,
  2090,
  1527,
  656,
  2693,
  3182,
  5358,
  288,
  2137,
  3519,
  1487,
  1072,
  1684,
  1639,
  966,
  5824,
  4914,
  5145,
  5095,
  6038,
  5251,
  5701,
  5484,
  4726,
  4666,
  4927,
  4560,
  5863,
  2325,
  4451,
  5492,
  5173,
  5528,
  5221,
  5877,
  5893,
  5442,
  5878,
  5877,
  4742,
  4352,
  4612,
  3745,
  2998,
  4885,
  6347,
  5046,
  5449,
  6351,
  5055,
  4824,
  5389,
  5483,
  5649,
  5716,
  4671,
  5687,
  0,
  421,
  5198,
  6449,
  5610,
  2928,
  3082,
  5672,
  5742,
  1901,
  3065,
  2837,
  4804,
  3084,
  167,
  3274,
  3480,
  4940,
  3428,
  5296,
  1090,
  2440,
  2136,
  128,
  2601,
  4819],
 [5955,
  1062,
  3878,
  3101,
  781,
  485,
  2789,
  1615,
  2206,
  2770,
  1648,
  3129,
  1288,
  4553,
  1601,
  2303,
  292,
  4019,
  3065,
  1824,
  470,
  3163,
  3652,
  5828,
  709,
  1792,
  3989,
  1784,
  1369,
  1981,
  1936,
  1263,
  6294,
  5384,
  5615,
  5565,
  5602,
  5721,
  6171,
  5954,
  5196,
  5136,
  5397,
  5030,
  5308,
  2622,
  4921,
  5962,
  5643,
  5998,
  5691,
  4941,
  4885,
  5912,
  6348,
  3796,
  5212,
  4822,
  5082,
  4215,
  3468,
  3754,
  5203,
  3696,
  5919,
  6821,
  5525,
  5294,
  5859,
  4547,
  3741,
  5344,
  5141,
  6157,
  421,
  0,
  5668,
  5513,
  4674,
  3398,
  2984,
  6142,
  6212,
  2198,
  2967,
  2739,
  5274,
  3554,
  464,
  3744,
  3382,
  5410,
  3898,
  5766,
  1387,
  2737,
  2433,
  549,
  2898,
  5289],
 [2404,
  3321,
  3250,
  4573,
  3596,
  4111,
  5757,
  3426,
  4461,
  4242,
  2789,
  4601,
  4175,
  3172,
  3069,
  5197,
  4249,
  2638,
  4537,
  2497,
  4071,
  3375,
  3864,
  2539,
  4335,
  3093,
  3361,
  3826,
  3774,
  4023,
  4356,
  3668,
  1590,
  2095,
  2326,
  2526,
  994,
  207,
  1202,
  440,
  1608,
  1587,
  1137,
  770,
  819,
  5590,
  1372,
  2648,
  2219,
  2709,
  244,
  1660,
  1448,
  454,
  1738,
  1411,
  1695,
  1783,
  1661,
  5063,
  3144,
  2316,
  1303,
  1928,
  596,
  1307,
  1265,
  1034,
  2052,
  1786,
  1232,
  672,
  881,
  834,
  4047,
  4541,
  0,
  1048,
  1417,
  4870,
  2721,
  628,
  889,
  2167,
  2036,
  2765,
  1489,
  2792,
  4090,
  3964,
  1690,
  1296,
  2423,
  854,
  3198,
  5705,
  1845,
  4175,
  2021,
  1885],
 [3461,
  3588,
  3517,
  4840,
  3863,
  4378,
  6024,
  3693,
  4728,
  4509,
  3056,
  4868,
  4442,
  3439,
  3336,
  5464,
  4516,
  2905,
  4804,
  2764,
  4338,
  3642,
  4131,
  2806,
  4602,
  3360,
  3628,
  4093,
  4041,
  4290,
  4623,
  3935,
  2486,
  2362,
  2593,
  2793,
  1166,
  379,
  1924,
  612,
  1875,
  1854,
  1404,
  1037,
  641,
  5857,
  1639,
  3705,
  2486,
  2976,
  687,
  1482,
  1413,
  721,
  2634,
  1376,
  1962,
  2050,
  1928,
  4885,
  3411,
  2583,
  1125,
  2195,
  1318,
  1129,
  1532,
  1301,
  2380,
  1751,
  1197,
  844,
  1148,
  1309,
  4314,
  4808,
  443,
  0,
  1239,
  5137,
  2988,
  450,
  1611,
  2434,
  2303,
  3032,
  1756,
  3059,
  4357,
  4231,
  1957,
  1563,
  2690,
  1121,
  3465,
  5972,
  2112,
  4442,
  2288,
  2152],
 [4300,
  4427,
  4356,
  5679,
  4702,
  5217,
  6863,
  4532,
  5354,
  5348,
  3895,
  5707,
  4836,
  4278,
  4175,
  6303,
  5355,
  3744,
  5643,
  3603,
  5177,
  4481,
  4970,
  3645,
  5441,
  4199,
  4467,
  4932,
  4880,
  5129,
  5462,
  4774,
  3325,
  3201,
  3432,
  3632,
  928,
  1218,
  2763,
  902,
  1739,
  1931,
  2243,
  1876,
  634,
  6696,
  2478,
  4544,
  3325,
  3815,
  1526,
  886,
  1382,
  1560,
  3473,
  1345,
  2801,
  2889,
  2767,
  5724,
  4250,
  3224,
  529,
  2004,
  2157,
  1968,
  2371,
  2140,
  3219,
  1289,
  1166,
  670,
  1987,
  2148,
  5153,
  5647,
  1282,
  839,
  0,
  5976,
  2454,
  1289,
  2450,
  3273,
  2036,
  2498,
  2595,
  3898,
  5196,
  5070,
  1690,
  2402,
  3529,
  1960,
  4304,
  6811,
  2951,
  5281,
  3127,
  2991],
 [3709,
  1972,
  1624,
  847,
  2040,
  2555,
  887,
  1434,
  609,
  3041,
  2832,
  269,
  3302,
  2299,
  2196,
  327,
  3376,
  1765,
  538,
  2526,
  3198,
  909,
  1398,
  3574,
  2779,
  3136,
  1735,
  1097,
  1567,
  929,
  1042,
  2319,
  4040,
  3130,
  3361,
  3311,
  4254,
  3467,
  3917,
  3700,
  2942,
  2882,
  3143,
  2776,
  4079,
  720,
  2667,
  3716,
  3389,
  3744,
  3437,
  4920,
  4109,
  3658,
  4094,
  4093,
  2958,
  2568,
  2828,
  1961,
  1214,
  3101,
  4563,
  3262,
  3665,
  4567,
  3271,
  3040,
  3605,
  4447,
  3865,
  3932,
  2887,
  3903,
  2491,
  2788,
  3414,
  4308,
  4677,
  0,
  3973,
  3888,
  3958,
  2755,
  4057,
  4017,
  3020,
  1300,
  2534,
  1498,
  3711,
  3156,
  1644,
  3512,
  1629,
  835,
  2433,
  2619,
  2102,
  3035],
 [3332,
  4129,
  4058,
  5381,
  4404,
  3488,
  6565,
  4234,
  5056,
  5050,
  3597,
  5409,
  2637,
  3980,
  3877,
  6005,
  2711,
  3446,
  5345,
  3305,
  2533,
  4183,
  4672,
  2225,
  5143,
  1853,
  4176,
  4634,
  4582,
  4831,
  5164,
  4476,
  3000,
  1781,
  2012,
  654,
  1645,
  2814,
  2897,
  2029,
  1176,
  1368,
  2096,
  2217,
  1959,
  6398,
  2184,
  2657,
  2040,
  2395,
  2784,
  2355,
  1484,
  2323,
  3054,
  1295,
  1874,
  1233,
  1805,
  3950,
  3952,
  770,
  2443,
  789,
  3012,
  3914,
  2166,
  1993,
  2565,
  1822,
  1240,
  1797,
  2234,
  3250,
  4855,
  3003,
  2761,
  2164,
  2088,
  5678,
  0,
  3235,
  3114,
  2975,
  997,
  278,
  1936,
  3600,
  4898,
  6024,
  913,
  1567,
  3231,
  1923,
  4006,
  6513,
  2653,
  4983,
  2829,
  1585],
 [3011,
  4077,
  4006,
  5329,
  4352,
  4867,
  6513,
  4182,
  5217,
  4998,
  3545,
  5357,
  4931,
  3928,
  3825,
  5953,
  5005,
  3394,
  5293,
  3253,
  4827,
  4131,
  4620,
  3034,
  5091,
  3849,
  4661,
  4582,
  4530,
  4779,
  5112,
  4424,
  2036,
  2768,
  2869,
  3282,
  1418,
  868,
  1714,
  1101,
  2364,
  2343,
  1893,
  1526,
  1100,
  6346,
  2128,
  3255,
  2869,
  2935,
  1176,
  1941,
  1872,
  1210,
  2184,
  1835,
  2368,
  2539,
  2417,
  4435,
  3900,
  3072,
  1584,
  2494,
  1108,
  679,
  2021,
  1790,
  2498,
  2210,
  1656,
  1160,
  1637,
  859,
  4803,
  5297,
  932,
  1329,
  1698,
  5626,
  2944,
  0,
  1401,
  2923,
  2526,
  2988,
  2094,
  3548,
  4846,
  4720,
  2180,
  2052,
  3179,
  1610,
  3954,
  6461,
  2601,
  4931,
  2777,
  2558],
 [1515,
  3887,
  3816,
  5139,
  4162,
  4677,
  6323,
  3992,
  5027,
  4808,
  3355,
  5167,
  4741,
  3738,
  3635,
  5763,
  4815,
  3204,
  5103,
  3063,
  4637,
  3941,
  4430,
  1580,
  4901,
  3659,
  3026,
  4392,
  4340,
  4589,
  4922,
  4234,
  701,
  1663,
  1367,
  2502,
  1883,
  1096,
  313,
  1329,
  2174,
  2153,
  915,
  1336,
  1708,
  6156,
  1938,
  1759,
  1367,
  1600,
  645,
  2549,
  2337,
  1544,
  849,
  2513,
  1263,
  1759,
  1559,
  2800,
  3710,
  2292,
  2192,
  2494,
  293,
  1155,
  787,
  1058,
  1163,
  2675,
  2121,
  1561,
  1447,
  609,
  4613,
  5107,
  889,
  1937,
  2306,
  5436,
  3164,
  1592,
  0,
  2733,
  3016,
  3208,
  989,
  3358,
  4656,
  4530,
  2670,
  1862,
  2989,
  1944,
  3764,
  6271,
  2411,
  4741,
  2587,
  1453],
 [3229,
  1064,
  2108,
  2316,
  1339,
  1854,
  3500,
  1169,
  2204,
  1985,
  622,
  2344,
  1921,
  3768,
  812,
  2940,
  1995,
  3234,
  2280,
  330,
  1817,
  2378,
  2867,
  2431,
  2078,
  926,
  2219,
  1569,
  1517,
  1766,
  2099,
  1411,
  2897,
  1987,
  2218,
  2168,
  3111,
  2324,
  2774,
  2557,
  1799,
  1739,
  2000,
  1633,
  2936,
  3333,
  1524,
  2863,
  2246,
  2601,
  2294,
  3777,
  2966,
  2515,
  2951,
  2950,
  1815,
  1425,
  1685,
  2445,
  2683,
  1958,
  3420,
  2119,
  2522,
  3424,
  2128,
  1897,
  2462,
  3304,
  2722,
  2789,
  1744,
  2760,
  1790,
  2087,
  2271,
  3165,
  3534,
  2613,
  2830,
  2745,
  2815,
  0,
  2810,
  2874,
  1877,
  1650,
  1833,
  2959,
  2568,
  2013,
  1281,
  2369,
  941,
  3448,
  414,
  1918,
  879,
  1892],
 [3641,
  3837,
  3766,
  5089,
  4112,
  4627,
  6273,
  3942,
  4977,
  4758,
  3305,
  5117,
  4691,
  3688,
  3585,
  5713,
  4765,
  3154,
  5053,
  3013,
  4587,
  3891,
  4380,
  2958,
  4851,
  1916,
  3877,
  4342,
  4290,
  4539,
  4872,
  4184,
  3309,
  2514,
  2745,
  1833,
  1179,
  1796,
  2918,
  1563,
  1116,
  1308,
  2091,
  1724,
  1493,
  6106,
  1403,
  3390,
  2773,
  3128,
  2385,
  1889,
  1018,
  2263,
  3454,
  829,
  2227,
  2268,
  2158,
  4103,
  3660,
  1949,
  1977,
  729,
  2613,
  2827,
  2219,
  1988,
  2874,
  1356,
  774,
  1331,
  1835,
  2851,
  4563,
  5057,
  2362,
  1698,
  1622,
  5386,
  1179,
  2148,
  2906,
  2683,
  0,
  1223,
  2289,
  3308,
  4606,
  5732,
  415,
  1507,
  2939,
  1863,
  3714,
  6221,
  2361,
  4691,
  2537,
  2304],
 [3593,
  2924,
  4319,
  4172,
  3199,
  3210,
  5356,
  3029,
  4060,
  3841,
  2018,
  4200,
  2359,
  4241,
  2672,
  4796,
  2433,
  3707,
  4136,
  2303,
  2255,
  4234,
  4723,
  2486,
  3103,
  1575,
  4437,
  3429,
  3377,
  3626,
  3959,
  3271,
  3261,
  2042,
  2273,
  915,
  1740,
  2357,
  3158,
  2124,
  1271,
  1463,
  2357,
  2478,
  2054,
  5189,
  1558,
  2918,
  2301,
  2656,
  3045,
  2889,
  1579,
  2418,
  3315,
  1390,
  2135,
  1494,
  2066,
  4211,
  4539,
  1031,
  2538,
  884,
  3273,
  3388,
  2427,
  2254,
  2826,
  1917,
  1335,
  1892,
  2495,
  3511,
  2815,
  2725,
  3022,
  2259,
  2622,
  4469,
  261,
  2709,
  3375,
  3236,
  1378,
  0,
  2197,
  3861,
  2858,
  4815,
  1008,
  1662,
  3492,
  2018,
  2801,
  5304,
  2914,
  2943,
  3090,
  1846],
 [1441,
  2894,
  2823,
  4146,
  3169,
  3684,
  5330,
  2999,
  4034,
  3815,
  2362,
  4174,
  3748,
  2745,
  2642,
  4770,
  3822,
  2211,
  4110,
  2070,
  3644,
  2948,
  3437,
  1118,
  3908,
  2666,
  2934,
  3399,
  3347,
  3596,
  3929,
  3241,
  1109,
  674,
  905,
  1513,
  2272,
  1485,
  897,
  1718,
  1224,
  1164,
  358,
  725,
  2097,
  5163,
  949,
  1685,
  780,
  1288,
  1455,
  2938,
  2127,
  1676,
  1163,
  1825,
  274,
  770,
  570,
  2843,
  2717,
  1303,
  2581,
  1544,
  986,
  1848,
  230,
  501,
  674,
  2465,
  1883,
  1950,
  905,
  1302,
  3620,
  4114,
  1432,
  2326,
  2695,
  4443,
  2175,
  1906,
  1009,
  1740,
  2339,
  2219,
  0,
  2365,
  3663,
  4789,
  1982,
  1174,
  1996,
  1530,
  2771,
  5278,
  1418,
  3748,
  1594,
  464],
 [3803,
  2571,
  458,
  941,
  2846,
  3361,
  2407,
  1936,
  1111,
  3492,
  2254,
  1251,
  3425,
  2422,
  2319,
  1847,
  3499,
  1888,
  1187,
  1962,
  3321,
  1003,
  1492,
  2963,
  3585,
  2558,
  569,
  1599,
  3024,
  1431,
  1625,
  2918,
  3429,
  2519,
  2750,
  2700,
  3643,
  2856,
  3304,
  3089,
  2331,
  2271,
  2532,
  2165,
  3468,
  2240,
  2056,
  3810,
  2778,
  3133,
  2826,
  4309,
  3498,
  3047,
  3483,
  3482,
  2347,
  1957,
  2217,
  795,
  352,
  2490,
  3952,
  2651,
  3054,
  3956,
  2660,
  2429,
  2994,
  3836,
  3254,
  3321,
  2276,
  3292,
  3297,
  3791,
  2803,
  3697,
  4066,
  1520,
  3362,
  3277,
  3347,
  1632,
  3446,
  3406,
  2409,
  0,
  3340,
  1592,
  3100,
  2545,
  521,
  2901,
  2131,
  2355,
  1310,
  3425,
  979,
  2424],
 [5504,
  784,
  3427,
  2650,
  503,
  207,
  2511,
  1337,
  1928,
  2319,
  1852,
  2678,
  1405,
  4102,
  1238,
  2025,
  732,
  3568,
  2109,
  1546,
  675,
  2712,
  3201,
  5377,
  431,
  2156,
  3538,
  1506,
  1091,
  1703,
  1658,
  985,
  5843,
  4933,
  5164,
  5114,
  6057,
  5270,
  5720,
  5503,
  4745,
  4685,
  4946,
  4579,
  5882,
  2344,
  4470,
  5511,
  5192,
  5547,
  5240,
  5896,
  5912,
  5461,
  5897,
  5896,
  4761,
  4371,
  4631,
  4788,
  3017,
  4904,
  6366,
  5065,
  5468,
  6370,
  5074,
  4843,
  5408,
  5502,
  5668,
  5735,
  4690,
  5706,
  143,
  440,
  5217,
  6468,
  5629,
  2947,
  3101,
  5691,
  5761,
  1920,
  3084,
  2856,
  4823,
  3103,
  0,
  3293,
  3499,
  4959,
  3447,
  5315,
  1109,
  2459,
  2155,
  271,
  2620,
  4838],
 [2211,
  3103,
  1990,
  1310,
  3378,
  3893,
  2944,
  3208,
  1648,
  4024,
  3487,
  1788,
  3957,
  2954,
  2851,
  2384,
  4031,
  2420,
  1724,
  3181,
  3853,
  1540,
  2029,
  2651,
  4117,
  3791,
  1721,
  2136,
  3556,
  1968,
  2162,
  3450,
  3202,
  3790,
  4021,
  3971,
  4914,
  4127,
  4575,
  4360,
  3602,
  3542,
  3803,
  3436,
  4739,
  2777,
  3327,
  2218,
  4049,
  2552,
  4097,
  5580,
  4769,
  4318,
  3256,
  4753,
  3618,
  3228,
  3488,
  1495,
  1580,
  3761,
  5223,
  3922,
  4325,
  5227,
  3931,
  3700,
  3133,
  5107,
  4525,
  4592,
  3547,
  4563,
  3829,
  4323,
  4074,
  4968,
  5337,
  2057,
  4633,
  4548,
  4618,
  3555,
  4717,
  4677,
  3680,
  1849,
  3872,
  0,
  4371,
  3816,
  2193,
  4172,
  2668,
  2892,
  2982,
  3957,
  2651,
  3695],
 [3226,
  3422,
  3351,
  4674,
  3697,
  4212,
  5858,
  3527,
  4562,
  4343,
  2890,
  4702,
  4276,
  3273,
  3170,
  5298,
  4350,
  2739,
  4638,
  2598,
  4172,
  3476,
  3965,
  2543,
  4436,
  2406,
  3462,
  3927,
  3875,
  4124,
  4457,
  3769,
  2894,
  2099,
  2330,
  1418,
  1090,
  1707,
  2758,
  1474,
  701,
  893,
  1931,
  1564,
  1404,
  5691,
  988,
  2975,
  2358,
  2713,
  2225,
  1800,
  929,
  1848,
  2948,
  740,
  1812,
  1853,
  1743,
  3688,
  3245,
  1534,
  1888,
  314,
  2453,
  2738,
  2059,
  1828,
  2459,
  1267,
  685,
  1242,
  1675,
  2691,
  4148,
  4642,
  2202,
  1609,
  1533,
  4971,
  764,
  2059,
  2746,
  2268,
  717,
  808,
  1874,
  2893,
  4191,
  5317,
  0,
  1092,
  2524,
  1448,
  3299,
  5806,
  1946,
  4276,
  2122,
  1889],
 [3204,
  3400,
  3329,
  4652,
  3675,
  4190,
  5836,
  3505,
  4540,
  4321,
  2868,
  4680,
  4254,
  3251,
  3148,
  5276,
  4328,
  2717,
  4616,
  2576,
  4150,
  3454,
  3943,
  2521,
  4414,
  3172,
  3440,
  3905,
  3853,
  4102,
  4435,
  3747,
  2872,
  2077,
  2308,
  2574,
  1223,
  1010,
  2637,
  1133,
  679,
  871,
  2117,
  1750,
  1127,
  5669,
  966,
  2953,
  2336,
  2691,
  1454,
  1968,
  953,
  756,
  3173,
  651,
  1790,
  1831,
  1721,
  3666,
  3223,
  2362,
  1611,
  799,
  2031,
  2363,
  2245,
  2014,
  2437,
  1291,
  709,
  965,
  1653,
  2269,
  4126,
  4620,
  1210,
  1332,
  1725,
  4949,
  1592,
  1684,
  2324,
  2246,
  1154,
  1636,
  1852,
  2871,
  4169,
  5295,
  808,
  0,
  2502,
  356,
  3277,
  5784,
  1924,
  4254,
  2100,
  1867],
 [3240,
  2175,
  1005,
  1068,
  2450,
  2965,
  2534,
  2280,
  1238,
  3096,
  1733,
  1378,
  3552,
  2549,
  1923,
  1974,
  3626,
  2015,
  1314,
  1441,
  3448,
  1130,
  1619,
  2442,
  3189,
  2037,
  1116,
  1726,
  2628,
  1558,
  1752,
  2522,
  2908,
  1998,
  2229,
  2179,
  3122,
  2335,
  2785,
  2568,
  1810,
  1750,
  2011,
  1644,
  2947,
  2367,
  1535,
  2874,
  2257,
  2612,
  2305,
  3788,
  2977,
  2526,
  2962,
  2961,
  1826,
  1436,
  1696,
  1342,
  899,
  1969,
  3431,
  2130,
  2533,
  3435,
  2139,
  1908,
  2473,
  3315,
  2733,
  2800,
  1755,
  2771,
  2901,
  3198,
  2282,
  3176,
  3545,
  1647,
  2841,
  2756,
  2826,
  1111,
  2925,
  2885,
  1888,
  547,
  2944,
  1719,
  2579,
  2024,
  0,
  2380,
  2258,
  2482,
  789,
  3029,
  458,
  1903],
 [3232,
  3428,
  3357,
  4680,
  3703,
  4218,
  5864,
  3533,
  4568,
  4349,
  2896,
  4708,
  4282,
  3279,
  3176,
  5304,
  4356,
  2745,
  4644,
  2604,
  4178,
  3482,
  3971,
  2549,
  4442,
  3200,
  3468,
  3933,
  3881,
  4130,
  4463,
  3775,
  2669,
  2105,
  2336,
  2602,
  1331,
  654,
  2281,
  777,
  707,
  899,
  1761,
  1394,
  1155,
  5697,
  994,
  2981,
  2364,
  2719,
  1098,
  1996,
  981,
  400,
  2817,
  679,
  1818,
  1859,
  1749,
  3694,
  3251,
  2390,
  1639,
  827,
  1675,
  2007,
  1889,
  1658,
  2465,
  1319,
  737,
  1009,
  1505,
  1913,
  4154,
  4648,
  854,
  1360,
  1753,
  4977,
  1620,
  1328,
  1968,
  2274,
  1182,
  1664,
  2113,
  2899,
  4197,
  5323,
  836,
  1098,
  2530,
  0,
  3305,
  5812,
  1952,
  4282,
  2128,
  1895],
 [4597,
  343,
  2520,
  1743,
  618,
  1133,
  2102,
  319,
  1141,
  1412,
  945,
  1771,
  1418,
  3195,
  331,
  2367,
  1492,
  2661,
  1707,
  639,
  1314,
  1805,
  2294,
  4470,
  1357,
  1249,
  2631,
  719,
  796,
  916,
  1249,
  690,
  4936,
  4026,
  4257,
  4207,
  5150,
  4363,
  4813,
  4596,
  3838,
  3778,
  4039,
  3672,
  4975,
  1935,
  3563,
  4604,
  4285,
  4640,
  4333,
  4989,
  5005,
  4554,
  4990,
  4989,
  3854,
  3464,
  3724,
  3881,
  2110,
  3997,
  5459,
  4158,
  4561,
  5463,
  4167,
  3936,
  4501,
  4595,
  4761,
  4828,
  3783,
  4799,
  1069,
  1366,
  4310,
  5561,
  4722,
  2040,
  3037,
  4784,
  4854,
  1013,
  3020,
  2792,
  3916,
  2196,
  1112,
  2386,
  4607,
  4052,
  2540,
  4408,
  0,
  2050,
  1248,
  1197,
  1713,
  3931],
 [4544,
  1171,
  2459,
  1682,
  1336,
  1851,
  52,
  2269,
  1444,
  2706,
  3667,
  1104,
  4137,
  3134,
  3031,
  508,
  2185,
  2600,
  1373,
  3361,
  2007,
  1744,
  2233,
  4409,
  2075,
  3971,
  2570,
  1932,
  732,
  1764,
  1149,
  962,
  4875,
  3965,
  4196,
  4146,
  5089,
  4302,
  4752,
  4535,
  3777,
  3717,
  3978,
  3611,
  4914,
  115,
  3502,
  4551,
  4224,
  4579,
  4272,
  5755,
  4944,
  4493,
  4929,
  4928,
  3793,
  3403,
  3663,
  2796,
  2049,
  3936,
  5398,
  4097,
  4500,
  5402,
  4106,
  3875,
  4440,
  5282,
  4700,
  4767,
  3722,
  4738,
  1787,
  2084,
  4249,
  5143,
  5512,
  835,
  4808,
  4723,
  4793,
  3590,
  4892,
  4852,
  3855,
  2135,
  1830,
  2333,
  4546,
  3991,
  2479,
  4347,
  2464,
  0,
  3268,
  1915,
  2937,
  3870],
 [2815,
  1750,
  1694,
  1757,
  2025,
  2540,
  3223,
  1855,
  1927,
  2671,
  1308,
  2067,
  2607,
  2906,
  1498,
  2663,
  2681,
  2372,
  2003,
  1016,
  2503,
  1819,
  2308,
  2017,
  2764,
  1612,
  1805,
  2415,
  2203,
  2247,
  2441,
  2097,
  2483,
  1573,
  1804,
  1754,
  2697,
  1910,
  2360,
  2143,
  1385,
  1325,
  1586,
  1219,
  2522,
  3056,
  1110,
  2449,
  1832,
  2187,
  1880,
  3363,
  2552,
  2101,
  2537,
  2536,
  1401,
  1011,
  1271,
  2031,
  1588,
  1544,
  3006,
  1705,
  2108,
  3010,
  1714,
  1483,
  2048,
  2890,
  2308,
  2375,
  1330,
  2346,
  2476,
  2773,
  1857,
  2751,
  3120,
  2336,
  2416,
  2331,
  2401,
  686,
  2500,
  2460,
  1463,
  1236,
  2519,
  2408,
  2154,
  1599,
  867,
  1955,
  1627,
  3171,
  0,
  2604,
  465,
  1478],
 [5613,
  893,
  3536,
  2759,
  612,
  316,
  2620,
  1446,
  2037,
  2428,
  1961,
  2787,
  1514,
  4211,
  1347,
  2134,
  841,
  3677,
  2218,
  1655,
  784,
  2821,
  3310,
  5486,
  160,
  2265,
  3647,
  1615,
  1200,
  1812,
  1767,
  1094,
  5952,
  5042,
  5273,
  5223,
  6166,
  5379,
  5827,
  5612,
  4854,
  4794,
  5055,
  4688,
  5991,
  2453,
  4579,
  5620,
  5301,
  5656,
  5349,
  6005,
  6021,
  5570,
  6006,
  6005,
  4870,
  4480,
  4740,
  4897,
  3126,
  5013,
  6475,
  5174,
  5577,
  6479,
  5183,
  4952,
  5517,
  5611,
  5777,
  5844,
  4799,
  5815,
  128,
  549,
  5326,
  6577,
  5738,
  3056,
  3210,
  5800,
  5870,
  2029,
  3193,
  2965,
  4932,
  3212,
  295,
  3402,
  3608,
  5068,
  3556,
  5424,
  1218,
  2568,
  2264,
  0,
  2729,
  4947],
 [3007,
  2922,
  1229,
  1292,
  3197,
  3712,
  2758,
  2287,
  1462,
  3843,
  1500,
  1602,
  3776,
  2773,
  2670,
  2198,
  3850,
  2239,
  1538,
  1208,
  3672,
  1354,
  1843,
  2209,
  3936,
  1804,
  1340,
  1950,
  3375,
  1782,
  1976,
  3269,
  2675,
  1765,
  1996,
  1946,
  2889,
  2102,
  2550,
  2335,
  1577,
  1517,
  1778,
  1411,
  2714,
  2591,
  1302,
  2641,
  2024,
  2379,
  2072,
  3555,
  2744,
  2293,
  2729,
  2728,
  1593,
  1203,
  1463,
  1566,
  1123,
  1736,
  3198,
  1897,
  2300,
  3202,
  1906,
  1675,
  2240,
  3082,
  2500,
  2567,
  1522,
  2538,
  3648,
  4142,
  2049,
  2943,
  3312,
  1871,
  2608,
  2523,
  2593,
  878,
  2692,
  2652,
  1655,
  771,
  3691,
  1943,
  2346,
  1791,
  402,
  2147,
  2482,
  2706,
  556,
  3776,
  0,
  1670],
 [2145,
  3156,
  3085,
  4408,
  3431,
  3946,
  5592,
  3261,
  4296,
  4077,
  2624,
  4436,
  4010,
  3007,
  2904,
  5032,
  4084,
  2473,
  4372,
  2332,
  3906,
  3210,
  3699,
  1038,
  4170,
  2928,
  2989,
  3661,
  3609,
  3858,
  4191,
  3503,
  1813,
  594,
  825,
  1049,
  2628,
  1841,
  1710,
  2074,
  1486,
  1426,
  1123,
  1244,
  2453,
  5425,
  1211,
  1470,
  853,
  1208,
  1811,
  3294,
  3013,
  2032,
  1867,
  2824,
  901,
  306,
  832,
  2763,
  2979,
  839,
  2937,
  2318,
  2039,
  2941,
  1193,
  1020,
  1378,
  3351,
  2769,
  2306,
  1261,
  2277,
  3882,
  4376,
  1788,
  2682,
  3051,
  4705,
  1711,
  2262,
  1972,
  2002,
  2526,
  1755,
  963,
  2627,
  3925,
  5051,
  2442,
  1530,
  2258,
  1886,
  3033,
  5540,
  1680,
  4010,
  1856,
  0]]
