[[0,
  3476,
  3746,
  1551,
  2020,
  2741,
  2700,
  2018,
  2698,
  1859,
  2972,
  2073,
  1065,
  811,
  2700,
  3182,
  383,
  857,
  2686,
  1870,
  1256,
  1232,
  2730,
  1528,
  2597,
  4187,
  4554,
  3886,
  4440,
  3015,
  2089,
  1664,
  2080,
  2513,
  2439,
  2284,
  2738,
  3037,
  1426,
  1690,
  2379,
  2381,
  1758,
  3306,
  2250,
  1941,
  1365,
  1108,
  2250,
  1732,
  392,
  696,
  1011,
  3777,
  1972,
  2109,
  972,
  1344,
  2801,
  3435,
  1041,
  3255,
  2597,
  2941,
  2258,
  3694,
  2769,
  1184,
  1897,
  1613,
  3516,
  3338,
  3451],
 [3199,
  0,
  270,
  2578,
  1855,
  1307,
  1345,
  2601,
  2345,
  1708,
  771,
  2370,
  4264,
  4010,
  984,
  491,
  3007,
  2983,
  933,
  1915,
  3526,
  3502,
  1298,
  2157,
  4376,
  4125,
  6116,
  4542,
  4378,
  5527,
  3279,
  2854,
  2610,
  3358,
  2969,
  2814,
  3688,
  3987,
  3655,
  2880,
  1540,
  3331,
  3590,
  1105,
  1897,
  2006,
  2429,
  2754,
  1458,
  2296,
  3469,
  3157,
  2939,
  4662,
  3162,
  2639,
  3305,
  2120,
  4580,
  4726,
  2820,
  586,
  3547,
  2588,
  4037,
  4439,
  3719,
  2373,
  2427,
  2061,
  847,
  669,
  782],
 [2929,
  537,
  0,
  2308,
  1585,
  1037,
  1075,
  2331,
  2075,
  1438,
  501,
  2100,
  3994,
  3740,
  714,
  221,
  2737,
  2713,
  663,
  1645,
  3256,
  3232,
  1028,
  1887,
  4106,
  3855,
  5846,
  4272,
  4108,
  5257,
  3009,
  2584,
  2340,
  3088,
  2699,
  2544,
  3418,
  3717,
  3385,
  2610,
  1270,
  3061,
  3320,
  835,
  1627,
  1736,
  2159,
  2484,
  1188,
  2026,
  3199,
  2887,
  2669,
  4392,
  2892,
  2369,
  3035,
  1850,
  4310,
  4456,
  2550,
  316,
  3277,
  2318,
  3767,
  4169,
  3449,
  2103,
  2157,
  1791,
  577,
  399,
  512],
 [1593,
  2816,
  3086,
  0,
  1816,
  1938,
  2928,
  2812,
  3492,
  1199,
  2312,
  2867,
  1741,
  1487,
  2567,
  2522,
  1478,
  1651,
  2026,
  2546,
  2541,
  2517,
  2881,
  2322,
  3391,
  4981,
  5348,
  4680,
  5234,
  3691,
  982,
  557,
  1420,
  1406,
  1779,
  1279,
  1631,
  1930,
  1077,
  583,
  3123,
  1274,
  1293,
  2646,
  3044,
  2637,
  2159,
  1902,
  2089,
  2257,
  891,
  579,
  361,
  4571,
  865,
  1449,
  2087,
  2081,
  3595,
  4229,
  1835,
  2595,
  1490,
  3735,
  3052,
  4488,
  1662,
  1978,
  1237,
  953,
  2856,
  2678,
  2791],
 [1344,
  2334,
  2604,
  1806,
  0,
  1434,
  1470,
  1759,
  2439,
  936,
  1802,
  1814,
  2409,
  2155,
  1393,
  1792,
  1152,
  781,
  1544,
  1114,
  1671,
  1647,
  1423,
  1052,
  2521,
  4111,
  4478,
  3810,
  4364,
  3672,
  2507,
  2082,
  1838,
  2586,
  2197,
  2042,
  2916,
  3215,
  2770,
  2108,
  1665,
  2559,
  2818,
  2136,
  2022,
  1465,
  1106,
  849,
  943,
  441,
  1736,
  2040,
  2167,
  3701,
  2390,
  1867,
  1450,
  265,
  2725,
  3359,
  965,
  2113,
  2775,
  2682,
  2182,
  3618,
  2947,
  708,
  1655,
  1289,
  2374,
  2196,
  2309],
 [1892,
  1587,
  1857,
  1271,
  548,
  0,
  2018,
  2307,
  2987,
  401,
  1083,
  2362,
  2957,
  2703,
  1941,
  1293,
  1700,
  1329,
  797,
  1662,
  2219,
  2195,
  1971,
  1600,
  3069,
  4659,
  5026,
  4358,
  4912,
  4220,
  1972,
  1547,
  1303,
  2051,
  1662,
  1507,
  2381,
  2680,
  2348,
  1573,
  2213,
  2024,
  2283,
  1417,
  2570,
  2013,
  1654,
  1397,
  860,
  989,
  2162,
  1850,
  1632,
  4249,
  1855,
  1332,
  1998,
  813,
  3273,
  3907,
  1513,
  1366,
  2240,
  3230,
  2730,
  4166,
  2412,
  1256,
  1120,
  754,
  1627,
  1449,
  1562],
 [2391,
  1235,
  1505,
  2538,
  1815,
  1267,
  0,
  1567,
  1237,
  1668,
  731,
  1622,
  3456,
  3202,
  322,
  721,
  2199,
  1949,
  893,
  881,
  2718,
  2694,
  190,
  1123,
  3568,
  3664,
  5655,
  4081,
  3917,
  4719,
  3239,
  2814,
  2570,
  3318,
  2929,
  2774,
  3648,
  3947,
  3615,
  2840,
  432,
  3291,
  3550,
  1065,
  789,
  972,
  1395,
  1720,
  760,
  1519,
  2783,
  3087,
  2899,
  4201,
  3122,
  2599,
  2497,
  1343,
  3772,
  4406,
  2012,
  1014,
  3507,
  1480,
  3229,
  3978,
  3679,
  1339,
  2387,
  2021,
  1275,
  1097,
  1210],
 [2031,
  1917,
  2187,
  3220,
  2497,
  1949,
  682,
  0,
  680,
  2350,
  1413,
  705,
  3096,
  2842,
  1004,
  1403,
  1839,
  1372,
  1575,
  1018,
  2262,
  2238,
  595,
  1050,
  3112,
  3107,
  5098,
  3524,
  3360,
  4263,
  3921,
  3496,
  3252,
  4000,
  3611,
  3456,
  4330,
  4629,
  3457,
  3522,
  361,
  3973,
  4232,
  1747,
  232,
  1168,
  818,
  1143,
  1442,
  2201,
  2423,
  2727,
  3042,
  3644,
  3804,
  3281,
  2041,
  2025,
  3316,
  3708,
  1556,
  1696,
  4189,
  923,
  2773,
  3421,
  4361,
  1266,
  3069,
  2703,
  1957,
  1779,
  1892],
 [2279,
  2506,
  2776,
  3069,
  2764,
  2216,
  1271,
  672,
  0,
  2617,
  2002,
  430,
  3344,
  3090,
  1593,
  1992,
  2087,
  1620,
  2164,
  1345,
  2510,
  2486,
  1184,
  1298,
  3360,
  3696,
  5317,
  4649,
  3949,
  4511,
  3770,
  3345,
  3519,
  4267,
  3878,
  3723,
  4419,
  4718,
  3705,
  3371,
  950,
  4062,
  4081,
  2336,
  398,
  1416,
  1066,
  1391,
  1725,
  2484,
  2671,
  2975,
  3290,
  4233,
  3653,
  3548,
  2289,
  2308,
  3564,
  4198,
  1804,
  2285,
  4278,
  1512,
  3021,
  4010,
  4450,
  1514,
  3336,
  2970,
  2546,
  2368,
  2481],
 [1550,
  2250,
  2520,
  870,
  1250,
  1372,
  2362,
  2769,
  3449,
  0,
  1746,
  2824,
  2615,
  2361,
  2001,
  1956,
  1358,
  1608,
  1460,
  1980,
  2498,
  2474,
  2315,
  2279,
  3348,
  4938,
  5305,
  4637,
  5191,
  4499,
  1571,
  1146,
  902,
  1650,
  1261,
  1106,
  1980,
  2279,
  1947,
  1172,
  2557,
  1623,
  1882,
  2080,
  3001,
  2071,
  2116,
  1859,
  1523,
  1691,
  1761,
  1449,
  1231,
  4528,
  1454,
  931,
  2277,
  1515,
  3552,
  4186,
  1792,
  2029,
  1839,
  3692,
  3009,
  4445,
  2011,
  1935,
  719,
  353,
  2290,
  2112,
  2225],
 [2880,
  914,
  1184,
  2259,
  1536,
  988,
  1026,
  1764,
  2026,
  1389,
  0,
  2051,
  3945,
  3691,
  665,
  630,
  2688,
  2615,
  614,
  1547,
  3207,
  3183,
  979,
  1789,
  4057,
  4232,
  6223,
  4649,
  4485,
  5208,
  2874,
  2535,
  2291,
  3039,
  2650,
  2495,
  3369,
  3668,
  3336,
  2561,
  1221,
  3012,
  3271,
  334,
  1578,
  1638,
  2061,
  2386,
  1139,
  1977,
  3150,
  2838,
  2620,
  4769,
  2843,
  2320,
  2986,
  1801,
  4261,
  4895,
  2501,
  481,
  3228,
  2269,
  3718,
  4546,
  3400,
  2005,
  2108,
  1742,
  727,
  472,
  631],
 [1849,
  2686,
  2956,
  2639,
  2334,
  1786,
  1459,
  777,
  1457,
  2187,
  2190,
  0,
  2914,
  2660,
  1781,
  2180,
  1657,
  1190,
  1896,
  915,
  2080,
  2056,
  1372,
  868,
  2930,
  3884,
  4887,
  4219,
  4137,
  4081,
  3254,
  2915,
  3089,
  3837,
  3448,
  3293,
  3989,
  4288,
  3275,
  2941,
  1138,
  3632,
  3651,
  2524,
  756,
  986,
  636,
  961,
  1295,
  2054,
  2241,
  2545,
  2860,
  4421,
  3223,
  3118,
  1859,
  1878,
  3134,
  3768,
  1374,
  2465,
  3848,
  1700,
  2591,
  4198,
  4020,
  1084,
  2906,
  2540,
  2726,
  2548,
  2661],
 [1635,
  4516,
  4786,
  2030,
  3060,
  3781,
  3740,
  3058,
  3738,
  2899,
  4012,
  3113,
  0,
  610,
  3740,
  4222,
  1423,
  1897,
  3726,
  2910,
  2783,
  2759,
  3770,
  2568,
  3637,
  5080,
  5447,
  4772,
  5333,
  2614,
  2602,
  2263,
  3120,
  3112,
  3479,
  3324,
  3337,
  3636,
  1389,
  2289,
  3419,
  2980,
  2357,
  4346,
  3290,
  2981,
  2405,
  2148,
  3290,
  2772,
  991,
  1295,
  1610,
  4663,
  2571,
  3149,
  2499,
  2384,
  3687,
  4321,
  2081,
  4295,
  3196,
  3981,
  3144,
  4580,
  3368,
  2224,
  2937,
  2653,
  4556,
  4378,
  4491],
 [1025,
  3906,
  4176,
  1420,
  2450,
  3171,
  3130,
  2448,
  3128,
  2289,
  3402,
  2503,
  623,
  0,
  3130,
  3612,
  813,
  1287,
  3116,
  2300,
  1706,
  1682,
  3160,
  1958,
  3027,
  4617,
  4984,
  4316,
  4870,
  2573,
  1992,
  1653,
  2510,
  2502,
  2869,
  2714,
  2727,
  3026,
  1415,
  1679,
  2809,
  2370,
  1747,
  3736,
  2680,
  2371,
  1795,
  1538,
  2680,
  2162,
  381,
  685,
  1000,
  4207,
  1961,
  2539,
  1422,
  1774,
  3231,
  3865,
  1471,
  3685,
  2586,
  3371,
  2688,
  4124,
  2758,
  1614,
  2327,
  2043,
  3946,
  3768,
  3881],
 [2593,
  913,
  1183,
  2216,
  1493,
  945,
  562,
  1300,
  1562,
  1346,
  409,
  1587,
  3658,
  3404,
  0,
  399,
  2401,
  2151,
  571,
  1083,
  2920,
  2896,
  515,
  1325,
  3770,
  4231,
  6222,
  4648,
  4484,
  4921,
  2831,
  2492,
  2248,
  2996,
  2607,
  2452,
  3326,
  3625,
  3293,
  2518,
  757,
  2969,
  3228,
  743,
  1114,
  1174,
  1597,
  1922,
  1096,
  1721,
  3107,
  2795,
  2577,
  4768,
  2800,
  2277,
  2699,
  1758,
  3974,
  4608,
  2214,
  692,
  3185,
  1805,
  3431,
  4545,
  3357,
  1541,
  2065,
  1699,
  953,
  775,
  888],
 [2708,
  784,
  577,
  2087,
  1364,
  816,
  854,
  2110,
  1854,
  1217,
  280,
  1879,
  3773,
  3519,
  493,
  0,
  2516,
  2492,
  442,
  1424,
  3035,
  3011,
  807,
  1666,
  3885,
  4281,
  5842,
  4698,
  4534,
  5036,
  2702,
  2363,
  2119,
  2867,
  2478,
  2323,
  3197,
  3496,
  3164,
  2389,
  1049,
  2840,
  3099,
  614,
  1406,
  1515,
  1938,
  2263,
  967,
  1805,
  2978,
  2666,
  2448,
  4818,
  2671,
  2148,
  2814,
  1629,
  4089,
  4723,
  2329,
  573,
  3056,
  2097,
  3546,
  4595,
  3228,
  1882,
  1936,
  1570,
  824,
  656,
  759],
 [416,
  3093,
  3363,
  1168,
  1637,
  2358,
  2317,
  1635,
  2315,
  1476,
  2589,
  1690,
  1481,
  1227,
  2317,
  2799,
  0,
  474,
  2303,
  1487,
  1364,
  1340,
  2347,
  1145,
  2214,
  3804,
  4229,
  3503,
  4057,
  3365,
  1783,
  1444,
  1697,
  2293,
  2056,
  1901,
  2518,
  2817,
  1842,
  1470,
  1996,
  2161,
  2180,
  2923,
  1867,
  1558,
  982,
  725,
  1867,
  1349,
  808,
  1112,
  1529,
  3394,
  1752,
  1726,
  1143,
  961,
  2418,
  3052,
  658,
  2872,
  2377,
  2558,
  1875,
  3311,
  2549,
  801,
  1514,
  1230,
  3133,
  2955,
  3068],
 [659,
  2691,
  2961,
  1449,
  1279,
  2000,
  1959,
  1277,
  1957,
  1486,
  2187,
  1332,
  1724,
  1470,
  1959,
  2397,
  467,
  0,
  1901,
  1129,
  1006,
  982,
  1989,
  787,
  1856,
  3504,
  3871,
  3145,
  3757,
  3007,
  2064,
  1725,
  1978,
  2574,
  2337,
  2182,
  2799,
  3098,
  2085,
  1751,
  1638,
  2442,
  2461,
  2521,
  1509,
  1200,
  624,
  367,
  1509,
  991,
  1051,
  1355,
  1670,
  3036,
  2033,
  2007,
  785,
  603,
  2060,
  2694,
  300,
  2470,
  2658,
  2200,
  1517,
  2953,
  2830,
  443,
  1795,
  1839,
  2731,
  2553,
  2666],
 [2266,
  1125,
  1395,
  1645,
  922,
  374,
  1338,
  1668,
  2348,
  775,
  621,
  1723,
  3331,
  3077,
  1261,
  831,
  2074,
  2050,
  0,
  982,
  2593,
  2569,
  1291,
  1224,
  3443,
  4443,
  5458,
  4732,
  4696,
  4594,
  2260,
  1921,
  1677,
  2425,
  2036,
  1881,
  2755,
  3054,
  2722,
  1947,
  1533,
  2398,
  2657,
  955,
  1890,
  1073,
  1496,
  1821,
  525,
  1363,
  2536,
  2224,
  2006,
  4623,
  2229,
  1706,
  2372,
  1187,
  3647,
  4281,
  1887,
  904,
  2614,
  2591,
  3104,
  4540,
  2786,
  1440,
  1494,
  1128,
  1165,
  987,
  1100],
 [1510,
  2060,
  2330,
  2807,
  1730,
  1160,
  1368,
  686,
  1366,
  1937,
  1528,
  741,
  2575,
  2321,
  1119,
  1518,
  1318,
  1068,
  1270,
  0,
  1837,
  1813,
  1149,
  242,
  2687,
  3793,
  4702,
  3976,
  4046,
  3838,
  3422,
  3083,
  2839,
  3587,
  3198,
  3043,
  3917,
  4216,
  2936,
  3109,
  1047,
  3560,
  3819,
  1862,
  918,
  360,
  514,
  839,
  669,
  1442,
  1902,
  2206,
  2521,
  4330,
  3391,
  2868,
  1616,
  1054,
  2891,
  3525,
  1131,
  1839,
  3776,
  1609,
  2348,
  3784,
  3948,
  458,
  2656,
  2290,
  2100,
  1922,
  2035],
 [963,
  3710,
  3980,
  1753,
  1958,
  2810,
  2554,
  1872,
  2552,
  2165,
  3178,
  1927,
  2028,
  1774,
  2769,
  3168,
  771,
  679,
  2920,
  1939,
  0,
  295,
  2799,
  1466,
  2135,
  3783,
  4150,
  2047,
  2243,
  2002,
  2368,
  2029,
  2282,
  2878,
  2641,
  2486,
  3103,
  3402,
  2389,
  2055,
  2233,
  2746,
  2765,
  3512,
  2104,
  2010,
  1219,
  962,
  2319,
  1670,
  1355,
  1659,
  1974,
  1938,
  2337,
  2311,
  78,
  1282,
  2339,
  2973,
  455,
  3489,
  2962,
  2795,
  1796,
  2138,
  3134,
  1122,
  2099,
  2518,
  3750,
  3572,
  3685],
 [987,
  3734,
  4004,
  1777,
  1982,
  2834,
  2578,
  1896,
  2576,
  2189,
  3202,
  1951,
  2052,
  1798,
  2793,
  3192,
  795,
  703,
  2944,
  1963,
  24,
  0,
  2823,
  1490,
  2159,
  3807,
  4174,
  2071,
  2267,
  2026,
  2392,
  2053,
  2306,
  2902,
  2665,
  2510,
  3127,
  3426,
  2413,
  2079,
  2257,
  2770,
  2789,
  3536,
  2128,
  2034,
  1243,
  986,
  2343,
  1694,
  1379,
  1683,
  1998,
  1962,
  2361,
  2335,
  102,
  1306,
  2363,
  2997,
  479,
  3513,
  2986,
  2819,
  1820,
  2162,
  3158,
  1146,
  2123,
  2542,
  3774,
  3596,
  3709],
 [2398,
  1471,
  1741,
  2774,
  2051,
  1503,
  236,
  785,
  1047,
  1904,
  967,
  1072,
  3463,
  3209,
  558,
  957,
  2206,
  1739,
  1129,
  633,
  2629,
  2605,
  0,
  875,
  3479,
  3474,
  5465,
  3891,
  3727,
  4630,
  3389,
  3050,
  2806,
  3554,
  3165,
  3010,
  3884,
  4183,
  3824,
  3076,
  242,
  3527,
  3786,
  1301,
  599,
  724,
  1185,
  1510,
  996,
  1755,
  2790,
  3094,
  3135,
  4011,
  3358,
  2835,
  2408,
  1579,
  3683,
  4317,
  1923,
  1250,
  3743,
  1290,
  3140,
  3788,
  3915,
  1091,
  2623,
  2257,
  1511,
  1333,
  1446],
 [1473,
  2113,
  2383,
  2484,
  1761,
  1213,
  910,
  757,
  1437,
  1614,
  1581,
  812,
  2538,
  2284,
  1172,
  1571,
  1281,
  1139,
  1323,
  342,
  2029,
  2005,
  1202,
  0,
  2879,
  3864,
  4894,
  4168,
  4117,
  4030,
  3099,
  2760,
  2516,
  3264,
  2875,
  2720,
  3594,
  3893,
  2899,
  2786,
  1444,
  3237,
  3496,
  1915,
  989,
  413,
  585,
  910,
  722,
  1481,
  1865,
  2169,
  2845,
  4401,
  3068,
  2545,
  1808,
  1305,
  3083,
  3717,
  1323,
  1892,
  3453,
  1680,
  2540,
  3976,
  3625,
  421,
  2333,
  1967,
  2153,
  1975,
  2088],
 [3496,
  5868,
  6138,
  4286,
  4116,
  4968,
  4712,
  4030,
  4710,
  4323,
  5336,
  4085,
  2419,
  2471,
  4927,
  5326,
  3304,
  2837,
  5078,
  4097,
  2288,
  2264,
  4957,
  3624,
  0,
  3668,
  4035,
  3309,
  3921,
  1151,
  4901,
  4562,
  4815,
  5411,
  5174,
  5019,
  5636,
  5935,
  4922,
  4588,
  4391,
  5279,
  5298,
  5670,
  4262,
  4168,
  3377,
  3120,
  4477,
  3828,
  3888,
  4192,
  4507,
  3200,
  4870,
  4844,
  2067,
  3440,
  2224,
  2858,
  2737,
  5647,
  5495,
  4953,
  1681,
  3117,
  5667,
  3280,
  4632,
  4676,
  5908,
  5730,
  5843],
 [4081,
  3355,
  3625,
  5933,
  5210,
  4662,
  3596,
  3312,
  3330,
  5063,
  4126,
  3599,
  4945,
  4997,
  3918,
  3846,
  3889,
  3422,
  4288,
  3991,
  2652,
  2628,
  3509,
  3944,
  2533,
  0,
  2034,
  417,
  253,
  3677,
  6548,
  6209,
  5965,
  6713,
  6324,
  6169,
  7043,
  7342,
  5507,
  6235,
  3275,
  6686,
  6945,
  4460,
  3126,
  4062,
  3712,
  4037,
  4371,
  5130,
  4473,
  4777,
  5092,
  537,
  6517,
  5994,
  2431,
  4954,
  1481,
  655,
  3322,
  3941,
  6902,
  2413,
  1989,
  368,
  7074,
  4160,
  5782,
  5416,
  3553,
  4024,
  3650],
 [3983,
  6355,
  6625,
  4773,
  4603,
  5455,
  5199,
  4517,
  5197,
  4810,
  5823,
  4572,
  2906,
  2958,
  5414,
  5813,
  3791,
  3324,
  5565,
  4584,
  2775,
  2751,
  5444,
  4111,
  487,
  4155,
  0,
  3796,
  4408,
  1638,
  5388,
  5049,
  5302,
  5898,
  5661,
  5506,
  6123,
  6422,
  5409,
  5075,
  4878,
  5766,
  5785,
  6157,
  4749,
  4655,
  3864,
  3607,
  4964,
  4315,
  4375,
  4679,
  4994,
  3687,
  5357,
  5331,
  2554,
  3927,
  2711,
  3345,
  3224,
  6134,
  5982,
  5440,
  2168,
  3604,
  6154,
  3767,
  5119,
  5163,
  6395,
  6217,
  6330],
 [3774,
  3779,
  4049,
  4564,
  4394,
  5086,
  4020,
  3736,
  3754,
  4601,
  4550,
  4023,
  5369,
  4585,
  4342,
  4270,
  3582,
  3115,
  4712,
  4415,
  2345,
  2321,
  3933,
  3902,
  2957,
  424,
  2458,
  0,
  333,
  4101,
  5179,
  4840,
  5093,
  5689,
  5452,
  5297,
  5914,
  6213,
  5200,
  4866,
  3699,
  5557,
  5576,
  4884,
  3550,
  4486,
  3655,
  3398,
  4795,
  4106,
  4166,
  4470,
  4785,
  230,
  5148,
  5122,
  2124,
  3718,
  1440,
  614,
  3015,
  4365,
  5773,
  2837,
  1682,
  344,
  5945,
  3558,
  4910,
  4954,
  3977,
  4448,
  4074],
 [3828,
  3745,
  4015,
  4618,
  4448,
  5052,
  3986,
  3702,
  3720,
  4655,
  4516,
  3989,
  5335,
  4639,
  4308,
  4236,
  3636,
  3169,
  4678,
  4429,
  2399,
  2375,
  3899,
  3956,
  2923,
  390,
  2424,
  164,
  0,
  4067,
  5233,
  4894,
  5147,
  5743,
  5506,
  5351,
  5968,
  6267,
  5254,
  4920,
  3665,
  5611,
  5630,
  4850,
  3516,
  4500,
  3709,
  3452,
  4809,
  4160,
  4220,
  4524,
  4839,
  284,
  5202,
  5176,
  2178,
  3772,
  1494,
  668,
  3069,
  4331,
  5827,
  2803,
  1736,
  398,
  5999,
  3612,
  4964,
  5008,
  3943,
  4414,
  4040],
 [2745,
  5117,
  5387,
  3535,
  3365,
  4217,
  3961,
  3279,
  3959,
  3572,
  4585,
  3334,
  2455,
  2507,
  4176,
  4575,
  2553,
  2086,
  4327,
  3346,
  2692,
  2668,
  4206,
  2873,
  2386,
  2917,
  3233,
  2558,
  3119,
  0,
  4150,
  3811,
  4064,
  4660,
  4423,
  4268,
  4885,
  5184,
  4171,
  3837,
  3640,
  4528,
  4547,
  4919,
  3511,
  3417,
  2626,
  2369,
  3726,
  3077,
  3137,
  3441,
  3756,
  2449,
  4119,
  4093,
  2471,
  2689,
  1473,
  2107,
  1986,
  4896,
  4744,
  4202,
  930,
  2366,
  4916,
  2529,
  3881,
  3925,
  5157,
  4979,
  5092],
 [1976,
  3199,
  3469,
  716,
  2199,
  2321,
  3311,
  3195,
  3875,
  1582,
  2695,
  3250,
  2457,
  2203,
  2950,
  2905,
  1784,
  2034,
  2409,
  2929,
  2924,
  2900,
  3264,
  2705,
  3774,
  5364,
  5731,
  5063,
  5617,
  4925,
  0,
  687,
  897,
  661,
  1256,
  534,
  886,
  1185,
  1413,
  713,
  3506,
  529,
  951,
  3029,
  3427,
  3020,
  2542,
  2285,
  2472,
  2640,
  1607,
  1295,
  1077,
  4954,
  158,
  926,
  2703,
  2464,
  3978,
  4612,
  2218,
  2978,
  745,
  4118,
  3435,
  4871,
  917,
  2361,
  833,
  1281,
  3239,
  3061,
  3174],
 [1793,
  3016,
  3286,
  533,
  2016,
  2138,
  3128,
  3012,
  3692,
  1399,
  2512,
  3067,
  2274,
  2020,
  2767,
  2722,
  1601,
  1851,
  2226,
  2746,
  2741,
  2717,
  3081,
  2522,
  3591,
  5181,
  5548,
  4880,
  5434,
  4742,
  339,
  0,
  1085,
  849,
  1238,
  722,
  1074,
  1373,
  1563,
  26,
  3323,
  717,
  736,
  2846,
  3244,
  2837,
  2359,
  2102,
  2289,
  2457,
  1424,
  1112,
  894,
  4771,
  308,
  1114,
  2520,
  2281,
  3795,
  4429,
  2035,
  2795,
  933,
  3935,
  3252,
  4688,
  1105,
  2178,
  793,
  1469,
  3056,
  2878,
  2991],
 [2053,
  2747,
  3017,
  1373,
  1747,
  1869,
  2859,
  3163,
  3859,
  1130,
  2243,
  3218,
  3118,
  2864,
  2498,
  2453,
  1861,
  2111,
  1957,
  2477,
  3001,
  2977,
  2812,
  2799,
  3851,
  5441,
  5808,
  5140,
  5694,
  5002,
  1134,
  1649,
  0,
  748,
  359,
  772,
  1267,
  1489,
  2358,
  1675,
  3054,
  910,
  1577,
  2577,
  3411,
  2568,
  2619,
  2596,
  2020,
  2188,
  2264,
  1952,
  1734,
  5031,
  1103,
  29,
  2780,
  2012,
  4055,
  4689,
  2295,
  2526,
  1126,
  4086,
  3512,
  4948,
  1298,
  2455,
  351,
  856,
  2787,
  2609,
  2722],
 [2724,
  3418,
  3688,
  1252,
  2418,
  2540,
  3530,
  3834,
  4530,
  1801,
  2914,
  3889,
  2993,
  2739,
  3169,
  3124,
  2532,
  2782,
  2628,
  3148,
  3672,
  3648,
  3483,
  3470,
  4522,
  6112,
  6479,
  5811,
  6365,
  5673,
  725,
  1223,
  880,
  0,
  389,
  821,
  780,
  1079,
  1949,
  1249,
  3725,
  423,
  1147,
  3248,
  4082,
  3239,
  3290,
  3267,
  2691,
  2859,
  2143,
  1831,
  1613,
  5702,
  694,
  750,
  3451,
  2683,
  4726,
  5360,
  2966,
  3197,
  639,
  4757,
  4183,
  5619,
  811,
  3126,
  1022,
  1527,
  3458,
  3280,
  3393],
 [2335,
  3029,
  3299,
  1655,
  2029,
  2151,
  3141,
  3445,
  4141,
  1412,
  2525,
  3500,
  3400,
  3146,
  2780,
  2735,
  2143,
  2393,
  2239,
  2759,
  3283,
  3259,
  3094,
  3081,
  4133,
  5723,
  6090,
  5422,
  5976,
  5284,
  1114,
  1931,
  491,
  389,
  0,
  1020,
  1169,
  1352,
  2338,
  1957,
  3336,
  812,
  1536,
  2859,
  3693,
  2850,
  2901,
  2878,
  2302,
  2470,
  2546,
  2234,
  2016,
  5313,
  1083,
  361,
  3062,
  2294,
  4337,
  4971,
  2577,
  2808,
  1028,
  4368,
  3794,
  5230,
  1200,
  2737,
  633,
  1138,
  3069,
  2891,
  3004],
 [2149,
  2935,
  3205,
  889,
  1935,
  2057,
  3047,
  3368,
  4048,
  1318,
  2431,
  3423,
  2630,
  2376,
  2686,
  2641,
  1957,
  2207,
  2145,
  2665,
  3097,
  3073,
  3000,
  2987,
  3947,
  5537,
  5904,
  5236,
  5790,
  5098,
  362,
  860,
  660,
  645,
  1019,
  0,
  870,
  1169,
  1586,
  886,
  3242,
  513,
  759,
  2765,
  3599,
  2756,
  2715,
  2458,
  2208,
  2376,
  1780,
  1468,
  1250,
  5127,
  331,
  689,
  2876,
  2200,
  4151,
  4785,
  2391,
  2714,
  729,
  4291,
  3608,
  5044,
  901,
  2643,
  596,
  1044,
  2975,
  2797,
  2910],
 [3300,
  3994,
  4264,
  1658,
  2994,
  3116,
  4106,
  4410,
  5106,
  2377,
  3490,
  4465,
  3399,
  3145,
  3745,
  3700,
  3108,
  3358,
  3204,
  3724,
  4248,
  4224,
  4059,
  4046,
  5098,
  6688,
  7055,
  6387,
  6941,
  6249,
  1131,
  1629,
  1456,
  1009,
  1199,
  1227,
  0,
  299,
  2434,
  1655,
  4301,
  829,
  1559,
  3824,
  4658,
  3815,
  3866,
  3843,
  3267,
  3435,
  2549,
  2237,
  2019,
  6278,
  1100,
  1326,
  4027,
  3259,
  5302,
  5936,
  3542,
  3773,
  427,
  5333,
  4759,
  6195,
  579,
  3702,
  1598,
  2103,
  4034,
  3856,
  3969],
 [3266,
  4213,
  4483,
  2006,
  3213,
  3335,
  4325,
  4629,
  5325,
  2596,
  3709,
  4684,
  3747,
  3493,
  3964,
  3919,
  3074,
  3324,
  3423,
  3943,
  4214,
  4190,
  4278,
  4265,
  5064,
  6654,
  7021,
  6353,
  6907,
  6215,
  1594,
  1977,
  1938,
  1252,
  1547,
  1575,
  569,
  0,
  2135,
  2003,
  4520,
  1177,
  1260,
  4043,
  4877,
  4034,
  3832,
  3575,
  3486,
  3654,
  2897,
  2585,
  2040,
  6244,
  1448,
  1674,
  3993,
  3478,
  5268,
  5902,
  3508,
  3992,
  775,
  5552,
  4725,
  6161,
  927,
  3921,
  1946,
  2322,
  4253,
  4075,
  4188],
 [2112,
  3335,
  3605,
  843,
  2335,
  2457,
  3447,
  3331,
  4011,
  1718,
  2831,
  3386,
  1827,
  1573,
  3086,
  3041,
  1564,
  2170,
  2545,
  3065,
  3060,
  3036,
  3400,
  2841,
  3910,
  5500,
  5867,
  5199,
  5753,
  3777,
  1184,
  1076,
  1939,
  1925,
  2298,
  1798,
  2150,
  2449,
  0,
  1102,
  3642,
  1451,
  850,
  3165,
  3563,
  3156,
  2678,
  2421,
  2608,
  2776,
  977,
  665,
  423,
  5090,
  1384,
  1968,
  2173,
  2600,
  4114,
  4748,
  2354,
  3114,
  2009,
  4254,
  3571,
  5007,
  2181,
  2497,
  1756,
  1472,
  3375,
  3197,
  3310],
 [1767,
  2990,
  3260,
  507,
  1990,
  2112,
  3102,
  2986,
  3666,
  1373,
  2486,
  3041,
  2248,
  1994,
  2741,
  2696,
  1575,
  1825,
  2200,
  2720,
  2715,
  2691,
  3055,
  2496,
  3565,
  5155,
  5522,
  4854,
  5408,
  4716,
  313,
  478,
  1059,
  823,
  1212,
  696,
  1048,
  1347,
  1537,
  0,
  3297,
  691,
  710,
  2820,
  3218,
  2811,
  2333,
  2076,
  2263,
  2431,
  1398,
  1086,
  868,
  4745,
  282,
  1088,
  2494,
  2255,
  3769,
  4403,
  2009,
  2769,
  907,
  3909,
  3226,
  4662,
  1079,
  2152,
  767,
  1443,
  3030,
  2852,
  2965],
 [2156,
  1681,
  1951,
  2984,
  2261,
  1713,
  446,
  543,
  805,
  2114,
  1177,
  830,
  3221,
  2967,
  768,
  1167,
  1964,
  1497,
  1339,
  782,
  2387,
  2363,
  359,
  1175,
  3237,
  3232,
  5223,
  3649,
  3485,
  4388,
  3599,
  3260,
  3016,
  3764,
  3375,
  3220,
  4094,
  4393,
  3582,
  3286,
  0,
  3737,
  3996,
  1511,
  357,
  1293,
  943,
  1268,
  1206,
  1965,
  2548,
  2852,
  3167,
  3769,
  3568,
  3045,
  2166,
  1789,
  3441,
  4075,
  1681,
  1460,
  3953,
  1048,
  2898,
  3546,
  4125,
  1391,
  2833,
  2467,
  1721,
  1543,
  1656],
 [2436,
  3383,
  3653,
  1176,
  2383,
  2505,
  3495,
  3799,
  4495,
  1766,
  2879,
  3854,
  2917,
  2663,
  3134,
  3089,
  2244,
  2494,
  2593,
  3113,
  3384,
  3360,
  3448,
  3435,
  4234,
  5824,
  6191,
  5523,
  6077,
  5385,
  721,
  1147,
  1108,
  422,
  811,
  745,
  647,
  946,
  1569,
  1173,
  3690,
  0,
  732,
  3213,
  4047,
  3204,
  3002,
  2745,
  2656,
  2824,
  2067,
  1755,
  1537,
  5414,
  618,
  932,
  3163,
  2648,
  4438,
  5072,
  2678,
  3162,
  506,
  4722,
  3895,
  5331,
  678,
  3091,
  1044,
  1492,
  3423,
  3245,
  3358],
 [2310,
  3533,
  3803,
  1050,
  2533,
  2655,
  3645,
  3529,
  4209,
  1916,
  3029,
  3584,
  2791,
  2537,
  3284,
  3239,
  2118,
  2368,
  2743,
  3263,
  3258,
  3234,
  3598,
  3039,
  4108,
  5698,
  6065,
  5397,
  5951,
  5259,
  334,
  1021,
  1231,
  1005,
  1394,
  868,
  1230,
  1529,
  1182,
  1047,
  3840,
  601,
  0,
  3363,
  3761,
  3354,
  2876,
  2619,
  2806,
  2974,
  1941,
  1629,
  1411,
  5288,
  323,
  1260,
  3037,
  2798,
  4312,
  4946,
  2552,
  3312,
  1089,
  4452,
  3769,
  5205,
  1261,
  2695,
  1167,
  1615,
  3573,
  3395,
  3508],
 [3218,
  804,
  1074,
  2597,
  1874,
  1326,
  1364,
  2620,
  2364,
  1727,
  468,
  2389,
  4283,
  4029,
  1003,
  510,
  3026,
  3002,
  952,
  1934,
  3545,
  3521,
  1317,
  2176,
  4395,
  4122,
  6113,
  4539,
  4375,
  5546,
  3212,
  2873,
  2629,
  3377,
  2988,
  2833,
  3707,
  4006,
  3674,
  2899,
  1559,
  3350,
  3609,
  0,
  1916,
  2025,
  2448,
  2773,
  1477,
  2315,
  3488,
  3176,
  2958,
  4659,
  3181,
  2658,
  3324,
  2139,
  4599,
  4723,
  2839,
  147,
  3566,
  2784,
  4056,
  4436,
  3738,
  2392,
  2446,
  2080,
  534,
  278,
  437],
 [1799,
  2103,
  2373,
  2589,
  2284,
  1736,
  868,
  186,
  881,
  2137,
  1599,
  473,
  2864,
  2610,
  1190,
  1589,
  1607,
  1140,
  1846,
  865,
  2030,
  2006,
  781,
  818,
  2880,
  3293,
  4837,
  4169,
  3546,
  4031,
  3204,
  2865,
  3039,
  3787,
  3398,
  3243,
  3939,
  4238,
  3225,
  2891,
  547,
  3582,
  3601,
  1933,
  0,
  936,
  586,
  911,
  1245,
  2004,
  2191,
  2495,
  2810,
  3830,
  3173,
  3068,
  1809,
  1828,
  3084,
  3718,
  1324,
  1882,
  3798,
  1109,
  2541,
  3607,
  3970,
  1034,
  2856,
  2490,
  2143,
  1965,
  2078],
 [1990,
  1700,
  1970,
  2071,
  1348,
  800,
  836,
  1166,
  1846,
  1201,
  1168,
  1221,
  3055,
  2801,
  759,
  1158,
  1798,
  1548,
  910,
  480,
  2317,
  2293,
  789,
  722,
  3167,
  4273,
  5124,
  4456,
  4526,
  4318,
  2686,
  2347,
  2103,
  2851,
  2462,
  2307,
  3181,
  3480,
  3148,
  2373,
  1031,
  2824,
  3083,
  1502,
  1388,
  0,
  994,
  1319,
  309,
  1068,
  2382,
  2686,
  2432,
  4810,
  2655,
  2132,
  2096,
  892,
  3371,
  4005,
  1611,
  1479,
  3040,
  2089,
  2828,
  4264,
  3212,
  938,
  1920,
  1554,
  1740,
  1562,
  1675],
 [1233,
  2491,
  2761,
  2023,
  2139,
  1591,
  1335,
  653,
  1333,
  1992,
  1959,
  708,
  2298,
  2044,
  1550,
  1949,
  1041,
  574,
  1701,
  720,
  1464,
  1440,
  1580,
  673,
  2314,
  3760,
  4271,
  3603,
  4013,
  3465,
  2638,
  2299,
  2552,
  3148,
  2911,
  2756,
  3373,
  3672,
  2659,
  2325,
  1014,
  3016,
  3035,
  2293,
  885,
  791,
  0,
  345,
  1100,
  1565,
  1625,
  1929,
  2244,
  3494,
  2607,
  2581,
  1243,
  1177,
  2518,
  3152,
  758,
  2270,
  3232,
  1576,
  1975,
  3411,
  3404,
  889,
  2369,
  2345,
  2531,
  2353,
  2466],
 [888,
  2920,
  3190,
  1678,
  1508,
  2229,
  2104,
  1422,
  2102,
  1715,
  2416,
  1477,
  1953,
  1699,
  2188,
  2626,
  696,
  229,
  2130,
  1358,
  1119,
  1095,
  2218,
  1016,
  1969,
  3559,
  3926,
  3258,
  3812,
  3120,
  2293,
  1954,
  2207,
  2803,
  2566,
  2411,
  3028,
  3327,
  2314,
  1980,
  1783,
  2671,
  2690,
  2750,
  1654,
  1429,
  769,
  0,
  1738,
  1220,
  1280,
  1584,
  1899,
  3149,
  2262,
  2236,
  898,
  832,
  2173,
  2807,
  413,
  2699,
  2887,
  2345,
  1630,
  3066,
  3059,
  672,
  2024,
  2068,
  2960,
  2782,
  2895],
 [1967,
  1727,
  1997,
  2098,
  1375,
  827,
  813,
  1143,
  1823,
  1228,
  1145,
  1198,
  3032,
  2778,
  736,
  1135,
  1775,
  1525,
  937,
  457,
  2294,
  2270,
  766,
  699,
  3144,
  4250,
  5101,
  4433,
  4503,
  4295,
  2713,
  2374,
  2130,
  2878,
  2489,
  2334,
  3208,
  3507,
  3393,
  2400,
  1008,
  2851,
  3110,
  1479,
  1365,
  548,
  971,
  1296,
  0,
  1095,
  2359,
  2663,
  2459,
  4787,
  2682,
  2159,
  2073,
  919,
  3348,
  3982,
  1588,
  1506,
  3067,
  2066,
  2805,
  4241,
  3239,
  915,
  1947,
  1581,
  1767,
  1589,
  1702],
 [1632,
  1700,
  1970,
  1365,
  288,
  822,
  1812,
  2047,
  2727,
  495,
  1196,
  2102,
  2697,
  2443,
  1681,
  1406,
  1440,
  1069,
  910,
  1402,
  1959,
  1935,
  1765,
  1340,
  2809,
  4399,
  4766,
  4098,
  4652,
  3960,
  1980,
  1641,
  1397,
  2145,
  1756,
  1601,
  2475,
  2774,
  2442,
  1667,
  2007,
  2118,
  2377,
  1530,
  2364,
  1753,
  1394,
  1137,
  973,
  0,
  2256,
  1944,
  1726,
  3989,
  1949,
  1426,
  1738,
  553,
  3013,
  3647,
  1253,
  1479,
  2334,
  2970,
  2470,
  3906,
  2506,
  996,
  1214,
  848,
  1740,
  1562,
  1675],
 [799,
  3680,
  3950,
  1755,
  2224,
  2945,
  2904,
  2222,
  2902,
  2063,
  3176,
  2277,
  850,
  596,
  2904,
  3386,
  587,
  1061,
  2890,
  2074,
  1480,
  1456,
  2934,
  1732,
  2801,
  4391,
  4758,
  4090,
  4644,
  2800,
  1955,
  1616,
  2284,
  2465,
  2643,
  2488,
  2690,
  2989,
  1378,
  1642,
  2583,
  2333,
  1710,
  3510,
  2454,
  2145,
  1569,
  1312,
  2454,
  1936,
  0,
  648,
  963,
  3981,
  1924,
  2313,
  1196,
  1548,
  3005,
  3639,
  1245,
  3459,
  2549,
  3145,
  2462,
  3898,
  2721,
  1388,
  2101,
  1817,
  3720,
  3542,
  3655],
 [1197,
  3227,
  3497,
  735,
  2227,
  2349,
  3302,
  2620,
  3300,
  1610,
  2723,
  2675,
  1248,
  994,
  2978,
  2933,
  985,
  1459,
  2437,
  2957,
  1878,
  1854,
  3292,
  2130,
  3199,
  4789,
  5156,
  4488,
  5042,
  3198,
  1307,
  968,
  1831,
  1817,
  2190,
  1690,
  2042,
  2341,
  730,
  994,
  3534,
  1685,
  1062,
  3057,
  2852,
  2543,
  1967,
  1710,
  2500,
  2334,
  398,
  0,
  315,
  4379,
  1276,
  1860,
  1594,
  2492,
  3403,
  4037,
  1643,
  3006,
  1901,
  3543,
  2860,
  4296,
  2073,
  1786,
  1648,
  1364,
  3267,
  3089,
  3202],
 [1689,
  2912,
  3182,
  420,
  1912,
  2034,
  3024,
  2908,
  3588,
  1295,
  2408,
  2963,
  1853,
  1599,
  2663,
  2618,
  1497,
  1747,
  2122,
  2642,
  2637,
  2613,
  2977,
  2418,
  3487,
  5077,
  5444,
  4776,
  5330,
  3803,
  992,
  653,
  1516,
  1502,
  1875,
  1375,
  1727,
  2026,
  1189,
  679,
  3219,
  1370,
  1389,
  2742,
  3140,
  2733,
  2255,
  1998,
  2185,
  2353,
  1003,
  691,
  0,
  4667,
  961,
  1545,
  2416,
  2177,
  3691,
  4325,
  1931,
  2691,
  1586,
  3831,
  3148,
  4584,
  1758,
  2074,
  1333,
  1049,
  2952,
  2774,
  2887],
 [3544,
  4015,
  4285,
  4334,
  4164,
  5016,
  4760,
  4078,
  3990,
  4371,
  4786,
  4133,
  5236,
  5288,
  4975,
  4506,
  3352,
  2885,
  4948,
  4145,
  2115,
  2091,
  5005,
  3672,
  2824,
  660,
  2325,
  236,
  432,
  3968,
  4949,
  4610,
  4863,
  5459,
  5222,
  5067,
  5684,
  5983,
  4970,
  4636,
  4439,
  5327,
  5346,
  5120,
  3786,
  4216,
  3425,
  3168,
  4525,
  3876,
  3936,
  4240,
  4555,
  0,
  4918,
  4892,
  1894,
  3488,
  1210,
  384,
  2785,
  4601,
  5543,
  3073,
  1452,
  515,
  5715,
  3328,
  4680,
  4724,
  4213,
  4684,
  4310],
 [2093,
  3316,
  3586,
  833,
  2316,
  2438,
  3428,
  3312,
  3992,
  1699,
  2812,
  3367,
  2574,
  2320,
  3067,
  3022,
  1901,
  2151,
  2526,
  3046,
  3041,
  3017,
  3381,
  2822,
  3891,
  5481,
  5848,
  5180,
  5734,
  5042,
  117,
  804,
  1014,
  1096,
  1485,
  651,
  1321,
  1620,
  1255,
  830,
  3623,
  692,
  428,
  3146,
  3544,
  3137,
  2659,
  2402,
  2589,
  2757,
  1724,
  1412,
  1160,
  5071,
  0,
  1043,
  2820,
  2581,
  4095,
  4729,
  2335,
  3095,
  1180,
  4235,
  3552,
  4988,
  1352,
  2478,
  950,
  1398,
  3356,
  3178,
  3291],
 [1984,
  2678,
  2948,
  1304,
  1678,
  1800,
  2790,
  3094,
  3790,
  1061,
  2174,
  3149,
  3049,
  2795,
  2429,
  2384,
  1792,
  2042,
  1888,
  2408,
  2932,
  2908,
  2743,
  2730,
  3782,
  5372,
  5739,
  5071,
  5625,
  4933,
  1031,
  1580,
  140,
  749,
  360,
  669,
  1268,
  1490,
  2255,
  1606,
  2985,
  911,
  1428,
  2508,
  3342,
  2499,
  2550,
  2527,
  1951,
  2119,
  2195,
  1883,
  1665,
  4962,
  1000,
  0,
  2711,
  1943,
  3986,
  4728,
  2226,
  2457,
  1127,
  4017,
  3443,
  4987,
  1299,
  2386,
  282,
  787,
  2718,
  2540,
  2653],
 [885,
  3667,
  3937,
  1675,
  1915,
  2767,
  2511,
  1829,
  2509,
  2122,
  3135,
  1884,
  1950,
  1696,
  2726,
  3125,
  693,
  636,
  2877,
  1896,
  492,
  468,
  2756,
  1423,
  2092,
  3682,
  4049,
  2364,
  3935,
  3243,
  2290,
  1951,
  2204,
  2800,
  2563,
  2408,
  3025,
  3324,
  2311,
  1977,
  2190,
  2668,
  2687,
  3469,
  2061,
  1967,
  1176,
  919,
  2276,
  1627,
  1277,
  1581,
  1896,
  2255,
  2259,
  2233,
  0,
  1239,
  2296,
  3038,
  412,
  3446,
  2884,
  2752,
  1753,
  3297,
  3056,
  1079,
  2021,
  2475,
  3707,
  3529,
  3642],
 [1079,
  2315,
  2585,
  1980,
  903,
  1637,
  1697,
  1494,
  2174,
  1110,
  1811,
  1549,
  2144,
  1890,
  1596,
  2021,
  887,
  516,
  1525,
  1129,
  1406,
  1382,
  1626,
  787,
  2256,
  3846,
  4213,
  3545,
  4099,
  3407,
  2595,
  2256,
  2012,
  2760,
  2371,
  2216,
  3090,
  3389,
  2505,
  2282,
  1868,
  2733,
  2992,
  2145,
  1726,
  1200,
  841,
  584,
  1146,
  615,
  1471,
  1775,
  2341,
  3436,
  2564,
  2041,
  1185,
  0,
  2460,
  3202,
  700,
  2094,
  2949,
  2417,
  1917,
  3461,
  3121,
  443,
  1829,
  1463,
  2355,
  2177,
  2290],
 [2441,
  4813,
  5083,
  3231,
  3061,
  3913,
  3657,
  2975,
  3655,
  3268,
  4281,
  3030,
  3506,
  3252,
  3872,
  4271,
  2249,
  1782,
  4023,
  3042,
  2388,
  2364,
  3902,
  2569,
  2082,
  2151,
  2518,
  1487,
  2404,
  3233,
  3846,
  3507,
  3760,
  4356,
  4119,
  3964,
  4581,
  4880,
  3867,
  3533,
  3336,
  4224,
  4243,
  4615,
  3207,
  3113,
  2322,
  2065,
  3422,
  2773,
  2833,
  3137,
  3452,
  1378,
  3815,
  3789,
  2167,
  2385,
  0,
  907,
  1682,
  4592,
  4440,
  3898,
  326,
  1166,
  4612,
  2225,
  3577,
  3621,
  4853,
  4675,
  4788],
 [3295,
  4705,
  4975,
  4085,
  3915,
  4767,
  4511,
  3829,
  4680,
  4122,
  5135,
  3884,
  4880,
  4932,
  4726,
  5196,
  3103,
  2636,
  4877,
  3896,
  2253,
  2229,
  4756,
  3423,
  2468,
  1006,
  1969,
  582,
  641,
  3612,
  4700,
  4361,
  4614,
  5210,
  4973,
  4818,
  5435,
  5734,
  4721,
  4387,
  4190,
  5078,
  5097,
  5469,
  4061,
  3967,
  3176,
  2919,
  4276,
  3627,
  3687,
  3991,
  4306,
  587,
  4669,
  4643,
  2032,
  3239,
  854,
  0,
  2536,
  5291,
  5294,
  3763,
  1180,
  287,
  5466,
  3079,
  4431,
  4475,
  4903,
  5374,
  5000],
 [883,
  3255,
  3525,
  1673,
  1503,
  2355,
  2099,
  1417,
  2097,
  1710,
  2723,
  1472,
  1948,
  1694,
  2314,
  2713,
  691,
  224,
  2465,
  1484,
  706,
  682,
  2344,
  1011,
  1680,
  3270,
  3637,
  2969,
  3523,
  2831,
  2288,
  1949,
  2202,
  2798,
  2561,
  2406,
  3023,
  3322,
  2309,
  1975,
  1778,
  2666,
  2685,
  3057,
  1649,
  1555,
  764,
  507,
  1864,
  1215,
  1275,
  1579,
  1894,
  2860,
  2257,
  2231,
  485,
  827,
  1884,
  2626,
  0,
  3034,
  2882,
  2340,
  1341,
  2885,
  3054,
  667,
  2019,
  2063,
  3295,
  3117,
  3230],
 [3071,
  657,
  927,
  2450,
  1727,
  1179,
  1217,
  2473,
  2217,
  1580,
  321,
  2242,
  4136,
  3882,
  856,
  363,
  2879,
  2855,
  805,
  1787,
  3398,
  3374,
  1170,
  2029,
  4248,
  3975,
  5966,
  4392,
  4228,
  5399,
  3065,
  2726,
  2482,
  3230,
  2841,
  2686,
  3560,
  3859,
  3527,
  2752,
  1412,
  3203,
  3462,
  292,
  1769,
  1878,
  2301,
  2626,
  1330,
  2168,
  3341,
  3029,
  2811,
  4512,
  3034,
  2511,
  3177,
  1992,
  4452,
  4576,
  2692,
  0,
  3419,
  2637,
  3909,
  4289,
  3591,
  2245,
  2299,
  1933,
  387,
  131,
  290],
 [2858,
  4135,
  4405,
  1598,
  3135,
  3257,
  4247,
  4551,
  5247,
  2518,
  3631,
  4606,
  3339,
  3085,
  3886,
  3841,
  2666,
  2916,
  3345,
  3865,
  3806,
  3782,
  4200,
  4187,
  4656,
  6246,
  6613,
  5945,
  6499,
  5807,
  1071,
  1569,
  1597,
  844,
  1340,
  1167,
  141,
  440,
  2295,
  1595,
  4442,
  769,
  1493,
  3965,
  4799,
  3956,
  3424,
  3167,
  3408,
  3576,
  2489,
  2177,
  1959,
  5836,
  1040,
  1467,
  3585,
  3400,
  4860,
  5494,
  3100,
  3914,
  0,
  5474,
  4317,
  5861,
  519,
  3843,
  1739,
  2244,
  4175,
  3997,
  4110],
 [2512,
  2106,
  2376,
  3302,
  2997,
  2449,
  1183,
  899,
  917,
  2850,
  1914,
  1186,
  3577,
  3323,
  1505,
  1904,
  2320,
  1853,
  2076,
  1578,
  2743,
  2719,
  1096,
  1531,
  3593,
  2574,
  4565,
  2991,
  2827,
  4744,
  3917,
  3578,
  3752,
  4500,
  4111,
  3956,
  4652,
  4951,
  3938,
  3604,
  862,
  4295,
  4314,
  2248,
  713,
  1649,
  1299,
  1624,
  1958,
  2717,
  2904,
  3208,
  3523,
  3111,
  3886,
  3781,
  2522,
  2541,
  3797,
  3175,
  2037,
  2197,
  4511,
  0,
  3254,
  2888,
  4683,
  1747,
  3569,
  3203,
  2458,
  2280,
  2393],
 [2115,
  4487,
  4757,
  2905,
  2735,
  3587,
  3331,
  2649,
  3329,
  2942,
  3955,
  2704,
  3180,
  2926,
  3546,
  3945,
  1923,
  1456,
  3697,
  2716,
  2062,
  2038,
  3576,
  2243,
  1756,
  1927,
  2294,
  1628,
  2180,
  2907,
  3520,
  3181,
  3434,
  4030,
  3793,
  3638,
  4255,
  4554,
  3541,
  3207,
  3010,
  3898,
  3917,
  4289,
  2881,
  2787,
  1996,
  1739,
  3096,
  2447,
  2507,
  2811,
  3126,
  1519,
  3489,
  3463,
  1841,
  2059,
  543,
  1177,
  1356,
  4266,
  4114,
  3572,
  0,
  1436,
  4286,
  1899,
  3251,
  3295,
  4527,
  4349,
  4462],
 [3554,
  3842,
  4112,
  4344,
  4174,
  5026,
  4083,
  4088,
  3817,
  4381,
  4613,
  4143,
  5139,
  5191,
  4405,
  4333,
  3362,
  2895,
  4775,
  4155,
  2415,
  2391,
  3996,
  3682,
  2727,
  737,
  2228,
  313,
  354,
  3871,
  4959,
  4620,
  4873,
  5469,
  5232,
  5077,
  5694,
  5993,
  4980,
  4646,
  3762,
  5337,
  5356,
  4947,
  3613,
  4226,
  3435,
  3178,
  4535,
  3886,
  3946,
  4250,
  4565,
  300,
  4928,
  4902,
  2194,
  3498,
  1113,
  287,
  2795,
  4428,
  5553,
  2900,
  1439,
  0,
  5725,
  3338,
  4690,
  4734,
  4040,
  4511,
  4137],
 [2339,
  3286,
  3556,
  1079,
  2286,
  2408,
  3398,
  3702,
  4398,
  1669,
  2782,
  3757,
  2820,
  2566,
  3037,
  2992,
  2147,
  2397,
  2496,
  3016,
  3287,
  3263,
  3351,
  3338,
  4137,
  5727,
  6094,
  5426,
  5980,
  5288,
  552,
  1050,
  1011,
  325,
  714,
  648,
  607,
  906,
  1776,
  1076,
  3593,
  250,
  974,
  3116,
  3950,
  3107,
  2905,
  2648,
  2559,
  2727,
  1970,
  1658,
  1440,
  5317,
  521,
  835,
  3066,
  2551,
  4341,
  5083,
  2581,
  3065,
  466,
  4625,
  3798,
  5342,
  0,
  2994,
  947,
  1395,
  3326,
  3148,
  3261],
 [1052,
  2457,
  2727,
  2349,
  1272,
  1557,
  1254,
  1101,
  1781,
  1479,
  1925,
  1156,
  2117,
  1863,
  1516,
  1915,
  860,
  548,
  1667,
  686,
  1379,
  1355,
  1546,
  344,
  2229,
  3819,
  4186,
  3518,
  4072,
  3380,
  2964,
  2625,
  2381,
  3129,
  2740,
  2585,
  3459,
  3758,
  2478,
  2651,
  1788,
  3102,
  3361,
  2259,
  1333,
  757,
  576,
  319,
  1066,
  984,
  1444,
  1748,
  2063,
  3409,
  2933,
  2410,
  1158,
  596,
  2433,
  3175,
  673,
  2236,
  3318,
  2024,
  1890,
  3434,
  3490,
  0,
  2198,
  1832,
  2497,
  2319,
  2432],
 [2037,
  2731,
  3001,
  1276,
  1731,
  1853,
  2843,
  3147,
  3843,
  1114,
  2227,
  3202,
  3102,
  2848,
  2482,
  2437,
  1845,
  2095,
  1941,
  2461,
  2985,
  2961,
  2796,
  2783,
  3835,
  5425,
  5792,
  5124,
  5678,
  4986,
  749,
  1247,
  456,
  1036,
  898,
  387,
  1261,
  1560,
  1973,
  1273,
  3038,
  904,
  1146,
  2561,
  3395,
  2552,
  2603,
  2580,
  2004,
  2172,
  2167,
  1855,
  1637,
  5015,
  718,
  485,
  2764,
  1996,
  4039,
  4781,
  2279,
  2510,
  1120,
  4070,
  3496,
  5040,
  1292,
  2439,
  0,
  840,
  2771,
  2593,
  2706],
 [1197,
  2442,
  2712,
  517,
  1442,
  1564,
  2554,
  2416,
  3096,
  825,
  1938,
  2471,
  2262,
  2008,
  2193,
  2148,
  1005,
  1255,
  1652,
  2172,
  2145,
  2121,
  2507,
  1926,
  2995,
  4585,
  4952,
  4284,
  4838,
  4146,
  1132,
  793,
  1046,
  1642,
  1405,
  1250,
  1867,
  2166,
  1594,
  819,
  2749,
  1510,
  1529,
  2272,
  2648,
  2339,
  1763,
  1506,
  1715,
  1883,
  1408,
  1096,
  878,
  4175,
  1101,
  1075,
  1924,
  1707,
  3199,
  3941,
  1439,
  2221,
  1726,
  3339,
  2656,
  4200,
  1898,
  1582,
  863,
  0,
  2482,
  2304,
  2417],
 [3331,
  270,
  540,
  2710,
  1987,
  1439,
  1477,
  2733,
  2477,
  1840,
  659,
  2502,
  4396,
  4142,
  1116,
  623,
  3139,
  3115,
  1065,
  2047,
  3658,
  3634,
  1430,
  2289,
  4508,
  3601,
  5592,
  4018,
  3854,
  5659,
  3325,
  2986,
  2742,
  3490,
  3101,
  2946,
  3820,
  4119,
  3787,
  3012,
  1672,
  3463,
  3722,
  679,
  2029,
  2138,
  2561,
  2886,
  1590,
  2428,
  3601,
  3289,
  3071,
  4138,
  3294,
  2771,
  3437,
  2252,
  4712,
  4202,
  2952,
  387,
  3679,
  2263,
  4169,
  3915,
  3851,
  2505,
  2559,
  2193,
  0,
  256,
  97],
 [3154,
  522,
  792,
  2533,
  1810,
  1262,
  1300,
  2556,
  2300,
  1663,
  404,
  2325,
  4219,
  3965,
  939,
  446,
  2962,
  2938,
  888,
  1870,
  3481,
  3457,
  1253,
  2112,
  4331,
  3840,
  5831,
  4257,
  4093,
  5482,
  3148,
  2809,
  2565,
  3313,
  2924,
  2769,
  3643,
  3942,
  3610,
  2835,
  1495,
  3286,
  3545,
  423,
  1852,
  1961,
  2384,
  2709,
  1413,
  2251,
  3424,
  3112,
  2894,
  4377,
  3117,
  2594,
  3260,
  2075,
  4535,
  4441,
  2775,
  131,
  3502,
  2502,
  3992,
  4154,
  3674,
  2328,
  2382,
  2016,
  256,
  0,
  159],
 [3266,
  363,
  633,
  2645,
  1922,
  1374,
  1412,
  2668,
  2412,
  1775,
  563,
  2437,
  4331,
  4077,
  1051,
  558,
  3074,
  3050,
  1000,
  1982,
  3593,
  3569,
  1365,
  2224,
  4443,
  3681,
  5672,
  4098,
  3934,
  5594,
  3260,
  2921,
  2677,
  3425,
  3036,
  2881,
  3755,
  4054,
  3722,
  2947,
  1607,
  3398,
  3657,
  582,
  1964,
  2073,
  2496,
  2821,
  1525,
  2363,
  3536,
  3224,
  3006,
  4218,
  3229,
  2706,
  3372,
  2187,
  4647,
  4282,
  2887,
  290,
  3614,
  2343,
  4104,
  3995,
  3786,
  2440,
  2494,
  2128,
  97,
  159,
  0]]
