[[0,
  1610,
  2351,
  1582,
  1770,
  1351,
  1318,
  1420,
  3331,
  1969,
  2612,
  797,
  1385,
  3652,
  2720,
  3308,
  664,
  766,
  1189,
  2781,
  1260,
  3382,
  2262,
  3517,
  1993,
  2302,
  3480,
  2538,
  1037,
  780,
  2110,
  3742,
  1938,
  3566,
  2549,
  1478,
  1417,
  1568,
  2145,
  3097,
  1547,
  1981,
  3934,
  565,
  974,
  2214,
  1655,
  1822,
  600,
  2898,
  2937,
  2401,
  2858,
  3147,
  2618,
  4174,
  2035,
  2915,
  1263,
  4187,
  2828,
  1470,
  2982,
  2624,
  2517,
  2323,
  4549,
  3049,
  1009,
  1946,
  3744,
  3410,
  1405,
  1676,
  1544,
  449,
  4419,
  1837,
  2337,
  2471,
  3112,
  3894,
  808,
  970,
  3401,
  3948,
  2115,
  1726,
  3450,
  2503,
  1278,
  3136],
 [1377,
  0,
  2568,
  2450,
  400,
  2918,
  1535,
  251,
  3548,
  2837,
  2829,
  1014,
  1602,
  3869,
  2937,
  3525,
  1600,
  681,
  301,
  3649,
  2299,
  4250,
  3130,
  3734,
  2497,
  2519,
  4348,
  2755,
  643,
  997,
  2327,
  4115,
  2155,
  3783,
  2766,
  1695,
  2435,
  198,
  775,
  3314,
  2415,
  611,
  4151,
  2023,
  1191,
  2431,
  1872,
  2861,
  1047,
  3115,
  3154,
  2618,
  3075,
  3364,
  2835,
  4391,
  2252,
  3132,
  2131,
  4404,
  3045,
  1687,
  3199,
  2841,
  2734,
  2540,
  4766,
  3266,
  494,
  2163,
  3961,
  4278,
  1622,
  2544,
  2341,
  1826,
  4636,
  2705,
  2554,
  2688,
  3329,
  4762,
  878,
  1187,
  3618,
  4165,
  2332,
  2765,
  3667,
  2720,
  2296,
  4004],
 [2421,
  2726,
  0,
  1950,
  2886,
  1224,
  1326,
  2536,
  980,
  2337,
  259,
  1913,
  1555,
  1514,
  1705,
  1419,
  2247,
  2477,
  3027,
  3149,
  1756,
  3368,
  2630,
  1263,
  1324,
  698,
  3466,
  1523,
  2153,
  1896,
  1154,
  2883,
  932,
  2336,
  198,
  1172,
  1262,
  2684,
  3261,
  975,
  1981,
  3097,
  1752,
  2148,
  2090,
  924,
  1133,
  1439,
  2843,
  547,
  3073,
  352,
  507,
  1991,
  1264,
  1358,
  1937,
  2216,
  1908,
  1371,
  874,
  2532,
  3349,
  2526,
  2631,
  1567,
  1665,
  2756,
  2310,
  858,
  1353,
  3165,
  1276,
  2110,
  1168,
  2493,
  1603,
  2271,
  1381,
  704,
  1980,
  2905,
  3044,
  1859,
  1050,
  1826,
  706,
  1597,
  1328,
  2405,
  1123,
  3674],
 [2012,
  2960,
  1719,
  0,
  3125,
  900,
  1565,
  2775,
  2699,
  612,
  1980,
  2152,
  2503,
  2980,
  1474,
  2636,
  1462,
  2499,
  2659,
  1424,
  806,
  2025,
  905,
  2845,
  634,
  1670,
  2123,
  1292,
  2392,
  2135,
  922,
  2385,
  1019,
  2872,
  1917,
  1411,
  980,
  2923,
  3500,
  1781,
  1031,
  3336,
  2688,
  1722,
  2329,
  1319,
  2081,
  463,
  2490,
  2266,
  4280,
  1769,
  2226,
  3710,
  2618,
  3077,
  3378,
  3935,
  958,
  3090,
  2228,
  2813,
  4325,
  3967,
  4350,
  2921,
  3384,
  4475,
  2549,
  1051,
  3072,
  2053,
  1652,
  1160,
  781,
  2067,
  3322,
  1321,
  1091,
  1484,
  3699,
  2537,
  2247,
  2098,
  2769,
  3276,
  1791,
  367,
  2778,
  3846,
  779,
  1779],
 [1467,
  400,
  2708,
  2850,
  0,
  2239,
  1675,
  391,
  3688,
  3237,
  2969,
  1154,
  1742,
  4009,
  3077,
  3665,
  2000,
  821,
  701,
  4049,
  2699,
  4650,
  3530,
  3874,
  2637,
  2659,
  4748,
  2895,
  783,
  1137,
  2467,
  4255,
  2295,
  3923,
  2906,
  1835,
  2575,
  202,
  935,
  3454,
  2815,
  211,
  4291,
  2032,
  1331,
  2571,
  2012,
  2808,
  1187,
  3255,
  3294,
  2758,
  3215,
  3504,
  2975,
  4531,
  2392,
  3272,
  2531,
  4544,
  3185,
  1827,
  3339,
  2981,
  2874,
  2680,
  4906,
  3406,
  634,
  2303,
  4101,
  4537,
  1762,
  2944,
  2481,
  1916,
  4776,
  3105,
  2694,
  2828,
  3469,
  4277,
  1278,
  1327,
  3758,
  4305,
  2472,
  3165,
  3807,
  2860,
  2436,
  4404],
 [1760,
  2065,
  819,
  1024,
  2225,
  0,
  665,
  1875,
  1799,
  1411,
  1080,
  1252,
  1603,
  2120,
  1188,
  1776,
  1586,
  1816,
  2366,
  2223,
  830,
  2851,
  1704,
  1985,
  748,
  770,
  2949,
  1006,
  1492,
  1235,
  578,
  2366,
  406,
  2034,
  1017,
  511,
  336,
  2023,
  2600,
  1565,
  1055,
  2436,
  2402,
  1487,
  1429,
  682,
  1181,
  513,
  2182,
  1366,
  3380,
  869,
  1326,
  2810,
  1718,
  2177,
  2478,
  3035,
  982,
  2190,
  1328,
  1913,
  3425,
  3067,
  3450,
  2021,
  2484,
  3575,
  1649,
  414,
  2172,
  2648,
  752,
  1184,
  463,
  1832,
  2422,
  1345,
  805,
  939,
  2799,
  2388,
  2383,
  1198,
  1869,
  2416,
  891,
  671,
  1918,
  2946,
  197,
  2578],
 [1429,
  1734,
  1033,
  1588,
  1894,
  862,
  0,
  1544,
  2013,
  1975,
  1294,
  921,
  1272,
  2334,
  1402,
  1990,
  1255,
  1485,
  2035,
  2787,
  1394,
  3065,
  2268,
  2199,
  962,
  984,
  3163,
  1220,
  1161,
  904,
  792,
  2580,
  620,
  2248,
  1231,
  160,
  900,
  1692,
  2269,
  1779,
  1619,
  2105,
  2616,
  1156,
  1098,
  896,
  850,
  1077,
  1851,
  1580,
  3049,
  1083,
  1540,
  3024,
  1900,
  2391,
  2147,
  3027,
  1546,
  2404,
  1510,
  1582,
  3094,
  2736,
  2629,
  2203,
  2698,
  3161,
  1318,
  628,
  2386,
  2862,
  421,
  1748,
  806,
  1501,
  2636,
  1909,
  1019,
  1153,
  3013,
  2602,
  2052,
  867,
  2083,
  2630,
  1073,
  1235,
  2132,
  2615,
  761,
  3142],
 [1076,
  344,
  2317,
  2421,
  504,
  1848,
  1284,
  0,
  3297,
  2808,
  2578,
  763,
  1351,
  3618,
  2686,
  3274,
  1571,
  430,
  645,
  3620,
  2270,
  4221,
  3101,
  3483,
  2246,
  2268,
  4319,
  2504,
  392,
  746,
  2076,
  3864,
  1904,
  3532,
  2515,
  1444,
  2184,
  302,
  879,
  3063,
  2386,
  715,
  3900,
  1641,
  940,
  2180,
  1621,
  2417,
  796,
  2864,
  2903,
  2367,
  2824,
  3113,
  2584,
  4140,
  2001,
  2881,
  2102,
  4153,
  2794,
  1436,
  2948,
  2590,
  2483,
  2289,
  4515,
  3015,
  243,
  1912,
  3710,
  4146,
  1371,
  2515,
  2090,
  1525,
  4385,
  2676,
  2303,
  2437,
  3078,
  3886,
  1222,
  936,
  3367,
  3914,
  2081,
  2736,
  3416,
  2469,
  2045,
  3975],
 [3327,
  3632,
  1208,
  2856,
  3792,
  2130,
  2232,
  3442,
  0,
  3243,
  802,
  2819,
  2484,
  534,
  2007,
  439,
  3153,
  3383,
  3933,
  3680,
  2662,
  3091,
  3164,
  283,
  2106,
  1604,
  3189,
  1825,
  3059,
  2802,
  1936,
  2606,
  2377,
  1975,
  1142,
  2078,
  2168,
  3590,
  4167,
  1277,
  2887,
  4003,
  1401,
  3054,
  2996,
  1587,
  2062,
  2277,
  3749,
  703,
  3171,
  1258,
  731,
  2089,
  1488,
  1030,
  2161,
  2314,
  2814,
  1469,
  1098,
  2756,
  3447,
  2750,
  2729,
  1791,
  1129,
  2854,
  3216,
  1764,
  1451,
  2888,
  2205,
  3016,
  2246,
  3399,
  1701,
  3177,
  2110,
  1330,
  2078,
  2628,
  3950,
  2765,
  462,
  1465,
  1635,
  2435,
  581,
  2629,
  2029,
  3397],
 [1778,
  2726,
  2167,
  360,
  3126,
  1348,
  2013,
  2977,
  3147,
  0,
  2428,
  2248,
  2836,
  3468,
  1919,
  3124,
  1228,
  2265,
  2425,
  1061,
  729,
  1662,
  542,
  3333,
  994,
  2118,
  1760,
  1737,
  2657,
  2231,
  1282,
  2022,
  1379,
  2509,
  2365,
  1859,
  1414,
  2924,
  3501,
  2226,
  792,
  3337,
  3214,
  1651,
  2425,
  2030,
  2529,
  823,
  2256,
  2714,
  4388,
  2217,
  2674,
  4158,
  3066,
  3525,
  3486,
  4383,
  724,
  3538,
  2676,
  2921,
  4433,
  4075,
  3968,
  3369,
  3832,
  4500,
  2508,
  1762,
  3520,
  1690,
  2100,
  921,
  1541,
  1900,
  3770,
  1082,
  1536,
  1844,
  4147,
  2174,
  2013,
  2421,
  3217,
  3662,
  2239,
  727,
  3266,
  3954,
  1275,
  1416],
 [2520,
  2825,
  401,
  2049,
  2985,
  1323,
  1425,
  2635,
  706,
  2436,
  0,
  2012,
  1654,
  1408,
  1583,
  1064,
  2346,
  2576,
  3126,
  2523,
  1855,
  3246,
  2729,
  1273,
  1253,
  797,
  3344,
  1401,
  2252,
  1995,
  1083,
  2761,
  1031,
  2214,
  335,
  1271,
  1361,
  2783,
  3360,
  853,
  2080,
  3196,
  1630,
  2247,
  2189,
  734,
  1232,
  1538,
  2942,
  461,
  3055,
  451,
  489,
  1973,
  1246,
  1348,
  1919,
  2198,
  2007,
  1353,
  856,
  1964,
  3331,
  2508,
  2613,
  1549,
  1356,
  2738,
  2409,
  957,
  1335,
  3043,
  1375,
  2209,
  1267,
  2592,
  1585,
  2370,
  1686,
  477,
  1962,
  2783,
  3143,
  1958,
  780,
  1704,
  805,
  1696,
  1206,
  2387,
  1222,
  3552],
 [905,
  1039,
  1735,
  1998,
  1199,
  1273,
  709,
  849,
  2722,
  2385,
  1996,
  0,
  588,
  3036,
  2111,
  2692,
  1166,
  790,
  1340,
  3197,
  1847,
  3774,
  2678,
  2901,
  1671,
  1693,
  3872,
  1929,
  466,
  179,
  1501,
  3289,
  1329,
  2957,
  1665,
  869,
  1609,
  997,
  1574,
  2481,
  1963,
  1410,
  3258,
  1067,
  177,
  1605,
  858,
  1842,
  1156,
  2289,
  2140,
  1579,
  2249,
  2350,
  1821,
  3377,
  1238,
  2118,
  1679,
  3390,
  2008,
  673,
  2185,
  1827,
  1720,
  1526,
  3752,
  2252,
  623,
  1337,
  2947,
  3571,
  1205,
  2092,
  1515,
  977,
  3622,
  2253,
  1728,
  2105,
  2315,
  3311,
  1528,
  361,
  2792,
  3332,
  1343,
  2000,
  2834,
  1706,
  1470,
  3552],
 [1503,
  1637,
  1147,
  2408,
  1797,
  1427,
  820,
  1447,
  2134,
  2795,
  1408,
  1427,
  0,
  2448,
  2222,
  2104,
  1761,
  1388,
  1938,
  3607,
  1926,
  3885,
  3088,
  2313,
  1782,
  1804,
  3983,
  2040,
  1064,
  777,
  1612,
  3400,
  1440,
  3068,
  1077,
  980,
  1720,
  1595,
  2172,
  1893,
  2439,
  2008,
  2670,
  1662,
  525,
  1716,
  270,
  1953,
  1754,
  1701,
  2049,
  991,
  1661,
  2259,
  1074,
  2512,
  1147,
  2027,
  2366,
  2525,
  1420,
  582,
  2094,
  1736,
  1629,
  1435,
  2819,
  2161,
  1221,
  1448,
  2856,
  3682,
  617,
  2568,
  1626,
  2007,
  2757,
  2729,
  1839,
  1517,
  2224,
  3422,
  2126,
  967,
  2204,
  2744,
  755,
  2111,
  2246,
  1615,
  1581,
  3962],
 [3678,
  3983,
  1559,
  3207,
  4143,
  2481,
  2583,
  3793,
  958,
  3792,
  1350,
  3170,
  2812,
  0,
  1920,
  551,
  3504,
  3734,
  4284,
  3163,
  3013,
  2574,
  3276,
  776,
  2218,
  1955,
  2672,
  1937,
  3410,
  3153,
  2048,
  2089,
  2489,
  1458,
  1690,
  2429,
  2519,
  3941,
  4518,
  1389,
  3238,
  4354,
  874,
  3405,
  3347,
  1699,
  2390,
  2389,
  4100,
  1251,
  3792,
  1609,
  1279,
  2710,
  2036,
  1651,
  2709,
  2935,
  3165,
  2090,
  1646,
  3304,
  4068,
  3298,
  3350,
  2339,
  1402,
  3475,
  3567,
  2115,
  2072,
  2371,
  2533,
  3367,
  2358,
  3750,
  2322,
  3528,
  2222,
  1442,
  2699,
  2111,
  4301,
  3116,
  1010,
  948,
  1963,
  2547,
  337,
  3177,
  2380,
  2880],
 [2629,
  2934,
  1618,
  1979,
  3094,
  1507,
  1534,
  2744,
  2327,
  1996,
  1584,
  2121,
  2472,
  2023,
  0,
  1679,
  2455,
  2685,
  3235,
  2252,
  1785,
  1663,
  1633,
  1888,
  895,
  1186,
  1761,
  335,
  2361,
  2104,
  749,
  1178,
  846,
  846,
  1816,
  1380,
  1545,
  2892,
  3469,
  824,
  2010,
  3305,
  1214,
  2356,
  2298,
  1146,
  2050,
  1066,
  3051,
  2165,
  4691,
  1668,
  2125,
  3609,
  2882,
  2925,
  3347,
  3834,
  1937,
  2989,
  2492,
  2782,
  4294,
  3936,
  4249,
  3185,
  2734,
  4374,
  2518,
  878,
  2971,
  1460,
  1621,
  2139,
  1032,
  2701,
  3221,
  2300,
  579,
  1147,
  3598,
  1200,
  3226,
  2067,
  2357,
  1662,
  2022,
  1224,
  1821,
  3815,
  1344,
  1969],
 [3127,
  3432,
  1008,
  2656,
  3592,
  1930,
  2032,
  3242,
  873,
  3088,
  974,
  2619,
  2261,
  569,
  1568,
  0,
  2953,
  3183,
  3733,
  3241,
  2462,
  2652,
  2725,
  434,
  1667,
  1404,
  2750,
  1386,
  2859,
  2602,
  1497,
  2167,
  1938,
  1536,
  1206,
  1878,
  1968,
  3390,
  3967,
  838,
  2687,
  3803,
  962,
  2854,
  2796,
  1148,
  1839,
  1838,
  3549,
  1144,
  4081,
  1058,
  1515,
  2999,
  1929,
  1471,
  2602,
  3224,
  2614,
  2379,
  1539,
  2571,
  4357,
  3191,
  3639,
  2232,
  1280,
  3764,
  3016,
  1416,
  2361,
  2449,
  1982,
  2816,
  1807,
  3199,
  2611,
  2977,
  1671,
  891,
  2988,
  2189,
  3750,
  2565,
  903,
  1026,
  1412,
  1996,
  367,
  3070,
  1829,
  2958],
 [696,
  1936,
  2070,
  1133,
  2096,
  1239,
  1037,
  1746,
  3050,
  1520,
  2331,
  1116,
  1704,
  3371,
  2439,
  3027,
  0,
  1277,
  1378,
  2332,
  982,
  2933,
  1813,
  3236,
  1715,
  2021,
  3031,
  2257,
  1669,
  1099,
  1829,
  3293,
  1657,
  3285,
  2268,
  1197,
  1305,
  1894,
  2471,
  2816,
  1098,
  2307,
  3653,
  423,
  1293,
  1933,
  1974,
  1544,
  1111,
  2617,
  3256,
  2120,
  2577,
  3466,
  2153,
  3428,
  2354,
  3234,
  814,
  3441,
  2547,
  1789,
  3301,
  2943,
  2836,
  2642,
  3735,
  3368,
  1520,
  1665,
  4063,
  2961,
  1124,
  1227,
  1432,
  768,
  3673,
  1388,
  2056,
  2190,
  3431,
  3445,
  966,
  1289,
  3120,
  3667,
  1834,
  1448,
  3169,
  2822,
  1166,
  2687],
 [646,
  659,
  2317,
  1991,
  819,
  2459,
  1284,
  469,
  3297,
  2378,
  2578,
  763,
  1351,
  3618,
  2686,
  3274,
  1141,
  0,
  960,
  3190,
  1840,
  3791,
  2671,
  3483,
  2246,
  2268,
  3889,
  2504,
  392,
  746,
  2076,
  3864,
  1904,
  3532,
  2515,
  1444,
  2184,
  617,
  1194,
  3063,
  1956,
  1030,
  3900,
  1211,
  940,
  2180,
  1621,
  2402,
  366,
  2864,
  2903,
  2367,
  2824,
  3113,
  2584,
  4140,
  2001,
  2881,
  1672,
  4153,
  2794,
  1436,
  2948,
  2590,
  2483,
  2289,
  4515,
  3015,
  243,
  1912,
  3710,
  3819,
  1371,
  2085,
  2090,
  1095,
  4385,
  2246,
  2303,
  2437,
  3078,
  4303,
  1010,
  936,
  3367,
  3914,
  2081,
  2306,
  3416,
  2469,
  1924,
  3545],
 [1076,
  301,
  2869,
  2149,
  701,
  2617,
  1836,
  552,
  3849,
  2536,
  3130,
  1315,
  1903,
  4170,
  3238,
  3826,
  1299,
  749,
  0,
  3348,
  1998,
  3949,
  2829,
  4035,
  2731,
  2820,
  4047,
  3056,
  944,
  1298,
  2628,
  4309,
  2456,
  4796,
  3067,
  1996,
  2683,
  499,
  1076,
  3615,
  2114,
  912,
  4452,
  1722,
  1492,
  2732,
  2173,
  2560,
  820,
  3416,
  3455,
  2919,
  3376,
  3665,
  3136,
  4692,
  2553,
  3433,
  1830,
  4705,
  3346,
  1988,
  3500,
  3142,
  3035,
  2841,
  5067,
  3567,
  795,
  2464,
  4262,
  3977,
  1923,
  2243,
  2810,
  1525,
  4937,
  2404,
  2855,
  2989,
  3630,
  4461,
  577,
  1488,
  3919,
  4466,
  2633,
  2464,
  3968,
  3021,
  2544,
  3703],
 [2407,
  3355,
  2796,
  989,
  3755,
  1977,
  2642,
  3606,
  3776,
  629,
  3057,
  2877,
  3465,
  2643,
  1137,
  2299,
  1857,
  2894,
  3054,
  0,
  1358,
  1053,
  288,
  2508,
  1280,
  2747,
  1151,
  955,
  3286,
  2860,
  1568,
  1413,
  1665,
  1900,
  2994,
  2488,
  1626,
  3553,
  4130,
  1444,
  1421,
  3966,
  2605,
  2280,
  3054,
  1965,
  3158,
  1161,
  2885,
  3343,
  5113,
  2846,
  3303,
  4787,
  3695,
  4154,
  4211,
  5012,
  1353,
  4167,
  3305,
  3550,
  5158,
  4800,
  4693,
  3998,
  3354,
  5225,
  3137,
  1697,
  4149,
  1081,
  2729,
  1550,
  1427,
  2529,
  4399,
  1711,
  1485,
  1767,
  4776,
  1565,
  2642,
  3050,
  2977,
  3053,
  2868,
  1319,
  2441,
  4679,
  1425,
  807],
 [1759,
  2684,
  1438,
  747,
  2844,
  619,
  1284,
  2494,
  2418,
  1134,
  1699,
  1871,
  2222,
  2739,
  1631,
  2395,
  1209,
  2435,
  2406,
  1946,
  0,
  2547,
  1427,
  2604,
  733,
  1389,
  2645,
  1449,
  2111,
  1854,
  1021,
  2809,
  1118,
  2477,
  1636,
  1130,
  685,
  2642,
  3219,
  1938,
  778,
  3055,
  2845,
  1109,
  2048,
  1301,
  1800,
  562,
  1797,
  1985,
  3999,
  1488,
  1945,
  3429,
  2337,
  2796,
  3097,
  3654,
  705,
  2809,
  1947,
  2532,
  4044,
  3686,
  4069,
  2640,
  3103,
  4194,
  2268,
  1033,
  2791,
  2575,
  1371,
  907,
  812,
  1454,
  3041,
  1068,
  1248,
  1583,
  3418,
  3059,
  1994,
  1817,
  2488,
  3035,
  1510,
  466,
  2537,
  3565,
  546,
  2301],
 [3831,
  4779,
  3541,
  2413,
  5023,
  3401,
  3463,
  4673,
  3629,
  2053,
  3507,
  4050,
  4401,
  2868,
  1929,
  2981,
  3281,
  4318,
  4478,
  1424,
  2782,
  0,
  1712,
  3190,
  2824,
  3937,
  933,
  2264,
  4290,
  4033,
  2678,
  980,
  2775,
  1467,
  3739,
  3309,
  3474,
  4821,
  5398,
  2753,
  2845,
  5234,
  2172,
  3704,
  4227,
  3075,
  3979,
  2995,
  4309,
  3900,
  6614,
  3591,
  4048,
  5532,
  4805,
  4227,
  5276,
  5757,
  2777,
  4912,
  4415,
  4711,
  6890,
  5865,
  6172,
  5108,
  4036,
  6297,
  4561,
  2807,
  4894,
  632,
  3550,
  2974,
  2961,
  3953,
  5144,
  3135,
  2508,
  3076,
  5521,
  1132,
  4066,
  3996,
  3659,
  2620,
  3945,
  3153,
  3123,
  5744,
  3273,
  1141],
 [2488,
  3436,
  2305,
  1070,
  3836,
  2058,
  2723,
  3687,
  3014,
  710,
  2271,
  2958,
  3546,
  3368,
  1204,
  2366,
  1938,
  2975,
  3135,
  519,
  1439,
  1120,
  0,
  2575,
  1361,
  2828,
  1218,
  1022,
  3367,
  2941,
  1649,
  1480,
  1533,
  1967,
  2503,
  2569,
  1707,
  3634,
  4211,
  1511,
  1502,
  4047,
  2672,
  2361,
  3135,
  1833,
  3239,
  1242,
  2966,
  2852,
  5098,
  2355,
  2812,
  4296,
  3776,
  3612,
  4196,
  4521,
  1434,
  3676,
  3386,
  3631,
  5143,
  4785,
  4936,
  4079,
  3421,
  5061,
  3218,
  1565,
  3658,
  1148,
  2810,
  1631,
  1508,
  2610,
  3908,
  1792,
  1266,
  1834,
  4285,
  1632,
  2723,
  3131,
  3044,
  3120,
  2949,
  1400,
  2508,
  4664,
  1506,
  874],
 [3684,
  3989,
  1565,
  3213,
  4149,
  2487,
  2589,
  3799,
  822,
  3645,
  1214,
  3176,
  2818,
  251,
  2125,
  557,
  3510,
  3740,
  4290,
  3414,
  3019,
  2825,
  3282,
  0,
  2224,
  1961,
  2923,
  1943,
  3416,
  3159,
  2054,
  2340,
  2495,
  1709,
  1554,
  2435,
  2525,
  3947,
  4524,
  1395,
  3244,
  4360,
  1125,
  3411,
  3353,
  1705,
  2396,
  2395,
  4106,
  1115,
  3595,
  1615,
  1143,
  2513,
  1900,
  1454,
  2573,
  2738,
  3171,
  1893,
  1510,
  3168,
  3871,
  3162,
  3153,
  2203,
  1205,
  3278,
  3573,
  2121,
  1875,
  2622,
  2539,
  3373,
  2364,
  3756,
  2125,
  3534,
  2228,
  1448,
  2502,
  2362,
  4307,
  3122,
  874,
  1199,
  1969,
  2553,
  343,
  3041,
  2386,
  3131],
 [1796,
  2473,
  1198,
  1084,
  2633,
  598,
  1073,
  2283,
  2178,
  1015,
  1228,
  1660,
  2011,
  2108,
  898,
  1764,
  1546,
  2224,
  2743,
  1827,
  890,
  2428,
  1308,
  1973,
  0,
  725,
  2659,
  716,
  1900,
  1643,
  288,
  2076,
  385,
  1744,
  1396,
  919,
  636,
  2431,
  3008,
  1205,
  1115,
  2844,
  2112,
  1523,
  1837,
  685,
  1589,
  171,
  2211,
  1745,
  3788,
  1248,
  1705,
  3189,
  2097,
  2556,
  2886,
  3414,
  1042,
  2569,
  1707,
  2321,
  3833,
  3475,
  3829,
  2400,
  2819,
  3954,
  2057,
  417,
  2551,
  2358,
  1160,
  1244,
  200,
  1868,
  2801,
  1405,
  515,
  850,
  3178,
  2098,
  2331,
  1606,
  2248,
  2404,
  1270,
  329,
  1906,
  3354,
  435,
  2182],
 [1723,
  2028,
  753,
  1252,
  2188,
  526,
  628,
  1838,
  1733,
  1639,
  1014,
  1215,
  1566,
  2054,
  1066,
  1710,
  1549,
  1779,
  2329,
  2451,
  1058,
  2729,
  1932,
  1919,
  626,
  0,
  2827,
  884,
  1455,
  1198,
  456,
  2244,
  284,
  1912,
  951,
  474,
  564,
  1986,
  2563,
  1373,
  1283,
  2399,
  2280,
  1450,
  1392,
  560,
  1144,
  741,
  2145,
  1300,
  3343,
  803,
  1260,
  2744,
  1744,
  2111,
  2441,
  3321,
  1210,
  2124,
  1262,
  1876,
  3388,
  3030,
  2923,
  2047,
  2418,
  3455,
  1612,
  292,
  2106,
  2526,
  715,
  1412,
  470,
  1795,
  2356,
  1573,
  683,
  817,
  2733,
  2266,
  2346,
  1161,
  1803,
  2350,
  825,
  899,
  1852,
  2909,
  425,
  2806],
 [2898,
  3846,
  3287,
  1480,
  4246,
  2468,
  3133,
  4097,
  3477,
  1120,
  3355,
  3368,
  3956,
  2716,
  1777,
  2829,
  2348,
  3385,
  3545,
  491,
  1849,
  468,
  779,
  3038,
  1771,
  3238,
  0,
  1446,
  3777,
  3351,
  2059,
  828,
  2156,
  1315,
  3485,
  2979,
  2117,
  4044,
  4621,
  2601,
  1912,
  4457,
  2020,
  2771,
  3545,
  2456,
  3649,
  1652,
  3376,
  3834,
  5604,
  3439,
  3794,
  5278,
  4186,
  4075,
  4702,
  5503,
  1844,
  4658,
  3796,
  4041,
  5649,
  5291,
  5184,
  4489,
  3884,
  5716,
  3628,
  2188,
  4640,
  496,
  3220,
  2041,
  1918,
  3020,
  4890,
  2202,
  1976,
  2924,
  5267,
  980,
  3133,
  3541,
  3507,
  2468,
  3359,
  1810,
  2971,
  5170,
  1916,
  208],
 [2661,
  2966,
  1650,
  2011,
  3126,
  1539,
  1566,
  2776,
  2359,
  2028,
  1616,
  2153,
  2504,
  2055,
  182,
  1711,
  2487,
  2717,
  3267,
  2434,
  1817,
  1845,
  1665,
  1920,
  927,
  1218,
  1943,
  0,
  2393,
  2136,
  781,
  1360,
  878,
  1028,
  1848,
  1412,
  1577,
  2924,
  3501,
  856,
  2042,
  3337,
  1396,
  2388,
  2330,
  1178,
  2082,
  1098,
  3083,
  2197,
  4723,
  1700,
  2157,
  3641,
  2914,
  2957,
  3379,
  3866,
  1969,
  3021,
  2524,
  2814,
  4326,
  3968,
  4281,
  3217,
  2766,
  4406,
  2550,
  910,
  3003,
  1642,
  1653,
  2171,
  1064,
  2733,
  3253,
  2332,
  611,
  1179,
  3630,
  1382,
  3258,
  2099,
  2389,
  1844,
  2054,
  1256,
  1853,
  3847,
  1376,
  2151],
 [1139,
  742,
  1925,
  2173,
  902,
  1456,
  892,
  552,
  2905,
  2560,
  2186,
  371,
  959,
  3226,
  2294,
  2882,
  1341,
  493,
  1043,
  3372,
  2022,
  3957,
  2853,
  3091,
  1854,
  1876,
  4055,
  2112,
  0,
  354,
  1684,
  3472,
  1512,
  3140,
  2123,
  1052,
  1792,
  700,
  1277,
  2671,
  2138,
  1113,
  3508,
  1242,
  548,
  1788,
  1229,
  2025,
  859,
  2472,
  2511,
  1975,
  2432,
  2721,
  2192,
  3748,
  1609,
  2489,
  1854,
  3761,
  2402,
  1044,
  2556,
  2198,
  2091,
  1897,
  4123,
  2623,
  326,
  1520,
  3318,
  3754,
  979,
  2267,
  1698,
  1152,
  3993,
  2428,
  1911,
  2045,
  2686,
  3494,
  1620,
  544,
  2975,
  3522,
  1689,
  2183,
  3024,
  2077,
  1653,
  3727],
 [943,
  1077,
  1571,
  1823,
  1237,
  1102,
  538,
  887,
  2551,
  2210,
  1832,
  264,
  852,
  2872,
  1940,
  2528,
  1436,
  828,
  1378,
  3022,
  1601,
  3603,
  2503,
  2737,
  1500,
  1522,
  3701,
  1758,
  504,
  0,
  1330,
  3118,
  1158,
  2786,
  1769,
  698,
  1438,
  1035,
  1612,
  2317,
  2157,
  1448,
  3154,
  1337,
  441,
  1434,
  1054,
  1671,
  1194,
  2118,
  2404,
  1621,
  2078,
  2614,
  1654,
  2929,
  1502,
  2382,
  2084,
  2942,
  2048,
  937,
  2449,
  2091,
  1984,
  1790,
  3236,
  2516,
  661,
  1166,
  2924,
  3400,
  625,
  2286,
  1344,
  1015,
  3174,
  2447,
  1557,
  1691,
  2579,
  3140,
  1566,
  190,
  2621,
  3168,
  1335,
  1829,
  2670,
  1970,
  1299,
  3377],
 [2539,
  2844,
  1711,
  1889,
  3004,
  1417,
  1444,
  2654,
  2420,
  1906,
  1677,
  2031,
  2382,
  2116,
  610,
  1772,
  2365,
  2595,
  3145,
  1550,
  1695,
  2273,
  1543,
  1981,
  805,
  1770,
  2371,
  428,
  2271,
  2014,
  0,
  1788,
  756,
  1456,
  1909,
  1290,
  1455,
  2802,
  3379,
  917,
  1920,
  3215,
  1824,
  2266,
  2208,
  1497,
  1960,
  976,
  2961,
  2258,
  4784,
  1761,
  2218,
  3702,
  2975,
  3018,
  3257,
  3927,
  1847,
  3082,
  2585,
  2692,
  5060,
  3846,
  4342,
  3278,
  2827,
  4467,
  2428,
  788,
  3064,
  2070,
  1531,
  2049,
  942,
  2611,
  3314,
  2210,
  227,
  1240,
  3691,
  1810,
  3136,
  1977,
  2450,
  2412,
  2115,
  1134,
  1914,
  3725,
  1254,
  2579],
 [3481,
  4429,
  3191,
  2063,
  4829,
  3051,
  3113,
  4680,
  3279,
  1703,
  3157,
  3700,
  4051,
  2518,
  1579,
  2631,
  2931,
  3968,
  4128,
  1074,
  2432,
  485,
  1362,
  2840,
  2474,
  3587,
  583,
  1914,
  4360,
  3934,
  2328,
  0,
  2425,
  1117,
  3389,
  2959,
  2700,
  4627,
  5204,
  2403,
  2495,
  5040,
  1822,
  3354,
  3877,
  2725,
  3629,
  2235,
  3959,
  3550,
  6264,
  3241,
  3698,
  5182,
  4455,
  3877,
  4926,
  5407,
  2427,
  4562,
  4065,
  4361,
  6540,
  5515,
  5822,
  4758,
  3686,
  5947,
  4211,
  2457,
  4544,
  282,
  3200,
  2624,
  2611,
  3603,
  4794,
  2785,
  2158,
  2726,
  5171,
  782,
  3716,
  3646,
  3309,
  2270,
  3595,
  2393,
  2773,
  5394,
  2499,
  791],
 [1783,
  2088,
  813,
  1312,
  2248,
  586,
  688,
  1898,
  1793,
  1699,
  1074,
  1275,
  1626,
  2114,
  1182,
  1770,
  1609,
  1839,
  2389,
  2511,
  1118,
  2845,
  1992,
  1979,
  742,
  764,
  2943,
  1000,
  1515,
  1258,
  572,
  2360,
  0,
  2028,
  1011,
  534,
  624,
  2046,
  2623,
  1559,
  1343,
  2459,
  2396,
  1510,
  1452,
  676,
  1204,
  801,
  2205,
  1360,
  3403,
  863,
  1320,
  2804,
  1712,
  2171,
  2501,
  3029,
  1270,
  2184,
  1322,
  1936,
  3448,
  3090,
  3444,
  2015,
  2478,
  3569,
  1672,
  408,
  2166,
  2642,
  775,
  1472,
  751,
  1855,
  2416,
  1633,
  799,
  933,
  2793,
  2382,
  2406,
  1221,
  1863,
  2410,
  885,
  959,
  1912,
  2969,
  485,
  2866],
 [3091,
  3396,
  2080,
  2441,
  3556,
  1969,
  1996,
  3206,
  2789,
  2458,
  2046,
  2583,
  2934,
  2485,
  462,
  2141,
  2917,
  3147,
  3697,
  1878,
  2247,
  2299,
  2095,
  2350,
  1357,
  1648,
  2397,
  797,
  2823,
  2566,
  1211,
  1814,
  1308,
  0,
  2278,
  1842,
  2007,
  3354,
  3931,
  1286,
  2472,
  3767,
  1850,
  2818,
  2760,
  1608,
  2512,
  1528,
  3513,
  2627,
  5153,
  2130,
  2587,
  4071,
  3344,
  3387,
  3809,
  4296,
  2399,
  3451,
  2954,
  3244,
  4756,
  4398,
  4711,
  3647,
  3196,
  4836,
  2980,
  1340,
  3433,
  2096,
  2083,
  2601,
  1494,
  3163,
  3683,
  2762,
  1041,
  1609,
  4060,
  1836,
  3688,
  2529,
  2819,
  2781,
  2484,
  1686,
  2283,
  4277,
  1806,
  2605],
 [2497,
  2802,
  366,
  2026,
  2962,
  1300,
  1241,
  2612,
  1056,
  2413,
  335,
  1989,
  1317,
  1590,
  1842,
  1495,
  2323,
  2553,
  3103,
  3225,
  1832,
  3505,
  2706,
  1339,
  1400,
  774,
  3603,
  1660,
  2229,
  1822,
  1230,
  3020,
  1008,
  2473,
  0,
  1248,
  1338,
  2760,
  3337,
  1112,
  2057,
  3173,
  1889,
  2224,
  1570,
  1000,
  895,
  1515,
  2919,
  623,
  3149,
  210,
  583,
  2067,
  1340,
  1434,
  2013,
  2292,
  1984,
  1447,
  950,
  1627,
  3425,
  2602,
  2707,
  1643,
  1741,
  2832,
  2386,
  934,
  1429,
  3302,
  1038,
  2186,
  1244,
  2569,
  1679,
  2347,
  1457,
  736,
  2056,
  3042,
  3120,
  1935,
  1126,
  1963,
  468,
  1673,
  1465,
  2481,
  1199,
  3811],
 [1579,
  1884,
  879,
  1434,
  2044,
  708,
  484,
  1694,
  1859,
  1821,
  1140,
  1071,
  1422,
  2180,
  1248,
  1836,
  1405,
  1635,
  2185,
  2633,
  1240,
  2911,
  2114,
  2045,
  808,
  830,
  3009,
  1066,
  1311,
  1054,
  638,
  2426,
  466,
  2094,
  1077,
  0,
  746,
  1842,
  2419,
  1625,
  1465,
  2255,
  2462,
  1306,
  1248,
  742,
  1000,
  979,
  2001,
  1426,
  3199,
  929,
  1386,
  2870,
  1746,
  2237,
  2297,
  3095,
  1392,
  2250,
  1356,
  1732,
  3244,
  2886,
  3510,
  2049,
  2544,
  3635,
  1468,
  474,
  2232,
  2708,
  571,
  1594,
  652,
  1651,
  2482,
  1755,
  865,
  999,
  2859,
  2448,
  2202,
  1017,
  1929,
  2476,
  919,
  1137,
  1978,
  2765,
  607,
  2988],
 [1700,
  2648,
  1407,
  688,
  3048,
  588,
  1253,
  2899,
  2387,
  1075,
  1668,
  1840,
  2191,
  2708,
  1776,
  2364,
  1150,
  2187,
  2347,
  1887,
  494,
  2488,
  1368,
  2573,
  950,
  1358,
  2586,
  1594,
  2080,
  2086,
  1166,
  2848,
  994,
  3335,
  1605,
  1099,
  0,
  2846,
  3188,
  2153,
  719,
  3259,
  2990,
  1410,
  2017,
  1270,
  1769,
  831,
  2178,
  1954,
  3968,
  1457,
  1914,
  3398,
  2306,
  2765,
  3066,
  3623,
  646,
  2778,
  1916,
  2501,
  4013,
  3655,
  4038,
  2609,
  3072,
  4163,
  2430,
  1002,
  2760,
  2516,
  1340,
  848,
  781,
  1755,
  3010,
  1009,
  1393,
  1527,
  3387,
  3000,
  1935,
  1786,
  2457,
  3004,
  1479,
  960,
  2506,
  3534,
  515,
  2242],
 [1265,
  198,
  2506,
  2648,
  202,
  2037,
  1473,
  189,
  3486,
  3035,
  2767,
  952,
  1540,
  3807,
  2875,
  3463,
  1798,
  619,
  499,
  3847,
  2497,
  4448,
  3328,
  3672,
  2435,
  2457,
  4546,
  2693,
  581,
  935,
  2265,
  4053,
  2093,
  3721,
  2704,
  1633,
  2373,
  0,
  733,
  3252,
  2613,
  413,
  4089,
  1830,
  1129,
  2369,
  1810,
  2606,
  985,
  3053,
  3092,
  2556,
  3013,
  3302,
  2773,
  4329,
  2190,
  3070,
  2329,
  4342,
  2983,
  1625,
  3137,
  2779,
  2672,
  2478,
  4704,
  3204,
  432,
  2101,
  3899,
  4335,
  1560,
  2742,
  2279,
  1714,
  4574,
  2903,
  2492,
  2626,
  3267,
  4075,
  1076,
  1125,
  3556,
  4103,
  2270,
  2963,
  3605,
  2658,
  2234,
  4202],
 [1707,
  640,
  2948,
  3090,
  780,
  2479,
  1915,
  631,
  3928,
  3477,
  3209,
  1394,
  1982,
  4249,
  3317,
  3905,
  2240,
  1061,
  941,
  4289,
  2939,
  4890,
  3770,
  4114,
  2877,
  2899,
  4988,
  3135,
  1023,
  1377,
  2707,
  4495,
  2535,
  4163,
  3146,
  2075,
  2815,
  578,
  0,
  3694,
  3055,
  991,
  4531,
  2272,
  1571,
  2811,
  2252,
  3048,
  1427,
  3495,
  3534,
  2998,
  3455,
  3744,
  3215,
  4771,
  2632,
  3512,
  2771,
  4784,
  3425,
  2067,
  3579,
  3221,
  3114,
  2920,
  5146,
  3646,
  874,
  2543,
  4341,
  4777,
  2002,
  3184,
  2721,
  2156,
  5016,
  3345,
  2934,
  3068,
  3709,
  4517,
  1518,
  1567,
  3998,
  4545,
  2712,
  3405,
  4047,
  3100,
  2676,
  4644],
 [2819,
  3124,
  1037,
  2348,
  3284,
  1988,
  1724,
  2934,
  1562,
  2477,
  1003,
  2311,
  2290,
  1258,
  957,
  914,
  2645,
  2875,
  3425,
  1897,
  2154,
  2203,
  2114,
  1123,
  1376,
  1096,
  2301,
  775,
  2551,
  2294,
  1230,
  1718,
  1327,
  1087,
  1235,
  1570,
  1660,
  3082,
  3659,
  0,
  2379,
  3495,
  1009,
  2546,
  2488,
  823,
  1868,
  1547,
  3241,
  1584,
  4110,
  1087,
  1544,
  3028,
  2301,
  2160,
  2974,
  3253,
  2306,
  2408,
  1911,
  2600,
  4386,
  3563,
  3668,
  2604,
  1969,
  3793,
  2708,
  1091,
  2390,
  2000,
  2011,
  2508,
  1513,
  2891,
  2640,
  2669,
  1060,
  566,
  3017,
  1740,
  3442,
  2257,
  1592,
  1082,
  1441,
  1705,
  1056,
  3442,
  1825,
  2509],
 [1298,
  2246,
  1687,
  396,
  2646,
  868,
  1533,
  2497,
  2667,
  783,
  1948,
  1768,
  2471,
  2988,
  1880,
  2644,
  748,
  1785,
  1945,
  1595,
  249,
  2196,
  1076,
  2853,
  982,
  1638,
  2294,
  1698,
  2177,
  1751,
  1270,
  2556,
  1367,
  3043,
  1885,
  1379,
  934,
  2444,
  3021,
  2187,
  0,
  2857,
  3094,
  1171,
  1945,
  1550,
  2049,
  811,
  1776,
  2234,
  3908,
  1737,
  2194,
  3678,
  2586,
  3045,
  3006,
  3903,
  244,
  3058,
  2196,
  2441,
  3953,
  3595,
  4318,
  2889,
  3352,
  4443,
  2028,
  1282,
  3040,
  2224,
  1620,
  490,
  1061,
  1420,
  3290,
  651,
  1497,
  1832,
  3667,
  2708,
  1533,
  2066,
  2737,
  3284,
  1759,
  715,
  2786,
  3474,
  795,
  1950],
 [1678,
  611,
  2919,
  3061,
  211,
  2450,
  1886,
  602,
  3899,
  3448,
  3180,
  1365,
  1953,
  4220,
  3288,
  3876,
  2211,
  1032,
  912,
  4260,
  2910,
  4861,
  3741,
  4085,
  2848,
  2870,
  4959,
  3106,
  994,
  1348,
  2678,
  4466,
  2506,
  4134,
  3117,
  2046,
  2786,
  413,
  1146,
  3665,
  3026,
  0,
  4502,
  2243,
  1542,
  2782,
  2223,
  3019,
  1398,
  3466,
  3505,
  2969,
  3426,
  3715,
  3186,
  4742,
  2603,
  3483,
  2742,
  4755,
  3396,
  2038,
  3550,
  3192,
  3085,
  2891,
  5117,
  3617,
  845,
  2514,
  4312,
  4748,
  1973,
  3155,
  2692,
  2127,
  4987,
  3316,
  2905,
  3039,
  3680,
  4488,
  1489,
  1538,
  3969,
  4516,
  2683,
  3376,
  4018,
  3071,
  2647,
  4615],
 [3488,
  3793,
  1369,
  3017,
  3953,
  2291,
  2393,
  3603,
  1457,
  3292,
  1335,
  2980,
  2622,
  696,
  1420,
  809,
  3314,
  3544,
  4094,
  2663,
  2823,
  2074,
  3086,
  1018,
  2028,
  1765,
  2172,
  1747,
  3220,
  2963,
  1858,
  1589,
  2299,
  958,
  1567,
  2239,
  2329,
  3751,
  4328,
  1199,
  3048,
  4164,
  0,
  3215,
  3157,
  1509,
  2200,
  2199,
  3910,
  1728,
  4442,
  1419,
  1876,
  3360,
  2633,
  2055,
  3306,
  3585,
  2975,
  2740,
  2243,
  2932,
  4718,
  3895,
  4000,
  2936,
  1864,
  4125,
  3377,
  1925,
  2722,
  1871,
  2343,
  3177,
  2168,
  3560,
  2972,
  3338,
  2032,
  1252,
  3349,
  1611,
  4111,
  2926,
  1487,
  448,
  1773,
  2357,
  951,
  3774,
  2190,
  2380],
 [273,
  1513,
  2247,
  1366,
  1673,
  1834,
  1214,
  1323,
  3227,
  1753,
  2508,
  693,
  1281,
  3548,
  2616,
  3204,
  516,
  854,
  1277,
  2565,
  1215,
  3166,
  2046,
  3413,
  1948,
  2198,
  3264,
  2434,
  1246,
  676,
  2006,
  3526,
  1834,
  3462,
  2445,
  1374,
  1240,
  1471,
  2048,
  2993,
  1331,
  1884,
  3830,
  0,
  870,
  2110,
  1551,
  1777,
  688,
  2794,
  2833,
  2297,
  2754,
  3043,
  2514,
  4070,
  1931,
  2811,
  1047,
  4083,
  2724,
  1366,
  2878,
  2520,
  2413,
  2219,
  4445,
  2945,
  1097,
  1842,
  3640,
  3194,
  1301,
  1460,
  2027,
  345,
  4315,
  1621,
  2233,
  2367,
  3008,
  3678,
  896,
  866,
  3297,
  3844,
  2011,
  1681,
  3346,
  2399,
  1761,
  2920],
 [1157,
  1291,
  1558,
  2250,
  1451,
  1838,
  1231,
  1101,
  2545,
  2637,
  1819,
  478,
  411,
  2859,
  2633,
  2515,
  1418,
  1042,
  1592,
  3449,
  2099,
  4296,
  2930,
  2724,
  2193,
  2215,
  4394,
  2451,
  686,
  431,
  2023,
  3811,
  1851,
  3479,
  1488,
  1391,
  2131,
  1249,
  1826,
  2304,
  2215,
  1662,
  3081,
  1319,
  0,
  2127,
  681,
  2364,
  1408,
  2112,
  1963,
  1402,
  2072,
  2173,
  1644,
  3200,
  1061,
  1941,
  1931,
  3213,
  1831,
  496,
  2008,
  1650,
  1543,
  1349,
  3575,
  2075,
  875,
  1859,
  2770,
  4093,
  1028,
  2344,
  2037,
  1229,
  3445,
  2505,
  2250,
  1928,
  2138,
  3833,
  1780,
  621,
  2615,
  3155,
  1166,
  2522,
  2657,
  1529,
  1992,
  3804],
 [2097,
  2402,
  743,
  1626,
  2562,
  900,
  1002,
  2212,
  1723,
  1699,
  709,
  1589,
  1940,
  1589,
  1124,
  1245,
  1923,
  2153,
  2703,
  2511,
  1432,
  2787,
  1992,
  1454,
  684,
  374,
  2885,
  942,
  1829,
  1572,
  514,
  2302,
  342,
  1970,
  941,
  848,
  938,
  2360,
  2937,
  657,
  1657,
  2773,
  1811,
  1824,
  1766,
  0,
  1518,
  855,
  2519,
  1290,
  3816,
  793,
  1250,
  2734,
  2007,
  2101,
  2815,
  2959,
  1584,
  2114,
  1617,
  2250,
  3762,
  3404,
  3374,
  2310,
  2300,
  3499,
  1986,
  268,
  2096,
  2584,
  1089,
  1786,
  528,
  2169,
  2346,
  1947,
  741,
  257,
  2723,
  2324,
  2720,
  1535,
  1923,
  1885,
  1147,
  1013,
  1387,
  3283,
  799,
  3093],
 [1665,
  1970,
  877,
  2138,
  2130,
  1157,
  550,
  1780,
  1864,
  2525,
  1138,
  1157,
  1049,
  2178,
  1952,
  1834,
  1491,
  1721,
  2271,
  3337,
  1656,
  3615,
  2818,
  2043,
  1512,
  1534,
  3713,
  1770,
  1397,
  1140,
  1342,
  3130,
  1170,
  2798,
  807,
  710,
  1450,
  1928,
  2505,
  1623,
  2169,
  2341,
  2400,
  1392,
  1334,
  1446,
  0,
  1683,
  2087,
  1431,
  2660,
  721,
  1391,
  2875,
  804,
  2242,
  1477,
  2357,
  2096,
  2255,
  1150,
  1359,
  2424,
  2066,
  1959,
  1107,
  2549,
  2491,
  1554,
  1178,
  2237,
  3412,
  347,
  2298,
  1356,
  1737,
  2487,
  2459,
  1569,
  1247,
  2554,
  3152,
  2288,
  1103,
  1934,
  2474,
  485,
  1841,
  1976,
  1945,
  1311,
  3692],
 [1677,
  2544,
  1298,
  913,
  2704,
  479,
  1144,
  2354,
  2278,
  844,
  1559,
  1731,
  2082,
  2279,
  1069,
  1935,
  1375,
  2295,
  2572,
  1656,
  719,
  2257,
  1137,
  2144,
  171,
  896,
  2355,
  887,
  1971,
  1714,
  459,
  2247,
  556,
  1915,
  1496,
  990,
  517,
  2502,
  3079,
  1376,
  944,
  2915,
  2283,
  1404,
  1908,
  856,
  1660,
  0,
  2092,
  1845,
  3859,
  1348,
  1805,
  3289,
  2197,
  2656,
  2957,
  3514,
  871,
  2669,
  1807,
  2392,
  3904,
  3546,
  3929,
  2500,
  2963,
  4054,
  2128,
  588,
  2651,
  2285,
  1231,
  1073,
  318,
  1749,
  2901,
  1234,
  686,
  1021,
  3278,
  2269,
  2160,
  1677,
  2348,
  2575,
  1370,
  158,
  2077,
  3425,
  316,
  2011],
 [278,
  1025,
  2629,
  1623,
  1185,
  2091,
  1596,
  835,
  3609,
  2010,
  2890,
  1075,
  1663,
  3930,
  2998,
  3586,
  773,
  366,
  583,
  2822,
  1472,
  3423,
  2303,
  3795,
  2205,
  2580,
  3521,
  2816,
  758,
  1058,
  2388,
  3783,
  2216,
  4270,
  2827,
  1756,
  1695,
  983,
  1560,
  3375,
  1588,
  1396,
  4212,
  843,
  1252,
  2492,
  1933,
  2034,
  0,
  3176,
  3215,
  2679,
  3136,
  3425,
  2896,
  4452,
  2313,
  3193,
  1304,
  4465,
  3106,
  1748,
  3260,
  2902,
  2795,
  2601,
  4827,
  3327,
  609,
  2224,
  4022,
  3451,
  1683,
  1717,
  1822,
  727,
  4697,
  1878,
  2615,
  2749,
  3390,
  3935,
  642,
  1248,
  3679,
  4226,
  2393,
  1938,
  3728,
  2781,
  1556,
  3177],
 [2624,
  2929,
  505,
  2153,
  3089,
  1427,
  1529,
  2739,
  1221,
  2540,
  462,
  2116,
  1758,
  1733,
  1908,
  1389,
  2450,
  2680,
  3230,
  3352,
  1959,
  3571,
  2833,
  1598,
  1527,
  901,
  3669,
  1726,
  2356,
  2099,
  1357,
  3086,
  1135,
  2539,
  439,
  1375,
  1465,
  2887,
  3464,
  1178,
  2184,
  3300,
  1955,
  2351,
  2293,
  1127,
  1336,
  1642,
  3046,
  0,
  3314,
  555,
  748,
  2232,
  1505,
  1599,
  2178,
  2457,
  2111,
  1612,
  1115,
  2068,
  3590,
  2767,
  2872,
  1808,
  1906,
  2997,
  2513,
  1061,
  1594,
  3368,
  1479,
  2313,
  1371,
  2696,
  1844,
  2474,
  1584,
  907,
  2221,
  3108,
  3247,
  2062,
  1291,
  2029,
  909,
  1800,
  1531,
  2646,
  1326,
  3877],
 [2937,
  3071,
  3158,
  4030,
  3231,
  3338,
  2731,
  2881,
  3086,
  4417,
  3115,
  2258,
  1911,
  3620,
  4561,
  3525,
  3198,
  2822,
  3372,
  5229,
  3879,
  6224,
  4710,
  3369,
  3693,
  3554,
  6322,
  4379,
  2498,
  2211,
  3523,
  5739,
  3351,
  5192,
  3092,
  2891,
  3631,
  3029,
  3606,
  3831,
  3995,
  3442,
  4608,
  3099,
  1959,
  3780,
  2181,
  3864,
  3188,
  2653,
  0,
  3208,
  2681,
  1098,
  1481,
  2125,
  908,
  866,
  3711,
  2138,
  3048,
  1503,
  487,
  846,
  468,
  1186,
  2500,
  311,
  2655,
  3359,
  1695,
  6021,
  2528,
  4124,
  3537,
  3009,
  2370,
  4285,
  3750,
  3560,
  1063,
  5761,
  3560,
  2401,
  3103,
  4682,
  2666,
  4022,
  3667,
  933,
  3492,
  5670],
 [2242,
  2547,
  270,
  1991,
  2707,
  1265,
  1127,
  2357,
  1250,
  2378,
  531,
  1734,
  1203,
  1571,
  1746,
  1227,
  2068,
  2298,
  2848,
  3190,
  1797,
  3409,
  2671,
  1436,
  1365,
  739,
  3507,
  1564,
  1974,
  1708,
  1195,
  2924,
  973,
  2377,
  200,
  1287,
  1303,
  2505,
  3082,
  1016,
  2022,
  2918,
  1793,
  1969,
  1456,
  965,
  781,
  1480,
  2664,
  817,
  2980,
  0,
  777,
  2261,
  1181,
  1628,
  2078,
  2486,
  1949,
  1641,
  791,
  1513,
  3025,
  2667,
  2901,
  1484,
  1935,
  3026,
  2131,
  899,
  1623,
  3206,
  924,
  2151,
  1209,
  2314,
  1873,
  2312,
  1422,
  640,
  2250,
  2946,
  2865,
  1680,
  1320,
  1867,
  354,
  1638,
  1369,
  2546,
  1164,
  3715],
 [3396,
  3701,
  1277,
  2925,
  3861,
  2199,
  2301,
  3511,
  1205,
  3312,
  1234,
  2888,
  3567,
  1739,
  2680,
  1644,
  3222,
  3452,
  4002,
  4124,
  2731,
  4343,
  3605,
  1488,
  2299,
  1673,
  4441,
  2498,
  3128,
  3867,
  2129,
  3858,
  1907,
  3311,
  1211,
  2147,
  2237,
  3659,
  4236,
  1950,
  2956,
  4072,
  2727,
  3123,
  3615,
  1899,
  2131,
  2414,
  3818,
  772,
  2566,
  1327,
  0,
  1484,
  1557,
  851,
  2564,
  1709,
  2883,
  864,
  1167,
  3159,
  2842,
  3153,
  2124,
  1860,
  1226,
  2249,
  3285,
  1833,
  846,
  4140,
  2274,
  3085,
  2143,
  3468,
  1096,
  3246,
  2356,
  1679,
  1473,
  3880,
  4019,
  2834,
  1275,
  2801,
  1704,
  2572,
  1786,
  3288,
  2098,
  4649],
 [3109,
  3243,
  2517,
  4165,
  3403,
  3439,
  2903,
  3053,
  2445,
  4552,
  2474,
  2430,
  2083,
  2979,
  3920,
  2884,
  3370,
  2994,
  3544,
  5364,
  3971,
  5583,
  4845,
  2728,
  3539,
  2913,
  5681,
  3738,
  2670,
  2383,
  3369,
  5098,
  3147,
  4551,
  2451,
  3063,
  3477,
  3201,
  3778,
  3190,
  4196,
  3614,
  3967,
  3271,
  2131,
  3139,
  2353,
  3654,
  3360,
  2012,
  1082,
  2567,
  2040,
  0,
  1653,
  1484,
  1080,
  225,
  3883,
  1497,
  2407,
  1675,
  1358,
  1669,
  640,
  1358,
  1859,
  765,
  2827,
  3073,
  1054,
  5380,
  2700,
  4325,
  3383,
  3181,
  1729,
  4486,
  3596,
  2919,
  422,
  5120,
  3732,
  2573,
  2462,
  4041,
  2838,
  3812,
  3026,
  1804,
  3338,
  5889],
 [2702,
  2836,
  1345,
  2821,
  2996,
  1840,
  1233,
  2646,
  1381,
  3208,
  1410,
  1840,
  1676,
  1915,
  2856,
  1820,
  2174,
  2587,
  3137,
  4020,
  2339,
  4519,
  3501,
  1664,
  2195,
  1849,
  4617,
  2674,
  2263,
  1976,
  2025,
  4034,
  1853,
  3487,
  1074,
  1393,
  2133,
  2794,
  3371,
  2126,
  2852,
  3207,
  2903,
  2075,
  1724,
  2075,
  887,
  2366,
  2953,
  948,
  1856,
  1189,
  908,
  1785,
  0,
  1759,
  673,
  1553,
  2779,
  1772,
  681,
  1268,
  1620,
  1262,
  1155,
  303,
  2066,
  1687,
  2420,
  1861,
  1754,
  4316,
  1030,
  2981,
  2039,
  2420,
  2004,
  3142,
  2252,
  1855,
  1750,
  4056,
  3325,
  2166,
  1451,
  2977,
  1218,
  2524,
  1962,
  1141,
  1994,
  4375],
 [4168,
  4302,
  1402,
  3050,
  4462,
  2324,
  2426,
  4112,
  1108,
  3437,
  1359,
  3013,
  3142,
  1642,
  2805,
  1547,
  3347,
  4053,
  4603,
  4249,
  2856,
  4468,
  3730,
  1391,
  2424,
  1798,
  4566,
  2623,
  3729,
  3442,
  2254,
  3983,
  2032,
  3436,
  1336,
  2272,
  2362,
  4260,
  4837,
  2075,
  3081,
  4673,
  2852,
  3248,
  3190,
  2024,
  3412,
  2539,
  4419,
  897,
  2141,
  1452,
  925,
  1059,
  1682,
  0,
  2139,
  1284,
  3008,
  439,
  1292,
  2734,
  2417,
  2728,
  1699,
  2417,
  566,
  1824,
  3886,
  1958,
  421,
  4265,
  2399,
  3210,
  2268,
  3593,
  671,
  3371,
  2481,
  1804,
  1048,
  4005,
  4791,
  2959,
  1169,
  2926,
  1829,
  2697,
  1700,
  2863,
  2223,
  4774],
 [2207,
  2341,
  2096,
  3300,
  2501,
  2608,
  2001,
  2151,
  2132,
  3687,
  2161,
  1528,
  1181,
  2666,
  3403,
  2571,
  2468,
  2092,
  2642,
  4499,
  3149,
  5066,
  3980,
  2415,
  2963,
  2600,
  5164,
  3221,
  1768,
  1481,
  2793,
  4581,
  2621,
  4249,
  1825,
  2161,
  2901,
  2299,
  2876,
  2877,
  3265,
  2712,
  3654,
  2369,
  1229,
  2897,
  1451,
  3134,
  2458,
  1699,
  1183,
  1940,
  1659,
  1280,
  751,
  2307,
  0,
  1048,
  2981,
  2320,
  1432,
  773,
  947,
  589,
  650,
  456,
  2682,
  1494,
  1925,
  2629,
  1877,
  4863,
  1798,
  3394,
  2807,
  2279,
  2552,
  3555,
  3020,
  2606,
  1245,
  4603,
  2830,
  1671,
  2202,
  3728,
  1936,
  3292,
  2713,
  468,
  2762,
  4940],
 [3341,
  3475,
  2292,
  3940,
  3635,
  3214,
  3135,
  3285,
  2220,
  4327,
  2249,
  2662,
  2315,
  2754,
  3695,
  2659,
  3602,
  3226,
  3776,
  5139,
  3746,
  5358,
  4620,
  2503,
  3314,
  2688,
  5456,
  3513,
  2902,
  2615,
  3144,
  4873,
  2922,
  4326,
  2226,
  3162,
  3252,
  3433,
  4010,
  2965,
  3971,
  3846,
  3742,
  3503,
  2363,
  2914,
  2585,
  3429,
  3592,
  1787,
  1314,
  2342,
  1815,
  232,
  1885,
  1259,
  1312,
  0,
  3898,
  1272,
  2182,
  1907,
  1590,
  1901,
  872,
  1590,
  1634,
  997,
  3059,
  2848,
  829,
  5155,
  2932,
  4100,
  3158,
  3413,
  1504,
  4261,
  3371,
  2694,
  197,
  4895,
  3964,
  2805,
  2237,
  3816,
  2719,
  3587,
  2801,
  2036,
  3113,
  5664],
 [1054,
  2002,
  1915,
  628,
  2402,
  1096,
  1541,
  2253,
  2895,
  1015,
  2176,
  1524,
  2112,
  3216,
  2108,
  2872,
  504,
  1541,
  1701,
  1827,
  477,
  2428,
  1308,
  3081,
  1210,
  1866,
  2526,
  1926,
  1933,
  1507,
  1498,
  2788,
  1595,
  3275,
  2113,
  1607,
  1162,
  2200,
  2777,
  2415,
  593,
  2613,
  3322,
  927,
  1701,
  1778,
  2382,
  1039,
  1532,
  2462,
  3664,
  1965,
  2422,
  3874,
  2814,
  3273,
  2762,
  3642,
  0,
  3286,
  2424,
  2197,
  3709,
  3351,
  3244,
  3050,
  3580,
  3776,
  1784,
  1510,
  3268,
  2456,
  1628,
  722,
  1289,
  1176,
  3518,
  883,
  1725,
  2060,
  3839,
  2940,
  1289,
  1697,
  2965,
  3512,
  1987,
  943,
  3014,
  3230,
  1023,
  2182],
 [4482,
  4140,
  1716,
  3364,
  4300,
  2638,
  2740,
  3950,
  1644,
  3751,
  1673,
  3327,
  3456,
  2178,
  3119,
  2083,
  3661,
  3891,
  4441,
  4563,
  3170,
  4782,
  4044,
  1927,
  2738,
  2112,
  4880,
  2937,
  3567,
  3756,
  2568,
  4297,
  2346,
  3750,
  1650,
  2586,
  2676,
  4098,
  4675,
  2389,
  3395,
  4511,
  3166,
  3562,
  3504,
  2338,
  3726,
  2853,
  4257,
  1211,
  2455,
  1766,
  1239,
  1373,
  1996,
  683,
  2453,
  1598,
  3322,
  0,
  1606,
  3048,
  2731,
  3042,
  2013,
  2731,
  1058,
  2138,
  3724,
  2272,
  735,
  4579,
  2713,
  3524,
  2582,
  3907,
  232,
  3685,
  2795,
  2118,
  1362,
  4319,
  5105,
  3273,
  1661,
  3240,
  2143,
  3011,
  2225,
  3177,
  2537,
  5088],
 [2460,
  2765,
  1548,
  2933,
  2925,
  1952,
  1345,
  2575,
  1307,
  3320,
  1809,
  1952,
  1421,
  1841,
  2747,
  1746,
  2286,
  2516,
  3066,
  4132,
  2451,
  4410,
  3613,
  1590,
  2307,
  2017,
  4508,
  2565,
  2192,
  1926,
  2137,
  3925,
  1965,
  3655,
  1478,
  1505,
  2245,
  2723,
  3300,
  2294,
  2964,
  3136,
  3071,
  2187,
  1674,
  2241,
  999,
  2422,
  2882,
  874,
  2246,
  1392,
  834,
  2175,
  390,
  1685,
  1063,
  1943,
  2891,
  1698,
  0,
  1658,
  2010,
  1652,
  1545,
  693,
  1992,
  2077,
  2349,
  1973,
  2772,
  4207,
  1142,
  3093,
  2151,
  2532,
  1930,
  3254,
  2364,
  1918,
  2140,
  3947,
  3083,
  1898,
  1377,
  3145,
  1156,
  2580,
  1888,
  1531,
  2106,
  4487],
 [1434,
  1568,
  1555,
  2527,
  1728,
  1835,
  1228,
  1378,
  2542,
  2914,
  1816,
  755,
  408,
  2856,
  2630,
  2512,
  1695,
  1319,
  1869,
  3726,
  2376,
  4293,
  3207,
  2721,
  2190,
  2024,
  4391,
  2448,
  995,
  708,
  2020,
  3808,
  1848,
  3476,
  1485,
  1388,
  2128,
  1526,
  2103,
  2301,
  2492,
  1939,
  3078,
  1596,
  456,
  2124,
  678,
  2361,
  1685,
  2109,
  1980,
  1399,
  2069,
  2190,
  1661,
  3217,
  1078,
  1958,
  2208,
  3230,
  1828,
  0,
  2025,
  1667,
  1560,
  1366,
  3592,
  2092,
  1152,
  1856,
  2787,
  4090,
  1025,
  2621,
  2034,
  1506,
  3462,
  2782,
  2247,
  1925,
  2155,
  3830,
  2057,
  898,
  2612,
  3152,
  1163,
  2519,
  2654,
  1546,
  1989,
  4081],
 [3173,
  3307,
  3394,
  4266,
  3467,
  3574,
  2967,
  3117,
  3322,
  4653,
  3351,
  2494,
  2147,
  3856,
  4797,
  3761,
  3434,
  3058,
  3608,
  5465,
  4115,
  6460,
  4946,
  3605,
  3929,
  3790,
  6558,
  4615,
  2734,
  2447,
  3759,
  5975,
  3587,
  5428,
  3328,
  3127,
  3867,
  3265,
  3842,
  4067,
  4231,
  3678,
  4844,
  3335,
  2195,
  4016,
  2417,
  4100,
  3424,
  2889,
  236,
  3444,
  2917,
  1334,
  1717,
  2361,
  1144,
  1102,
  3947,
  2374,
  3284,
  1739,
  0,
  660,
  704,
  1422,
  2736,
  547,
  2891,
  3595,
  1931,
  6257,
  2764,
  4360,
  3773,
  3245,
  2606,
  4521,
  3986,
  3796,
  1299,
  5997,
  3796,
  2637,
  3339,
  4918,
  2902,
  4258,
  3903,
  747,
  3728,
  5906],
 [2783,
  2917,
  3752,
  3876,
  3077,
  3184,
  2577,
  2727,
  3680,
  4263,
  3709,
  2104,
  1757,
  4214,
  3979,
  4119,
  3044,
  2668,
  3218,
  5075,
  3725,
  5642,
  4556,
  3963,
  3539,
  4148,
  5740,
  3797,
  2344,
  2057,
  3369,
  5157,
  3197,
  5786,
  2401,
  2737,
  3477,
  2875,
  3452,
  4425,
  3841,
  3288,
  5202,
  2945,
  1805,
  3473,
  2027,
  3710,
  3034,
  3247,
  594,
  3802,
  2235,
  1692,
  1327,
  2719,
  1502,
  1460,
  3557,
  2732,
  2008,
  1349,
  358,
  0,
  1062,
  1032,
  3094,
  905,
  2501,
  3205,
  2289,
  5439,
  2374,
  3970,
  3383,
  2855,
  2964,
  4131,
  3596,
  4154,
  1657,
  5179,
  3406,
  2247,
  3697,
  5276,
  2512,
  3868,
  4261,
  308,
  3338,
  5516],
 [2469,
  2603,
  2872,
  3562,
  2763,
  2870,
  2263,
  2413,
  2800,
  3949,
  2829,
  1790,
  1443,
  3334,
  3665,
  3239,
  2730,
  2354,
  2904,
  4761,
  3411,
  5328,
  4242,
  3083,
  3225,
  3268,
  5426,
  3483,
  2030,
  1743,
  3055,
  4843,
  2883,
  4511,
  2087,
  2423,
  3163,
  2561,
  3138,
  3545,
  3527,
  2974,
  4322,
  2631,
  1491,
  3159,
  1713,
  3396,
  2720,
  2367,
  602,
  2434,
  1921,
  812,
  1013,
  1839,
  440,
  580,
  3243,
  1852,
  1694,
  1035,
  878,
  1029,
  0,
  718,
  2214,
  714,
  2187,
  2891,
  1409,
  5125,
  2060,
  3656,
  3069,
  2541,
  2084,
  3817,
  3282,
  3274,
  777,
  4865,
  3092,
  1933,
  2817,
  4396,
  2198,
  3554,
  3381,
  908,
  3024,
  5202],
 [2407,
  2541,
  1648,
  3124,
  2701,
  2143,
  1536,
  2351,
  1684,
  3511,
  1713,
  1728,
  1381,
  2218,
  3159,
  2123,
  2668,
  2292,
  2842,
  4323,
  2642,
  4822,
  3804,
  1967,
  2498,
  2152,
  4920,
  2977,
  1968,
  1681,
  2328,
  4337,
  2156,
  3790,
  1377,
  1696,
  2436,
  2499,
  3076,
  2429,
  3465,
  2912,
  3206,
  2569,
  1429,
  2378,
  1651,
  2669,
  2658,
  1251,
  1561,
  1492,
  1211,
  1490,
  303,
  2517,
  378,
  1258,
  3181,
  2530,
  984,
  973,
  1325,
  967,
  860,
  0,
  2892,
  1392,
  2125,
  2164,
  2087,
  4619,
  1333,
  3594,
  2342,
  2479,
  2762,
  3755,
  2555,
  2158,
  1455,
  4359,
  3030,
  1871,
  1754,
  3280,
  1521,
  2827,
  2265,
  846,
  2297,
  5128],
 [4417,
  4551,
  1651,
  3299,
  4711,
  2573,
  2675,
  4361,
  696,
  3686,
  1172,
  3262,
  3391,
  1230,
  2703,
  1135,
  3596,
  4302,
  4852,
  4498,
  3105,
  3787,
  3979,
  979,
  2673,
  2047,
  3885,
  2521,
  3978,
  3691,
  2503,
  3302,
  2281,
  2671,
  1585,
  2521,
  2611,
  4509,
  5086,
  1973,
  3330,
  4922,
  2097,
  3497,
  3439,
  2273,
  3661,
  2788,
  4668,
  1146,
  2390,
  1701,
  1174,
  1308,
  1931,
  249,
  2388,
  1533,
  3257,
  688,
  1541,
  2983,
  2666,
  2977,
  1948,
  2666,
  0,
  2073,
  4135,
  2207,
  670,
  3584,
  2648,
  3459,
  2517,
  3842,
  920,
  3620,
  2730,
  2053,
  1297,
  3324,
  5040,
  3208,
  832,
  2161,
  2078,
  2946,
  1363,
  3112,
  2472,
  4093],
 [3063,
  3197,
  2854,
  4502,
  3357,
  3776,
  2857,
  3007,
  2782,
  4889,
  2811,
  2384,
  2037,
  3316,
  4257,
  3221,
  3324,
  2948,
  3498,
  5701,
  4005,
  5920,
  5182,
  3065,
  3876,
  3250,
  6018,
  4075,
  2624,
  2337,
  3706,
  5435,
  3484,
  4888,
  2788,
  3017,
  3814,
  3155,
  3732,
  3527,
  4533,
  3568,
  4304,
  3225,
  2085,
  3476,
  2307,
  3991,
  3314,
  2349,
  620,
  2904,
  2377,
  794,
  1607,
  1821,
  1034,
  562,
  3837,
  1834,
  2744,
  1629,
  896,
  1623,
  594,
  1312,
  2196,
  0,
  2781,
  3410,
  1391,
  5717,
  2654,
  4662,
  3720,
  3135,
  2066,
  4823,
  3933,
  3256,
  759,
  5457,
  3686,
  2527,
  2799,
  4378,
  2792,
  4149,
  3363,
  1342,
  3675,
  6226],
 [921,
  524,
  2074,
  2266,
  684,
  1605,
  1041,
  334,
  3054,
  2653,
  2335,
  520,
  1108,
  3375,
  2443,
  3031,
  1416,
  275,
  825,
  3465,
  2115,
  4106,
  2946,
  3240,
  2003,
  2025,
  4204,
  2261,
  149,
  503,
  1833,
  3621,
  1661,
  3289,
  2272,
  1201,
  1941,
  482,
  1059,
  2820,
  2231,
  895,
  3657,
  1391,
  697,
  1937,
  1378,
  2118,
  641,
  2621,
  2660,
  2124,
  2581,
  2870,
  2341,
  3897,
  1758,
  2638,
  1947,
  3910,
  2551,
  1193,
  2705,
  2347,
  2240,
  2046,
  4272,
  2772,
  0,
  1669,
  3467,
  3903,
  1128,
  2360,
  1847,
  1370,
  4142,
  2521,
  2060,
  2194,
  2835,
  3643,
  1402,
  693,
  3124,
  3671,
  1838,
  2276,
  3173,
  2226,
  1802,
  3820],
 [1857,
  2162,
  887,
  1386,
  2322,
  1014,
  762,
  1972,
  1867,
  1431,
  1148,
  1349,
  1700,
  1857,
  856,
  1513,
  1683,
  1913,
  2463,
  2243,
  1192,
  2519,
  1724,
  1722,
  416,
  308,
  2617,
  674,
  1589,
  1332,
  246,
  2034,
  74,
  1702,
  1085,
  608,
  698,
  2120,
  2697,
  1163,
  1417,
  2533,
  2070,
  1584,
  1526,
  268,
  1278,
  587,
  2279,
  1434,
  3477,
  937,
  1394,
  2878,
  1786,
  2245,
  2575,
  3103,
  1344,
  2258,
  1396,
  2010,
  3522,
  3164,
  3518,
  2089,
  2568,
  3643,
  1746,
  0,
  2240,
  2316,
  849,
  1546,
  260,
  1929,
  2490,
  1707,
  473,
  525,
  2867,
  2056,
  2480,
  1295,
  1937,
  2153,
  959,
  745,
  1655,
  3043,
  851,
  2825],
 [3747,
  3881,
  1725,
  3373,
  4041,
  2647,
  3541,
  3691,
  1653,
  3760,
  1682,
  3068,
  2721,
  2187,
  3128,
  2092,
  4008,
  3632,
  4182,
  4572,
  3179,
  4791,
  4053,
  1936,
  2747,
  2121,
  4889,
  2946,
  3308,
  3021,
  2577,
  4306,
  2355,
  3759,
  1659,
  2595,
  2685,
  3839,
  4416,
  2398,
  3404,
  4252,
  3175,
  3909,
  2769,
  2347,
  2991,
  2862,
  3998,
  1220,
  1720,
  1775,
  1248,
  638,
  2291,
  692,
  1718,
  863,
  3331,
  705,
  1615,
  2313,
  1996,
  2307,
  1278,
  1996,
  1067,
  1403,
  3465,
  2281,
  0,
  4588,
  3338,
  3533,
  2591,
  3819,
  937,
  3694,
  2804,
  2127,
  627,
  4328,
  4370,
  3211,
  1670,
  3249,
  2152,
  3020,
  2234,
  2442,
  2546,
  5097],
 [3199,
  4147,
  3453,
  1781,
  4547,
  2769,
  3434,
  4398,
  3541,
  1421,
  3419,
  3669,
  4257,
  2780,
  1841,
  2893,
  2649,
  3686,
  3846,
  792,
  2150,
  203,
  1080,
  3102,
  2072,
  3539,
  301,
  2176,
  4078,
  3652,
  2360,
  892,
  2687,
  1379,
  3651,
  3280,
  2418,
  4345,
  4922,
  2665,
  2213,
  4758,
  2084,
  3072,
  3846,
  2987,
  3950,
  1953,
  3677,
  3812,
  5905,
  3503,
  3960,
  5444,
  4487,
  4139,
  5003,
  5669,
  2145,
  4824,
  4097,
  4342,
  5950,
  5592,
  6084,
  4790,
  3948,
  6209,
  3929,
  2719,
  4806,
  0,
  3521,
  2342,
  2219,
  3321,
  5056,
  2503,
  2420,
  2988,
  5433,
  1044,
  3434,
  3842,
  3571,
  2532,
  3660,
  2111,
  3035,
  5471,
  2217,
  509],
 [1318,
  1623,
  1236,
  1791,
  1783,
  810,
  203,
  1433,
  2089,
  2178,
  1363,
  810,
  851,
  2403,
  1605,
  2059,
  1144,
  1374,
  1924,
  2990,
  1309,
  3268,
  2471,
  2268,
  1165,
  1187,
  3366,
  1423,
  1050,
  793,
  995,
  2783,
  823,
  2451,
  1032,
  363,
  1103,
  1581,
  2158,
  1848,
  1822,
  1994,
  2819,
  1045,
  987,
  1099,
  429,
  1336,
  1740,
  1656,
  2628,
  946,
  1616,
  2838,
  1029,
  2467,
  1726,
  2606,
  1749,
  2480,
  1375,
  1161,
  2673,
  2315,
  2208,
  1332,
  2774,
  2740,
  1207,
  831,
  2462,
  3065,
  0,
  1951,
  1009,
  1390,
  2712,
  2112,
  1222,
  1356,
  2803,
  2805,
  1941,
  756,
  2159,
  2699,
  710,
  1494,
  2201,
  2194,
  964,
  3345],
 [1769,
  2717,
  2158,
  867,
  3117,
  1339,
  2004,
  2968,
  3138,
  1254,
  2419,
  2239,
  2942,
  3459,
  2351,
  3115,
  1236,
  2256,
  2416,
  2066,
  720,
  2667,
  1547,
  3324,
  1453,
  2109,
  2765,
  2169,
  2648,
  2222,
  1741,
  3027,
  1838,
  3514,
  2356,
  1850,
  1405,
  2915,
  3492,
  2658,
  471,
  3328,
  3565,
  1659,
  2416,
  2021,
  2520,
  1282,
  2128,
  2705,
  4379,
  2208,
  2665,
  4149,
  3057,
  3516,
  3477,
  4374,
  715,
  3529,
  2667,
  2912,
  4424,
  4066,
  4789,
  3360,
  3823,
  4914,
  2499,
  1753,
  3511,
  2695,
  2091,
  0,
  1532,
  1891,
  3761,
  161,
  1968,
  2303,
  4138,
  3179,
  1885,
  2537,
  3208,
  3755,
  2230,
  1186,
  3257,
  3945,
  1266,
  2421],
 [1627,
  2316,
  1041,
  1155,
  2476,
  429,
  916,
  2126,
  2021,
  1162,
  1302,
  1503,
  1854,
  2342,
  1038,
  1998,
  1617,
  2067,
  2814,
  1728,
  961,
  2329,
  1209,
  2207,
  200,
  568,
  2799,
  856,
  1743,
  1486,
  428,
  2216,
  228,
  1884,
  1239,
  762,
  467,
  2274,
  2851,
  1345,
  1186,
  2687,
  2252,
  1354,
  1680,
  528,
  1432,
  318,
  2042,
  1588,
  3631,
  1091,
  1548,
  3032,
  1940,
  2399,
  2729,
  3257,
  1113,
  2412,
  1550,
  2164,
  3676,
  3318,
  3672,
  2243,
  2706,
  3797,
  1900,
  260,
  2394,
  2498,
  1003,
  1315,
  0,
  1699,
  2644,
  1476,
  655,
  990,
  3021,
  2238,
  2402,
  1449,
  2091,
  2638,
  1113,
  476,
  2140,
  3197,
  266,
  2083],
 [1558,
  1161,
  1902,
  2154,
  1321,
  1433,
  869,
  971,
  2882,
  2541,
  2163,
  348,
  936,
  3203,
  2271,
  2859,
  1318,
  912,
  1462,
  3353,
  1932,
  3934,
  2834,
  3068,
  1831,
  1853,
  4032,
  2089,
  588,
  331,
  1661,
  3449,
  1489,
  3117,
  2100,
  1029,
  1769,
  1119,
  1696,
  2648,
  2488,
  1532,
  3485,
  1668,
  525,
  1765,
  1206,
  1946,
  1278,
  2449,
  2488,
  1952,
  2409,
  2698,
  2169,
  3725,
  1586,
  2466,
  1831,
  3738,
  2379,
  1021,
  2533,
  2175,
  2068,
  1874,
  4100,
  2600,
  745,
  1497,
  3295,
  3731,
  956,
  2617,
  1675,
  0,
  3970,
  2778,
  1888,
  2022,
  2663,
  3471,
  2039,
  521,
  2952,
  3499,
  1666,
  2104,
  3001,
  2054,
  1630,
  3708],
 [4696,
  4830,
  1930,
  3578,
  4990,
  2852,
  2954,
  4640,
  1858,
  3965,
  1887,
  3541,
  3670,
  2392,
  3333,
  2297,
  3875,
  4581,
  5131,
  4777,
  3384,
  4996,
  4258,
  2141,
  2952,
  2326,
  5094,
  3151,
  4257,
  3970,
  2782,
  4511,
  2560,
  3964,
  1864,
  2800,
  2890,
  4788,
  5365,
  2603,
  3609,
  5201,
  3380,
  3776,
  3718,
  2552,
  3940,
  3067,
  4947,
  1425,
  2669,
  1980,
  1453,
  1587,
  2210,
  897,
  2667,
  1812,
  3536,
  967,
  1820,
  3262,
  2945,
  3256,
  2227,
  2945,
  1272,
  2352,
  4414,
  2486,
  949,
  4793,
  2927,
  3738,
  2796,
  4121,
  0,
  3899,
  3009,
  2332,
  1576,
  4533,
  5319,
  3487,
  1875,
  3454,
  2357,
  3225,
  2439,
  3391,
  2751,
  5302],
 [1969,
  2917,
  2358,
  1067,
  3317,
  1539,
  2204,
  3168,
  3338,
  1454,
  2619,
  2439,
  3142,
  3659,
  2551,
  3315,
  1419,
  2456,
  2616,
  2266,
  920,
  2867,
  1747,
  3524,
  1653,
  2309,
  2965,
  2369,
  2848,
  2422,
  1941,
  3227,
  2038,
  3714,
  2556,
  2050,
  1605,
  3115,
  3692,
  2858,
  671,
  3528,
  3765,
  1842,
  2616,
  2221,
  2720,
  1482,
  2447,
  2905,
  4579,
  2408,
  2865,
  4349,
  3257,
  3716,
  3677,
  4574,
  915,
  3729,
  2867,
  3112,
  4624,
  4266,
  4989,
  3560,
  4023,
  5114,
  2699,
  1953,
  3711,
  2895,
  2291,
  826,
  1732,
  2091,
  3961,
  0,
  2168,
  2503,
  4338,
  3379,
  2204,
  2737,
  3408,
  3955,
  2430,
  1386,
  3457,
  4145,
  1466,
  2621],
 [2312,
  2617,
  1484,
  1662,
  2777,
  1190,
  1217,
  2427,
  2193,
  1679,
  1450,
  1804,
  2155,
  1889,
  383,
  1545,
  2138,
  2368,
  2918,
  1323,
  1468,
  2046,
  1316,
  1754,
  578,
  1543,
  2144,
  201,
  2044,
  1787,
  432,
  1561,
  529,
  1229,
  1682,
  1063,
  1228,
  2575,
  3152,
  690,
  1693,
  2988,
  1597,
  2039,
  1981,
  1270,
  1733,
  749,
  2734,
  2031,
  4557,
  1534,
  1991,
  3475,
  2748,
  2791,
  3030,
  3700,
  1620,
  2855,
  2358,
  2465,
  4833,
  3619,
  4115,
  3051,
  2600,
  4240,
  2201,
  561,
  2837,
  1843,
  1304,
  1822,
  715,
  2384,
  3087,
  1983,
  0,
  1013,
  3464,
  1583,
  2909,
  1750,
  2223,
  2185,
  1888,
  907,
  1687,
  3498,
  1027,
  2352],
 [2253,
  2558,
  599,
  1782,
  2718,
  1056,
  1158,
  2368,
  1636,
  2169,
  452,
  1745,
  2096,
  1332,
  1130,
  988,
  2079,
  2309,
  2859,
  2981,
  1588,
  2793,
  2462,
  1197,
  850,
  530,
  2891,
  948,
  1985,
  1728,
  680,
  2308,
  599,
  1976,
  797,
  1004,
  1094,
  2516,
  3093,
  400,
  1813,
  2929,
  1554,
  1980,
  1922,
  257,
  1674,
  1021,
  2675,
  1146,
  3672,
  977,
  1106,
  2590,
  1863,
  2234,
  2971,
  2815,
  1740,
  1970,
  1473,
  2406,
  3948,
  3560,
  3230,
  2166,
  2043,
  3355,
  2142,
  525,
  1952,
  2590,
  1245,
  1942,
  785,
  2325,
  2202,
  2103,
  907,
  0,
  2579,
  2330,
  2876,
  1691,
  1666,
  1628,
  1331,
  1179,
  1130,
  3439,
  955,
  3099],
 [3706,
  3840,
  2095,
  3743,
  4000,
  3017,
  3500,
  3650,
  2023,
  4130,
  2052,
  3027,
  2680,
  2557,
  3498,
  2462,
  3967,
  3591,
  4141,
  4942,
  3549,
  5161,
  4423,
  2306,
  3117,
  2491,
  5259,
  3316,
  3267,
  2980,
  2947,
  4676,
  2725,
  4129,
  2029,
  2965,
  3055,
  3798,
  4375,
  2768,
  3774,
  4211,
  3545,
  3868,
  2728,
  2717,
  2950,
  3232,
  3957,
  1590,
  1679,
  2145,
  1618,
  597,
  2250,
  1062,
  1677,
  822,
  3701,
  1075,
  1985,
  2272,
  1955,
  2266,
  1237,
  1955,
  1437,
  1362,
  3424,
  2651,
  632,
  4958,
  3297,
  3903,
  2961,
  3778,
  1307,
  4064,
  3174,
  2497,
  0,
  4698,
  4329,
  3170,
  2040,
  3619,
  2522,
  3390,
  2604,
  2401,
  2916,
  5467],
 [3426,
  3731,
  2409,
  2606,
  3891,
  2304,
  2331,
  3541,
  2497,
  2246,
  2375,
  2918,
  3269,
  1736,
  797,
  1849,
  3252,
  3482,
  4032,
  1617,
  2582,
  1028,
  1905,
  2058,
  1692,
  2805,
  1126,
  1132,
  3158,
  2901,
  1546,
  543,
  1643,
  335,
  2607,
  2177,
  2342,
  3689,
  4266,
  1621,
  2807,
  4102,
  1040,
  3153,
  3095,
  1943,
  2847,
  1863,
  3848,
  2768,
  5482,
  2459,
  2916,
  4400,
  3673,
  3095,
  4144,
  4625,
  2734,
  3780,
  3283,
  3579,
  5758,
  4733,
  5040,
  3976,
  2904,
  5165,
  3315,
  1675,
  3762,
  825,
  2418,
  2936,
  1829,
  3498,
  4012,
  3097,
  1376,
  1944,
  4389,
  0,
  4023,
  2864,
  2527,
  1488,
  2813,
  2021,
  1991,
  4612,
  2141,
  1334],
 [499,
  1200,
  2850,
  1844,
  1360,
  2312,
  1817,
  1010,
  3830,
  2231,
  3111,
  1296,
  1884,
  4151,
  3219,
  3807,
  994,
  541,
  708,
  3043,
  1693,
  3644,
  2524,
  4016,
  2426,
  2801,
  3742,
  3037,
  933,
  1279,
  2609,
  4004,
  2437,
  4491,
  3048,
  1977,
  1916,
  1158,
  1735,
  3596,
  1809,
  1571,
  4433,
  1064,
  1473,
  2713,
  2154,
  2255,
  243,
  3397,
  3436,
  2900,
  3357,
  3646,
  3117,
  4673,
  2534,
  3414,
  1525,
  4686,
  3327,
  1969,
  3481,
  3123,
  3016,
  2822,
  5048,
  3548,
  784,
  2445,
  4243,
  3672,
  1904,
  1938,
  2043,
  948,
  4918,
  2099,
  2836,
  2970,
  3611,
  4156,
  0,
  1469,
  3900,
  4447,
  2614,
  2159,
  3949,
  3002,
  1777,
  3398],
 [1200,
  1334,
  1381,
  1633,
  1494,
  912,
  348,
  1144,
  2361,
  2020,
  1642,
  521,
  1109,
  2682,
  1750,
  2338,
  1246,
  1085,
  1635,
  2832,
  1411,
  3413,
  2313,
  2547,
  1310,
  1332,
  3511,
  1568,
  761,
  504,
  1140,
  2928,
  968,
  2596,
  1579,
  508,
  1248,
  1292,
  1869,
  2127,
  1967,
  1705,
  2964,
  1147,
  698,
  1244,
  864,
  1481,
  1451,
  1928,
  2661,
  1431,
  1888,
  2871,
  1464,
  2739,
  1759,
  2639,
  1894,
  2752,
  1858,
  1194,
  2706,
  2348,
  2241,
  1767,
  3046,
  2773,
  918,
  976,
  2734,
  3210,
  435,
  2096,
  1154,
  1492,
  2984,
  2257,
  1367,
  1501,
  2836,
  2950,
  1823,
  0,
  2431,
  2978,
  1145,
  1639,
  2480,
  2227,
  1109,
  3187],
 [2865,
  3170,
  746,
  2394,
  3330,
  1668,
  1770,
  2980,
  432,
  2781,
  340,
  2357,
  2022,
  966,
  1923,
  871,
  2691,
  2921,
  3471,
  3593,
  2200,
  3586,
  3074,
  715,
  1768,
  1142,
  3684,
  1741,
  2597,
  2340,
  1598,
  3101,
  1376,
  2554,
  680,
  1616,
  1706,
  3128,
  3705,
  1193,
  2425,
  3541,
  1970,
  2592,
  2275,
  1368,
  1600,
  1883,
  3287,
  241,
  2835,
  796,
  269,
  1753,
  1026,
  1109,
  1699,
  1978,
  2352,
  1133,
  636,
  2294,
  3111,
  2288,
  2393,
  1329,
  1117,
  2518,
  2754,
  1302,
  1115,
  3383,
  1743,
  2554,
  1612,
  2937,
  1365,
  2715,
  1825,
  817,
  1742,
  3123,
  3488,
  2303,
  0,
  2044,
  1173,
  2041,
  1013,
  2167,
  1567,
  3892],
 [3601,
  3906,
  1817,
  3204,
  4066,
  2479,
  2506,
  3716,
  1905,
  2844,
  1783,
  3093,
  3070,
  1144,
  972,
  1257,
  3427,
  3657,
  4207,
  2215,
  2757,
  1626,
  2503,
  1466,
  1867,
  2213,
  1724,
  1307,
  3333,
  3076,
  1721,
  1141,
  1818,
  510,
  2015,
  2352,
  2517,
  3864,
  4441,
  1796,
  2982,
  4277,
  448,
  3328,
  3270,
  1413,
  2648,
  2038,
  4023,
  2176,
  4890,
  1867,
  2324,
  3808,
  3081,
  2503,
  3754,
  4033,
  2909,
  3188,
  2691,
  3380,
  5166,
  4343,
  4448,
  3384,
  2312,
  4573,
  3490,
  1850,
  3170,
  1423,
  2593,
  3111,
  2004,
  3673,
  3420,
  3272,
  1551,
  1156,
  3797,
  1163,
  4198,
  3039,
  1935,
  0,
  2221,
  2196,
  1399,
  4222,
  2316,
  1932],
 [1888,
  2193,
  693,
  2361,
  2353,
  1380,
  773,
  2003,
  1680,
  2748,
  954,
  1380,
  849,
  1994,
  2175,
  1650,
  1714,
  1944,
  2494,
  3560,
  1879,
  3838,
  3041,
  1859,
  1735,
  1162,
  3936,
  1993,
  1620,
  1354,
  1565,
  3353,
  1393,
  2800,
  623,
  933,
  1673,
  2151,
  2728,
  1439,
  2392,
  2564,
  2216,
  1615,
  1102,
  1669,
  427,
  1906,
  2310,
  1247,
  2626,
  537,
  1207,
  2836,
  903,
  2058,
  1724,
  2604,
  2319,
  2071,
  966,
  1159,
  2671,
  2313,
  2206,
  1206,
  2365,
  2738,
  1777,
  1401,
  2053,
  3635,
  570,
  2521,
  1579,
  1960,
  2303,
  2682,
  1792,
  1063,
  2801,
  3375,
  2511,
  1326,
  1750,
  2290,
  0,
  2064,
  1792,
  2192,
  1534,
  3915],
 [1960,
  2908,
  1667,
  811,
  3073,
  848,
  1513,
  2723,
  2647,
  686,
  1928,
  2100,
  2451,
  3054,
  1548,
  2710,
  1410,
  2447,
  2607,
  1498,
  754,
  2099,
  979,
  2919,
  582,
  1618,
  2197,
  1366,
  2340,
  2083,
  870,
  2459,
  967,
  2946,
  1865,
  1359,
  928,
  2871,
  3448,
  1855,
  979,
  3284,
  2762,
  1670,
  2277,
  1267,
  2029,
  411,
  2438,
  2214,
  4228,
  1717,
  2174,
  3658,
  2566,
  3025,
  3326,
  3883,
  906,
  3038,
  2176,
  2761,
  4273,
  3915,
  4298,
  2869,
  3332,
  4423,
  2497,
  999,
  3020,
  2127,
  1600,
  1108,
  729,
  2015,
  3270,
  1269,
  1165,
  1432,
  3647,
  2611,
  2195,
  2046,
  2717,
  3350,
  1739,
  0,
  2852,
  3794,
  727,
  1853],
 [3365,
  3670,
  1246,
  2894,
  3830,
  2168,
  2270,
  3480,
  902,
  3326,
  1061,
  2857,
  2499,
  226,
  1806,
  238,
  3191,
  3421,
  3971,
  3479,
  2700,
  2890,
  2963,
  463,
  1905,
  1642,
  2988,
  1624,
  3097,
  2840,
  1735,
  2405,
  1856,
  1774,
  1444,
  2116,
  2206,
  3628,
  4205,
  1076,
  2925,
  4041,
  1200,
  3092,
  3034,
  1386,
  2077,
  2076,
  3787,
  1126,
  3594,
  1296,
  1154,
  2512,
  1911,
  1453,
  2584,
  2737,
  2852,
  1892,
  1521,
  3179,
  3870,
  3173,
  3152,
  2214,
  1232,
  3277,
  3254,
  1802,
  1874,
  2687,
  2220,
  3054,
  2045,
  3437,
  2124,
  3215,
  1909,
  1129,
  2501,
  2427,
  3988,
  2803,
  885,
  1264,
  1650,
  2234,
  0,
  3052,
  2067,
  3196],
 [2475,
  2609,
  2364,
  3568,
  2769,
  2876,
  2269,
  2419,
  2400,
  3955,
  2429,
  1796,
  1449,
  2934,
  3671,
  2839,
  2736,
  2360,
  2910,
  4767,
  3417,
  5334,
  4248,
  2683,
  3231,
  2868,
  5432,
  3489,
  2036,
  1749,
  3061,
  4849,
  2889,
  4517,
  2093,
  2429,
  3169,
  2567,
  3144,
  3145,
  3533,
  2980,
  3922,
  2637,
  1497,
  3165,
  1719,
  3402,
  2726,
  1967,
  952,
  2208,
  1927,
  1548,
  1019,
  2575,
  684,
  1316,
  3249,
  2588,
  1700,
  1041,
  716,
  358,
  918,
  724,
  2950,
  1450,
  2193,
  2897,
  2145,
  5131,
  2066,
  3662,
  3075,
  2547,
  2820,
  3823,
  3288,
  2874,
  1513,
  4871,
  3098,
  1939,
  2470,
  3996,
  2204,
  3560,
  2981,
  0,
  3030,
  5208],
 [1361,
  2228,
  982,
  889,
  2388,
  163,
  828,
  2038,
  1962,
  1276,
  1243,
  1415,
  1766,
  2283,
  1331,
  1939,
  1351,
  1979,
  2548,
  2088,
  695,
  2689,
  1569,
  2148,
  435,
  933,
  2787,
  1149,
  1655,
  1398,
  723,
  2509,
  494,
  2177,
  1180,
  674,
  201,
  2186,
  2763,
  1638,
  920,
  2599,
  2545,
  1088,
  1592,
  845,
  1344,
  316,
  1776,
  1529,
  3543,
  1032,
  1489,
  2973,
  1881,
  2340,
  2641,
  3198,
  847,
  2353,
  1491,
  2076,
  3588,
  3230,
  3613,
  2184,
  2647,
  3738,
  1812,
  577,
  2335,
  2717,
  915,
  1049,
  266,
  1433,
  2585,
  1210,
  948,
  1285,
  2962,
  2531,
  2136,
  1361,
  2032,
  2579,
  1054,
  474,
  2081,
  3109,
  0,
  2443],
 [2690,
  3638,
  3079,
  1272,
  4038,
  2260,
  2925,
  3889,
  3724,
  912,
  3340,
  3160,
  3748,
  2963,
  2024,
  3076,
  2140,
  3177,
  3337,
  283,
  1641,
  715,
  571,
  3285,
  1563,
  3030,
  938,
  1238,
  3569,
  3143,
  1851,
  1075,
  1948,
  1562,
  3277,
  2771,
  1909,
  3836,
  4413,
  1727,
  1704,
  4249,
  2267,
  2563,
  3337,
  2248,
  3441,
  1444,
  3168,
  3626,
  5396,
  3129,
  3586,
  5070,
  3978,
  4322,
  4494,
  5295,
  1636,
  4450,
  3588,
  3833,
  5441,
  5083,
  5710,
  4281,
  4131,
  5508,
  3420,
  1980,
  4432,
  743,
  3012,
  1833,
  1710,
  2812,
  4682,
  1994,
  1768,
  2050,
  5059,
  1227,
  2925,
  3333,
  3754,
  2715,
  3151,
  1602,
  3218,
  4962,
  1708,
  0]]
