[[0,
  2537,
  1223,
  1699,
  1109,
  2310,
  890,
  1908,
  1276,
  1775,
  2609,
  2415,
  781,
  5684,
  5054,
  2150,
  591,
  1745,
  2189,
  519,
  225,
  2804,
  1895,
  1739,
  5931,
  6862,
  4556,
  6059,
  1337,
  2168,
  4858,
  1250,
  1012,
  664,
  1061,
  293,
  934,
  4513,
  2814,
  4035,
  2934,
  3294,
  3177,
  3054,
  3727,
  4213,
  3665,
  1956,
  2536,
  607,
  2055,
  2742,
  1926,
  1783,
  2278,
  1572,
  3185,
  6356,
  5394,
  1231,
  807,
  444,
  5740,
  5204,
  2896,
  1075,
  3345,
  1089,
  1600,
  948,
  1783],
 [2108,
  0,
  953,
  2037,
  1447,
  1858,
  2455,
  3040,
  2491,
  1732,
  1277,
  3547,
  1327,
  5680,
  3722,
  1698,
  2699,
  2355,
  3321,
  2375,
  1883,
  1472,
  2505,
  1287,
  5927,
  9836,
  3224,
  5294,
  1102,
  2045,
  3526,
  1962,
  2164,
  1738,
  2833,
  2401,
  2761,
  3181,
  876,
  2097,
  1666,
  1356,
  1909,
  1738,
  1123,
  2881,
  1389,
  3088,
  598,
  1883,
  1633,
  1474,
  1474,
  560,
  1856,
  2787,
  2021,
  5130,
  6290,
  2663,
  2112,
  2300,
  4408,
  4040,
  1580,
  1111,
  1597,
  2805,
  1486,
  1454,
  2393],
 [1434,
  1314,
  0,
  1254,
  664,
  1087,
  1781,
  2257,
  1708,
  931,
  1386,
  2764,
  653,
  5789,
  3831,
  927,
  2025,
  1554,
  2538,
  1701,
  1209,
  1581,
  1704,
  516,
  6036,
  7294,
  3333,
  5403,
  319,
  1244,
  3635,
  1179,
  1381,
  955,
  2032,
  1727,
  1978,
  3290,
  1591,
  2812,
  2381,
  2071,
  2624,
  2453,
  2504,
  2990,
  2442,
  2305,
  1313,
  1209,
  832,
  2189,
  703,
  560,
  1055,
  2004,
  1962,
  5239,
  6399,
  1862,
  1438,
  1626,
  4517,
  3981,
  2295,
  359,
  2122,
  2004,
  377,
  671,
  1592],
 [1582,
  2372,
  1058,
  0,
  651,
  2145,
  2472,
  1693,
  1144,
  1733,
  2444,
  2200,
  1249,
  5552,
  4889,
  1985,
  2173,
  2356,
  1974,
  1376,
  1357,
  2639,
  2506,
  1574,
  5799,
  6730,
  4391,
  5927,
  879,
  2126,
  4693,
  615,
  817,
  924,
  2643,
  1875,
  1414,
  4348,
  2649,
  3870,
  3439,
  3129,
  3682,
  3511,
  3562,
  4048,
  3500,
  1741,
  2371,
  1679,
  1890,
  3247,
  1761,
  1618,
  2113,
  1440,
  3020,
  6224,
  5262,
  2664,
  1908,
  1301,
  5575,
  5039,
  3353,
  1033,
  3180,
  2671,
  1435,
  640,
  2394],
 [1589,
  2272,
  958,
  590,
  0,
  2045,
  2479,
  1593,
  1044,
  1633,
  2344,
  2100,
  1149,
  5452,
  4789,
  1885,
  2180,
  2256,
  1874,
  1276,
  1257,
  2539,
  2406,
  1474,
  5699,
  6630,
  4291,
  5827,
  779,
  2026,
  4593,
  515,
  717,
  824,
  2650,
  1882,
  1314,
  4248,
  2549,
  5200,
  3793,
  3029,
  4036,
  3865,
  3462,
  3948,
  3400,
  1641,
  2271,
  1579,
  1790,
  3601,
  1661,
  1518,
  2013,
  1340,
  2920,
  6124,
  5162,
  2564,
  1808,
  1201,
  5475,
  4939,
  3707,
  933,
  3080,
  2678,
  1335,
  540,
  2294],
 [2310,
  1291,
  1155,
  2239,
  1649,
  0,
  4299,
  3242,
  2693,
  1934,
  299,
  3749,
  1529,
  4702,
  2744,
  160,
  2901,
  2557,
  3523,
  2577,
  2085,
  494,
  2707,
  571,
  4949,
  8858,
  2246,
  4316,
  1304,
  2247,
  2548,
  2164,
  2366,
  1940,
  4128,
  2603,
  2963,
  2203,
  1905,
  3155,
  2835,
  3422,
  3078,
  2907,
  1417,
  1903,
  1355,
  3290,
  2049,
  2085,
  1835,
  2643,
  384,
  1851,
  2058,
  2989,
  875,
  4152,
  5312,
  4148,
  2314,
  2502,
  3430,
  2894,
  2749,
  1313,
  1035,
  4100,
  828,
  1656,
  2595],
 [890,
  3017,
  1570,
  2589,
  1999,
  2657,
  0,
  1965,
  2166,
  1272,
  2956,
  2492,
  1128,
  6574,
  5423,
  2497,
  299,
  855,
  2266,
  1409,
  1115,
  3151,
  1005,
  2086,
  6821,
  7752,
  4925,
  6949,
  2227,
  879,
  5227,
  2140,
  1902,
  1554,
  171,
  597,
  1824,
  4882,
  2456,
  4960,
  2044,
  3197,
  2287,
  2164,
  2964,
  4582,
  3230,
  2033,
  2783,
  596,
  1278,
  1852,
  2273,
  2130,
  1052,
  2462,
  3554,
  6831,
  6284,
  341,
  343,
  1334,
  6109,
  5573,
  2006,
  1422,
  3438,
  199,
  1947,
  1838,
  893],
 [981,
  3266,
  1952,
  1944,
  1838,
  3039,
  1871,
  0,
  1508,
  2504,
  3338,
  597,
  1510,
  5916,
  5783,
  2879,
  1572,
  3127,
  371,
  462,
  954,
  3533,
  3277,
  2468,
  6163,
  7094,
  5285,
  6291,
  2066,
  2897,
  5587,
  1399,
  1161,
  1393,
  2042,
  1274,
  457,
  5242,
  3543,
  6194,
  3915,
  4023,
  4158,
  4035,
  4456,
  4942,
  4394,
  138,
  3265,
  1336,
  2784,
  3723,
  2655,
  2512,
  3007,
  1804,
  3914,
  6588,
  5626,
  2212,
  1565,
  537,
  6469,
  5933,
  3877,
  1804,
  4074,
  2070,
  2329,
  1677,
  3165],
 [1740,
  3399,
  2085,
  1733,
  1678,
  3172,
  2630,
  1085,
  0,
  2760,
  3471,
  1592,
  2276,
  4408,
  5916,
  3012,
  2331,
  3383,
  1366,
  1221,
  1713,
  3666,
  3533,
  2601,
  4655,
  5586,
  5418,
  4783,
  1906,
  3153,
  5720,
  1188,
  950,
  1951,
  2801,
  2033,
  806,
  5375,
  3676,
  6327,
  4478,
  4156,
  4721,
  4992,
  4589,
  5075,
  4527,
  1133,
  3398,
  2095,
  2917,
  4728,
  2788,
  2645,
  3140,
  296,
  4047,
  5080,
  4118,
  2971,
  2324,
  1296,
  5752,
  6130,
  4834,
  2060,
  4207,
  2829,
  2462,
  1667,
  3421],
 [1775,
  2240,
  926,
  1836,
  1246,
  2013,
  1272,
  2839,
  2290,
  0,
  2312,
  3346,
  994,
  6715,
  4757,
  1853,
  1571,
  623,
  3120,
  2042,
  1550,
  2507,
  773,
  1442,
  6962,
  7876,
  4259,
  6329,
  1258,
  393,
  4561,
  1761,
  1963,
  1537,
  1101,
  2068,
  2457,
  4216,
  1784,
  5168,
  2424,
  2997,
  2667,
  2496,
  3430,
  3916,
  3368,
  2887,
  2239,
  1550,
  1758,
  2232,
  1629,
  1486,
  820,
  2586,
  2888,
  6165,
  6408,
  931,
  1615,
  1967,
  5443,
  4907,
  2338,
  700,
  3048,
  1073,
  1303,
  1253,
  661],
 [2609,
  1030,
  1454,
  2538,
  1948,
  299,
  3499,
  3541,
  2992,
  2312,
  0,
  4048,
  1828,
  4403,
  2445,
  459,
  3200,
  2935,
  3822,
  2876,
  2384,
  195,
  3085,
  870,
  4650,
  8559,
  1947,
  4017,
  1603,
  2705,
  2249,
  2463,
  2665,
  2239,
  3413,
  2902,
  3262,
  1904,
  1606,
  2856,
  2536,
  3123,
  2779,
  2608,
  1118,
  1604,
  1056,
  3589,
  1750,
  2384,
  2187,
  2344,
  683,
  1590,
  2410,
  3288,
  576,
  3853,
  5013,
  3243,
  2613,
  2801,
  3131,
  2595,
  2450,
  1612,
  736,
  3385,
  1127,
  1955,
  2973],
 [1578,
  3863,
  2549,
  2541,
  2435,
  3636,
  2468,
  597,
  2105,
  3101,
  3935,
  0,
  2107,
  6513,
  6380,
  3476,
  2169,
  3724,
  226,
  1059,
  1551,
  4130,
  3874,
  3065,
  6760,
  7691,
  5882,
  6888,
  2663,
  3494,
  6184,
  1996,
  1758,
  1990,
  2639,
  1871,
  830,
  5839,
  4140,
  5361,
  4512,
  4620,
  4755,
  4632,
  5053,
  5539,
  4991,
  459,
  3862,
  1933,
  3381,
  4320,
  3252,
  3109,
  3604,
  2401,
  4511,
  7185,
  6223,
  2809,
  2162,
  1134,
  7066,
  6530,
  4474,
  2401,
  4671,
  2667,
  3001,
  2274,
  3762],
 [781,
  1756,
  442,
  1352,
  762,
  1529,
  1128,
  2355,
  1806,
  994,
  1828,
  2862,
  0,
  6231,
  4273,
  1369,
  1372,
  1617,
  2636,
  1048,
  556,
  2023,
  1767,
  958,
  6478,
  7392,
  3775,
  5845,
  774,
  1387,
  4077,
  1277,
  1541,
  899,
  1299,
  1074,
  1463,
  3732,
  2033,
  3254,
  2835,
  2513,
  3078,
  2907,
  2946,
  3432,
  2884,
  2403,
  1755,
  556,
  1274,
  2643,
  1145,
  1002,
  1497,
  2102,
  2404,
  5681,
  5924,
  1925,
  785,
  973,
  4959,
  4423,
  2749,
  294,
  2564,
  1327,
  894,
  769,
  1655],
 [5644,
  4824,
  5989,
  5637,
  5582,
  4169,
  6534,
  4989,
  4460,
  6664,
  3870,
  5496,
  6180,
  0,
  2678,
  4329,
  6235,
  7287,
  5270,
  5125,
  5617,
  3675,
  7437,
  4740,
  247,
  5024,
  2523,
  525,
  5810,
  7057,
  2482,
  5092,
  4854,
  5855,
  6705,
  5937,
  4710,
  4560,
  4446,
  5696,
  5376,
  5963,
  5619,
  5448,
  3958,
  4260,
  3896,
  5037,
  4590,
  5999,
  6821,
  5184,
  4553,
  5384,
  7044,
  4220,
  3558,
  822,
  610,
  6875,
  6228,
  5200,
  1494,
  1872,
  5290,
  5964,
  3576,
  6733,
  4997,
  5571,
  7325],
 [7602,
  2992,
  3492,
  7595,
  3986,
  2337,
  5008,
  6947,
  6418,
  4350,
  2038,
  7454,
  3866,
  1958,
  0,
  2497,
  8193,
  4973,
  7228,
  7083,
  4422,
  1843,
  5123,
  2908,
  2205,
  6982,
  691,
  1572,
  3641,
  3705,
  650,
  7050,
  6812,
  4277,
  4837,
  7895,
  6668,
  2728,
  2614,
  3864,
  3544,
  4131,
  3787,
  3616,
  2126,
  2428,
  2064,
  6995,
  2758,
  4422,
  4225,
  3352,
  2721,
  3552,
  3692,
  6178,
  1726,
  1408,
  2568,
  4857,
  4651,
  7158,
  686,
  150,
  3458,
  3650,
  1744,
  4809,
  3165,
  3993,
  5011],
 [2150,
  1451,
  995,
  2079,
  1489,
  160,
  3040,
  3082,
  2533,
  1853,
  459,
  3589,
  1369,
  4862,
  2904,
  0,
  2741,
  2476,
  3363,
  2417,
  1925,
  654,
  2626,
  411,
  5109,
  9018,
  2406,
  4476,
  1144,
  2246,
  2708,
  2004,
  2206,
  1780,
  2954,
  2443,
  2803,
  2363,
  2065,
  3315,
  2995,
  3582,
  3238,
  3067,
  1577,
  2063,
  1515,
  3130,
  2209,
  1925,
  1728,
  2803,
  224,
  1608,
  1951,
  2829,
  1035,
  4312,
  5472,
  2784,
  2154,
  2342,
  3590,
  3054,
  2909,
  1153,
  1195,
  2926,
  668,
  1496,
  2514],
 [591,
  3316,
  1814,
  2290,
  1700,
  2901,
  299,
  1666,
  1867,
  1571,
  3200,
  2193,
  1372,
  6275,
  5645,
  2741,
  0,
  1154,
  1967,
  1110,
  816,
  3395,
  1304,
  2330,
  6522,
  7453,
  5147,
  6650,
  1928,
  1178,
  5449,
  1841,
  1603,
  1255,
  470,
  298,
  1525,
  5104,
  2755,
  4237,
  2343,
  3496,
  2586,
  2463,
  3263,
  4804,
  3529,
  1734,
  3082,
  469,
  1577,
  2151,
  2517,
  2374,
  1351,
  2163,
  3776,
  7053,
  5985,
  640,
  216,
  1035,
  6331,
  5795,
  2305,
  1666,
  3936,
  498,
  2266,
  1539,
  1192],
 [2398,
  1720,
  1549,
  2459,
  1869,
  2466,
  855,
  3462,
  2913,
  623,
  2765,
  3969,
  1617,
  7168,
  5210,
  2306,
  1154,
  0,
  3743,
  2665,
  2173,
  2960,
  150,
  1895,
  7415,
  8499,
  4712,
  6782,
  1881,
  230,
  5014,
  2384,
  2586,
  2160,
  684,
  1452,
  3080,
  4669,
  1367,
  2849,
  2007,
  2108,
  2250,
  2079,
  1875,
  4369,
  2141,
  3510,
  1486,
  1451,
  629,
  1815,
  2082,
  1939,
  403,
  3209,
  3341,
  6618,
  7778,
  514,
  1198,
  2590,
  5896,
  5360,
  1921,
  1323,
  2349,
  656,
  1831,
  1876,
  38],
 [1352,
  3637,
  2323,
  2315,
  2209,
  3410,
  2242,
  371,
  1879,
  2875,
  3709,
  226,
  1881,
  6287,
  6154,
  3250,
  1943,
  3498,
  0,
  833,
  1325,
  3904,
  3648,
  2839,
  6534,
  7465,
  5656,
  6662,
  2437,
  3268,
  5958,
  1770,
  1532,
  1764,
  2413,
  1645,
  604,
  5613,
  4518,
  6565,
  4286,
  5901,
  4529,
  4406,
  4827,
  5313,
  4765,
  233,
  3636,
  1707,
  3155,
  4094,
  3026,
  2883,
  3378,
  2175,
  4285,
  6959,
  5997,
  2583,
  1936,
  908,
  6840,
  6304,
  4248,
  2175,
  4445,
  2441,
  2775,
  2048,
  3536],
 [519,
  2804,
  1490,
  1482,
  1376,
  2577,
  1409,
  1595,
  757,
  2042,
  2876,
  2102,
  1048,
  5165,
  5321,
  2417,
  1110,
  2665,
  1876,
  0,
  492,
  3071,
  2815,
  2006,
  5412,
  6343,
  4823,
  5540,
  1604,
  2435,
  5125,
  937,
  699,
  931,
  1580,
  812,
  415,
  4780,
  3081,
  5732,
  3453,
  3561,
  3696,
  3573,
  3994,
  4480,
  3932,
  1643,
  2803,
  874,
  2322,
  3261,
  2193,
  2050,
  2545,
  1053,
  3452,
  5837,
  4875,
  1750,
  1103,
  75,
  6007,
  5471,
  3415,
  1342,
  3612,
  1608,
  1942,
  1215,
  2703],
 [225,
  2312,
  998,
  1474,
  884,
  2085,
  1115,
  1881,
  1249,
  1550,
  2384,
  2388,
  556,
  5657,
  4829,
  1925,
  816,
  2173,
  2162,
  492,
  0,
  2579,
  2323,
  1514,
  5904,
  6835,
  4331,
  6032,
  1112,
  1943,
  4633,
  1223,
  985,
  439,
  1286,
  518,
  907,
  4288,
  2589,
  5240,
  3159,
  3069,
  3402,
  3463,
  3502,
  3988,
  3440,
  1929,
  2311,
  382,
  1830,
  2967,
  1701,
  1558,
  2053,
  1545,
  2960,
  6237,
  5367,
  1456,
  611,
  417,
  5515,
  4979,
  3121,
  850,
  3120,
  1314,
  1450,
  723,
  2211],
 [2804,
  1225,
  1649,
  2733,
  2143,
  494,
  3694,
  3736,
  3187,
  2507,
  195,
  4243,
  2023,
  4208,
  2250,
  654,
  3395,
  3130,
  4017,
  3071,
  2579,
  0,
  3280,
  1065,
  4455,
  8364,
  1752,
  3822,
  1798,
  2502,
  2054,
  2658,
  2860,
  2434,
  3634,
  3097,
  3457,
  1709,
  1411,
  2661,
  2341,
  2928,
  2584,
  2413,
  923,
  1409,
  861,
  3784,
  1555,
  2579,
  2382,
  2149,
  878,
  1785,
  2605,
  3483,
  381,
  3658,
  4818,
  3438,
  2808,
  2996,
  2936,
  2400,
  2255,
  1807,
  541,
  3606,
  1322,
  2150,
  3168],
 [2548,
  1870,
  1699,
  2609,
  2019,
  2616,
  1005,
  3612,
  3063,
  773,
  2915,
  4119,
  1767,
  7318,
  5360,
  2456,
  1304,
  150,
  3893,
  2815,
  2323,
  3110,
  0,
  2045,
  7565,
  8649,
  4862,
  6932,
  2031,
  380,
  5164,
  2534,
  2736,
  2310,
  834,
  1602,
  3230,
  4819,
  1517,
  2999,
  2157,
  2258,
  2400,
  2229,
  2025,
  4519,
  2291,
  3660,
  1636,
  1601,
  779,
  1965,
  2232,
  2089,
  553,
  3359,
  3491,
  6768,
  7181,
  664,
  1348,
  2740,
  6046,
  5510,
  2071,
  1473,
  2499,
  806,
  1981,
  2026,
  112],
 [1739,
  1490,
  584,
  1668,
  1078,
  571,
  2629,
  2671,
  2122,
  1442,
  870,
  3178,
  958,
  5273,
  3315,
  411,
  2330,
  2065,
  2952,
  2006,
  1514,
  1065,
  2215,
  0,
  5520,
  9429,
  2817,
  4887,
  733,
  1835,
  3119,
  1593,
  1795,
  1369,
  2543,
  2032,
  2392,
  2774,
  2476,
  3726,
  3406,
  3993,
  3649,
  3478,
  1988,
  2474,
  1926,
  2719,
  2620,
  1514,
  1317,
  3214,
  187,
  1197,
  1540,
  2418,
  1446,
  4723,
  5883,
  2373,
  1743,
  1931,
  4001,
  3465,
  3320,
  742,
  1606,
  2515,
  257,
  1085,
  2103],
 [5397,
  5341,
  5742,
  5390,
  5335,
  4686,
  6287,
  4742,
  4213,
  6417,
  4387,
  5249,
  5933,
  667,
  3195,
  4846,
  5988,
  7040,
  5023,
  4878,
  5370,
  4192,
  7190,
  5257,
  0,
  4777,
  3040,
  1042,
  5563,
  6810,
  2999,
  4845,
  4607,
  5608,
  6458,
  5690,
  4463,
  5077,
  4963,
  6213,
  5893,
  6480,
  6136,
  5965,
  4475,
  4777,
  4413,
  4790,
  5107,
  5752,
  6574,
  5701,
  5070,
  6302,
  6797,
  3973,
  4075,
  1339,
  363,
  6628,
  5981,
  4953,
  2011,
  2389,
  5807,
  5717,
  4093,
  6486,
  5514,
  5324,
  7078],
 [9721,
  4314,
  4814,
  9714,
  5308,
  3659,
  6330,
  9066,
  8537,
  5672,
  3360,
  9573,
  5188,
  2732,
  2691,
  3819,
  10312,
  6295,
  9347,
  9202,
  5744,
  3165,
  6445,
  4230,
  2979,
  0,
  2193,
  2346,
  4963,
  5027,
  2495,
  9169,
  8931,
  5599,
  6159,
  10014,
  8787,
  4050,
  3936,
  5186,
  4866,
  5453,
  5109,
  4938,
  3448,
  3750,
  3386,
  9114,
  4080,
  5744,
  5547,
  4674,
  4043,
  4874,
  5014,
  8297,
  3048,
  2182,
  3342,
  6179,
  5973,
  9277,
  1460,
  1406,
  4780,
  4972,
  3066,
  6131,
  4487,
  5315,
  6333],
 [3956,
  2301,
  2801,
  3885,
  3295,
  1646,
  4317,
  4888,
  4339,
  3659,
  1347,
  5395,
  3175,
  2456,
  498,
  1806,
  4547,
  4282,
  5169,
  4223,
  3731,
  1152,
  4432,
  2217,
  2703,
  8692,
  0,
  2070,
  2950,
  3014,
  302,
  3810,
  4012,
  3586,
  4146,
  4249,
  4609,
  2037,
  1923,
  3173,
  2853,
  3440,
  3096,
  2925,
  1435,
  1737,
  1373,
  4936,
  2067,
  3731,
  3534,
  2661,
  2030,
  2861,
  3001,
  4635,
  1035,
  1906,
  3066,
  4166,
  3960,
  4148,
  1184,
  648,
  2767,
  2959,
  1053,
  4118,
  2474,
  3302,
  4320],
 [6260,
  4299,
  4799,
  6253,
  5293,
  3644,
  6315,
  5605,
  5076,
  5657,
  3345,
  6112,
  5173,
  616,
  2153,
  3804,
  6851,
  6280,
  5886,
  5741,
  5729,
  3150,
  6430,
  4215,
  863,
  5640,
  1998,
  0,
  4948,
  5012,
  1957,
  5708,
  5470,
  5584,
  6144,
  6553,
  5326,
  4035,
  3921,
  5171,
  4851,
  5438,
  5094,
  4923,
  3433,
  3735,
  3371,
  5653,
  4065,
  5729,
  5532,
  4659,
  4028,
  4859,
  4999,
  4836,
  3033,
  297,
  1226,
  6164,
  5958,
  5816,
  969,
  1347,
  4765,
  4957,
  3051,
  6116,
  4472,
  5300,
  6318],
 [1334,
  1493,
  179,
  1283,
  693,
  1266,
  1681,
  2286,
  1737,
  1037,
  1565,
  2793,
  553,
  5968,
  4010,
  1106,
  1925,
  1660,
  2567,
  1601,
  1109,
  1760,
  1810,
  695,
  6215,
  7323,
  3512,
  5582,
  0,
  1423,
  3814,
  1208,
  1410,
  984,
  2138,
  1627,
  2007,
  3469,
  1770,
  4421,
  3014,
  4688,
  3257,
  3086,
  2683,
  3169,
  2621,
  2334,
  1492,
  1109,
  1011,
  2822,
  882,
  739,
  1234,
  2033,
  2141,
  5418,
  5855,
  1968,
  1338,
  1526,
  4696,
  4160,
  2928,
  337,
  2301,
  2110,
  631,
  700,
  1698],
 [2168,
  2633,
  1319,
  2229,
  1639,
  2406,
  879,
  3232,
  2683,
  393,
  2705,
  3739,
  1387,
  7108,
  5150,
  2246,
  1178,
  230,
  3513,
  2435,
  1943,
  2900,
  380,
  1835,
  7355,
  8269,
  4652,
  6722,
  1651,
  0,
  4954,
  2154,
  2356,
  1930,
  708,
  1476,
  2850,
  4609,
  1391,
  5561,
  2031,
  2132,
  2274,
  2103,
  3823,
  4309,
  3761,
  3280,
  1510,
  1475,
  653,
  1839,
  2022,
  1879,
  427,
  2979,
  3281,
  6558,
  6801,
  538,
  1222,
  2360,
  5836,
  5300,
  1945,
  1093,
  3441,
  680,
  1771,
  1646,
  268],
 [4843,
  3188,
  3688,
  4772,
  4182,
  2533,
  5204,
  7143,
  6614,
  4294,
  2234,
  7650,
  4062,
  2154,
  196,
  2693,
  5434,
  5169,
  7424,
  7279,
  4618,
  2039,
  5319,
  3104,
  2401,
  9607,
  887,
  1768,
  3837,
  3901,
  0,
  7246,
  7008,
  4473,
  5033,
  5136,
  6864,
  2924,
  2810,
  4060,
  3740,
  4327,
  3983,
  3812,
  2322,
  2624,
  2260,
  7191,
  2954,
  4618,
  4114,
  3548,
  2917,
  3748,
  3888,
  6374,
  1922,
  1604,
  2764,
  5053,
  4847,
  5035,
  882,
  346,
  3654,
  4299,
  1940,
  5005,
  3361,
  4642,
  5207],
 [1421,
  2211,
  897,
  545,
  490,
  1984,
  2311,
  1310,
  761,
  1572,
  2283,
  1817,
  1088,
  5169,
  4728,
  1824,
  2012,
  2195,
  1591,
  993,
  1196,
  2478,
  2345,
  1413,
  5416,
  6347,
  4230,
  5544,
  718,
  1965,
  4532,
  0,
  434,
  763,
  2482,
  1714,
  1031,
  4187,
  3092,
  5139,
  3732,
  5406,
  3521,
  3350,
  3401,
  3887,
  3339,
  1358,
  2210,
  1518,
  1729,
  3086,
  1600,
  1457,
  1952,
  1057,
  2859,
  5841,
  4879,
  2503,
  1747,
  918,
  5414,
  4878,
  3192,
  872,
  3019,
  2510,
  1349,
  479,
  2233],
 [1659,
  2449,
  1135,
  783,
  728,
  2222,
  2549,
  1081,
  532,
  1810,
  2521,
  1588,
  1326,
  4940,
  4966,
  2062,
  2250,
  2433,
  1362,
  764,
  1434,
  2716,
  2583,
  1651,
  5187,
  6118,
  4468,
  5315,
  956,
  2203,
  4770,
  238,
  0,
  1001,
  2720,
  1952,
  802,
  4425,
  3330,
  5377,
  3516,
  5644,
  3759,
  3588,
  3639,
  4125,
  3577,
  1129,
  2448,
  1756,
  1967,
  3324,
  1838,
  1695,
  2190,
  828,
  3097,
  5612,
  4650,
  2741,
  1985,
  689,
  5652,
  5116,
  3430,
  1110,
  3257,
  2748,
  1587,
  717,
  2471],
 [658,
  2166,
  852,
  1035,
  445,
  1939,
  1548,
  2038,
  1489,
  1527,
  2238,
  2545,
  567,
  5897,
  4683,
  1779,
  1249,
  2150,
  2319,
  925,
  433,
  2433,
  2300,
  1368,
  6144,
  7075,
  4185,
  6272,
  673,
  1920,
  4487,
  960,
  1162,
  0,
  1719,
  951,
  1340,
  4142,
  2443,
  5094,
  3233,
  5361,
  3476,
  3305,
  3356,
  3842,
  3294,
  2086,
  2165,
  755,
  1684,
  3041,
  1555,
  1412,
  1907,
  1785,
  2814,
  6091,
  5607,
  1889,
  984,
  850,
  5369,
  4833,
  3147,
  827,
  2974,
  1747,
  1304,
  284,
  2188],
 [1061,
  2846,
  2027,
  2760,
  2170,
  2944,
  171,
  2136,
  2337,
  1101,
  3243,
  3476,
  1299,
  7210,
  5252,
  2784,
  470,
  684,
  3250,
  1580,
  1286,
  3438,
  834,
  2373,
  7457,
  7923,
  4754,
  6824,
  2398,
  708,
  5056,
  2311,
  2073,
  1725,
  0,
  768,
  1995,
  4711,
  2285,
  4789,
  1873,
  3026,
  2116,
  1993,
  2793,
  4411,
  3059,
  3017,
  2612,
  767,
  1107,
  1681,
  2560,
  2417,
  881,
  2633,
  3383,
  6660,
  6455,
  170,
  514,
  1505,
  5938,
  5402,
  1835,
  1801,
  3267,
  28,
  2309,
  2009,
  722],
 [293,
  2830,
  1516,
  1992,
  1402,
  2603,
  597,
  1368,
  1569,
  2068,
  2902,
  1895,
  1074,
  5977,
  5347,
  2443,
  298,
  1452,
  1669,
  812,
  518,
  3097,
  1602,
  2032,
  6224,
  7155,
  4849,
  6352,
  1630,
  1476,
  5151,
  1543,
  1305,
  957,
  768,
  0,
  1227,
  4806,
  3053,
  5758,
  2641,
  6025,
  2884,
  2761,
  4020,
  4506,
  3958,
  1436,
  2829,
  767,
  2348,
  2449,
  2219,
  2076,
  1649,
  1865,
  3478,
  6755,
  5687,
  938,
  514,
  737,
  6033,
  5497,
  2603,
  1368,
  3638,
  796,
  1968,
  1241,
  1490],
 [934,
  3185,
  1871,
  1519,
  1464,
  2958,
  1824,
  279,
  342,
  2457,
  3257,
  876,
  1463,
  4750,
  5702,
  2798,
  1525,
  3080,
  650,
  415,
  907,
  3452,
  3230,
  2387,
  4997,
  5928,
  5204,
  5125,
  1692,
  2850,
  5506,
  974,
  736,
  1346,
  1995,
  1227,
  0,
  5161,
  3462,
  6113,
  4252,
  3942,
  4495,
  4324,
  4375,
  4861,
  4313,
  417,
  3184,
  1289,
  2703,
  4060,
  2574,
  2431,
  2926,
  638,
  3833,
  5422,
  4460,
  2165,
  1518,
  490,
  6094,
  5852,
  4166,
  1757,
  3993,
  2023,
  2323,
  1453,
  3118],
 [5259,
  3151,
  4104,
  8444,
  4598,
  2496,
  5167,
  7796,
  7267,
  4257,
  2197,
  8303,
  4478,
  3486,
  1528,
  2656,
  5850,
  5585,
  8077,
  7932,
  5034,
  2002,
  5735,
  3067,
  3733,
  6655,
  1030,
  3100,
  4253,
  3864,
  1332,
  7899,
  7661,
  4889,
  4996,
  5552,
  7517,
  0,
  2773,
  4023,
  3703,
  4290,
  3946,
  3775,
  2285,
  2587,
  2223,
  7844,
  2917,
  5034,
  4784,
  3511,
  2880,
  3711,
  3851,
  7027,
  1885,
  2936,
  4096,
  5016,
  5263,
  8007,
  2214,
  1678,
  3617,
  4262,
  1903,
  4968,
  3324,
  4605,
  5623],
 [2669,
  561,
  1514,
  2598,
  2008,
  1867,
  2577,
  3601,
  3052,
  2372,
  1568,
  4108,
  1888,
  4925,
  2967,
  2027,
  3260,
  2995,
  3882,
  2936,
  2444,
  1373,
  3145,
  1848,
  5172,
  9081,
  2469,
  4539,
  1663,
  1411,
  2771,
  2523,
  2725,
  2299,
  2406,
  2962,
  3322,
  2426,
  0,
  2400,
  1113,
  741,
  1356,
  1185,
  508,
  2126,
  774,
  3649,
  327,
  2444,
  2194,
  921,
  2251,
  1121,
  1398,
  3348,
  1098,
  4375,
  5535,
  2426,
  2673,
  2861,
  3653,
  3117,
  1027,
  1672,
  982,
  2378,
  2047,
  2015,
  3033],
 [3120,
  1012,
  1965,
  3049,
  2459,
  2297,
  3028,
  4052,
  3503,
  2118,
  1998,
  4559,
  2339,
  5355,
  3397,
  2457,
  3711,
  3446,
  4333,
  3387,
  2895,
  1803,
  3596,
  2868,
  5602,
  9511,
  2899,
  4969,
  2114,
  1725,
  3201,
  2974,
  3176,
  2750,
  2857,
  3413,
  3773,
  2856,
  634,
  0,
  1564,
  267,
  1807,
  1636,
  938,
  2556,
  1204,
  4100,
  778,
  2895,
  2645,
  1372,
  2681,
  1572,
  1712,
  3799,
  1528,
  4805,
  5965,
  2877,
  3124,
  3312,
  4083,
  3547,
  1478,
  2123,
  1412,
  2829,
  2498,
  2466,
  3484],
 [3305,
  1924,
  2877,
  3961,
  3371,
  3230,
  2415,
  4964,
  4415,
  2557,
  2931,
  5471,
  3251,
  6288,
  4330,
  3390,
  2714,
  2778,
  5245,
  4299,
  3807,
  2736,
  2928,
  3211,
  6535,
  10444,
  3832,
  5902,
  3026,
  2164,
  4134,
  3886,
  4088,
  3662,
  2244,
  3012,
  4685,
  3789,
  1363,
  2916,
  0,
  3183,
  243,
  1071,
  1871,
  3489,
  2137,
  5012,
  1690,
  3011,
  2377,
  563,
  3614,
  2484,
  2151,
  4711,
  2461,
  5738,
  6898,
  2264,
  2758,
  4224,
  5016,
  4480,
  913,
  3035,
  2345,
  2216,
  3410,
  3378,
  2816],
 [2853,
  745,
  1698,
  2782,
  2192,
  2030,
  2761,
  3785,
  3236,
  1851,
  1731,
  4292,
  2072,
  5088,
  3130,
  2190,
  3444,
  3179,
  4066,
  3120,
  2628,
  1536,
  3329,
  2601,
  5335,
  9244,
  2632,
  4702,
  1847,
  1458,
  2934,
  2707,
  2909,
  2483,
  2590,
  3146,
  3506,
  2589,
  367,
  2563,
  1297,
  0,
  1540,
  1369,
  671,
  2289,
  937,
  3833,
  511,
  2628,
  2378,
  1105,
  2414,
  1305,
  1445,
  3532,
  1261,
  4538,
  5698,
  2610,
  2857,
  3045,
  3816,
  3280,
  1211,
  1856,
  1145,
  2562,
  2231,
  2199,
  3217],
 [3314,
  1933,
  2886,
  3970,
  3380,
  3239,
  2424,
  4973,
  4424,
  2566,
  2940,
  5480,
  3260,
  6297,
  4339,
  3399,
  2723,
  2787,
  5254,
  4308,
  3816,
  2745,
  2937,
  3220,
  6544,
  10453,
  3841,
  5911,
  3035,
  2173,
  4143,
  3895,
  4097,
  3671,
  2253,
  3021,
  4694,
  3798,
  1372,
  2673,
  1286,
  2940,
  0,
  1080,
  1880,
  3498,
  2146,
  5021,
  1699,
  3020,
  2386,
  572,
  3623,
  2493,
  2160,
  4720,
  2470,
  5747,
  6907,
  2273,
  2767,
  4233,
  5025,
  4489,
  922,
  3044,
  2354,
  2225,
  3419,
  3387,
  2825],
 [3725,
  1617,
  2570,
  3654,
  3064,
  2923,
  2156,
  4657,
  4108,
  2250,
  2624,
  5164,
  2944,
  5981,
  4023,
  3083,
  2455,
  2519,
  4938,
  3992,
  3500,
  2429,
  2669,
  2904,
  6228,
  10137,
  3525,
  5595,
  2719,
  1857,
  3827,
  3579,
  3781,
  3355,
  1985,
  2753,
  4378,
  3482,
  1056,
  3608,
  692,
  1797,
  935,
  0,
  1564,
  3182,
  1830,
  4705,
  1383,
  2752,
  2070,
  500,
  3307,
  2177,
  1844,
  4404,
  2154,
  5431,
  6591,
  2005,
  2499,
  3917,
  4709,
  4173,
  150,
  2728,
  2038,
  1957,
  3103,
  3071,
  2557],
 [3669,
  2014,
  2514,
  3598,
  3008,
  1359,
  4030,
  4601,
  4052,
  3372,
  1060,
  5108,
  2888,
  4417,
  2459,
  1519,
  4260,
  3995,
  4882,
  3936,
  3444,
  865,
  4145,
  1930,
  4664,
  8573,
  1961,
  4031,
  2663,
  2727,
  2263,
  3523,
  3725,
  3299,
  3859,
  3962,
  4322,
  1918,
  1636,
  2594,
  2566,
  2861,
  2809,
  2638,
  0,
  1618,
  266,
  4649,
  1780,
  3444,
  3247,
  2374,
  1743,
  2574,
  2714,
  4348,
  590,
  3867,
  5027,
  3879,
  3673,
  3861,
  3145,
  2609,
  2480,
  2672,
  474,
  3831,
  2187,
  3015,
  4033],
 [5106,
  3451,
  3951,
  5035,
  4445,
  2796,
  5467,
  8096,
  7567,
  4809,
  2497,
  8603,
  4325,
  3786,
  1828,
  2956,
  5697,
  5432,
  8377,
  8232,
  4881,
  2302,
  5582,
  3367,
  4033,
  6955,
  1330,
  3400,
  4100,
  4164,
  1632,
  8199,
  7961,
  4736,
  5296,
  5399,
  7817,
  300,
  3073,
  4323,
  4003,
  4590,
  4246,
  4075,
  2585,
  0,
  2523,
  8144,
  3217,
  4881,
  4684,
  3811,
  3180,
  4011,
  4151,
  7327,
  2185,
  3236,
  4396,
  5316,
  5110,
  8307,
  2514,
  1978,
  3917,
  4109,
  2203,
  5268,
  3624,
  4452,
  5470],
 [3403,
  1748,
  2248,
  3332,
  2742,
  1093,
  3764,
  4335,
  3786,
  3106,
  794,
  4842,
  2622,
  4151,
  2193,
  1253,
  3994,
  3729,
  4748,
  3670,
  3178,
  599,
  3879,
  1664,
  4398,
  8307,
  1695,
  3765,
  2886,
  2461,
  1997,
  3257,
  3591,
  3165,
  3593,
  3696,
  4085,
  1652,
  1370,
  2328,
  2300,
  2595,
  2543,
  2372,
  882,
  1352,
  0,
  4515,
  1514,
  3178,
  2981,
  2108,
  1477,
  2308,
  2448,
  4082,
  324,
  3601,
  4761,
  3613,
  3407,
  3595,
  2879,
  2343,
  2214,
  2406,
  208,
  3565,
  1921,
  2749,
  3767],
 [1119,
  3404,
  2090,
  2082,
  1976,
  3177,
  2009,
  138,
  1646,
  2642,
  3476,
  459,
  1648,
  6054,
  5921,
  3017,
  1710,
  3265,
  233,
  600,
  1092,
  3671,
  3415,
  2606,
  6301,
  7232,
  5423,
  6429,
  2204,
  3035,
  5725,
  1537,
  1299,
  1531,
  2180,
  1412,
  371,
  5380,
  3681,
  6332,
  4053,
  4161,
  4296,
  4543,
  4594,
  5080,
  4532,
  0,
  3403,
  1474,
  2922,
  3861,
  2793,
  2650,
  3145,
  1942,
  4052,
  6726,
  5764,
  2350,
  1703,
  675,
  6607,
  6071,
  4015,
  1942,
  4212,
  2208,
  2542,
  1815,
  3303],
 [2342,
  234,
  1187,
  2271,
  1681,
  1173,
  3232,
  3274,
  2725,
  2045,
  912,
  3781,
  1561,
  5315,
  3357,
  1333,
  2933,
  2668,
  3555,
  2609,
  2117,
  1107,
  2818,
  1521,
  5562,
  9471,
  2859,
  4929,
  1336,
  2279,
  3161,
  2196,
  2398,
  1972,
  3146,
  2635,
  2995,
  2816,
  531,
  1752,
  1321,
  1011,
  1564,
  1393,
  778,
  2516,
  1968,
  3322,
  0,
  2117,
  1867,
  1129,
  1708,
  794,
  2090,
  3021,
  1488,
  4765,
  5925,
  2976,
  2346,
  2534,
  4043,
  3507,
  1235,
  1345,
  1648,
  3118,
  1720,
  1688,
  2706],
 [607,
  2312,
  998,
  1760,
  1170,
  2085,
  596,
  2263,
  1631,
  1550,
  2384,
  2770,
  556,
  6039,
  4829,
  1925,
  469,
  1451,
  2544,
  874,
  382,
  2579,
  1601,
  1514,
  6286,
  7217,
  4331,
  6414,
  1398,
  1475,
  4633,
  1605,
  1367,
  725,
  767,
  767,
  1289,
  4288,
  3052,
  5240,
  2640,
  3069,
  2883,
  2760,
  3502,
  3988,
  3440,
  2311,
  2311,
  0,
  1830,
  2448,
  1701,
  1558,
  2053,
  1927,
  2960,
  6237,
  5749,
  937,
  253,
  799,
  5515,
  4979,
  2602,
  850,
  3120,
  795,
  1450,
  1009,
  1489],
 [2075,
  2064,
  920,
  2004,
  1414,
  1837,
  2965,
  3007,
  2458,
  805,
  2136,
  3514,
  1294,
  6539,
  4581,
  1677,
  2666,
  844,
  3288,
  2342,
  1850,
  2331,
  994,
  1266,
  6786,
  8044,
  4083,
  6153,
  1069,
  412,
  4385,
  1929,
  2131,
  1705,
  1322,
  2368,
  2728,
  4040,
  1363,
  2845,
  2003,
  2104,
  2246,
  2075,
  3254,
  3740,
  3192,
  3055,
  1482,
  1850,
  0,
  1811,
  1453,
  1310,
  223,
  2754,
  2712,
  5989,
  6576,
  1152,
  2079,
  2267,
  5267,
  4731,
  1917,
  909,
  2872,
  1294,
  1202,
  1421,
  882],
 [2742,
  1361,
  2314,
  3398,
  2808,
  2667,
  1852,
  4401,
  3852,
  1994,
  2368,
  4908,
  2688,
  5725,
  3767,
  2827,
  2151,
  2215,
  4682,
  3261,
  2967,
  2173,
  2365,
  2648,
  5972,
  9881,
  3269,
  5339,
  2463,
  1601,
  3571,
  3323,
  3525,
  3099,
  1681,
  2449,
  4122,
  3226,
  800,
  3108,
  192,
  1541,
  435,
  508,
  1308,
  2926,
  1574,
  4449,
  1127,
  2448,
  1814,
  0,
  3051,
  1921,
  1588,
  4148,
  1898,
  5175,
  6335,
  1701,
  2195,
  3186,
  4453,
  3917,
  350,
  2472,
  1782,
  1653,
  2847,
  2815,
  2253],
 [1926,
  1675,
  771,
  1987,
  1397,
  384,
  2816,
  2990,
  2441,
  1629,
  683,
  3497,
  1145,
  5086,
  3128,
  224,
  2517,
  2252,
  3271,
  2193,
  1701,
  878,
  2402,
  187,
  5333,
  9242,
  2630,
  4700,
  1409,
  2022,
  2932,
  1912,
  2114,
  1688,
  2730,
  2219,
  2608,
  2587,
  2289,
  3539,
  3219,
  2875,
  3462,
  3291,
  1801,
  2287,
  1739,
  3038,
  2433,
  1701,
  1504,
  3027,
  0,
  1384,
  1727,
  2737,
  1259,
  4536,
  5696,
  2560,
  1930,
  2118,
  3814,
  3278,
  3133,
  929,
  1419,
  2702,
  444,
  1404,
  2290],
 [1548,
  1037,
  393,
  1477,
  887,
  1310,
  2438,
  2480,
  1931,
  1251,
  1609,
  2987,
  767,
  6012,
  4054,
  1150,
  2139,
  1874,
  2761,
  1815,
  1323,
  1804,
  2024,
  739,
  6259,
  7517,
  3556,
  5626,
  542,
  1485,
  3858,
  1402,
  1604,
  1178,
  2352,
  1841,
  2201,
  3513,
  1314,
  2535,
  2104,
  1794,
  2347,
  2176,
  1561,
  3213,
  1827,
  2528,
  1036,
  1323,
  1073,
  1912,
  926,
  0,
  1296,
  2227,
  2185,
  5462,
  6049,
  2182,
  1552,
  1740,
  4740,
  4204,
  2018,
  551,
  2345,
  2324,
  675,
  894,
  1912],
 [2301,
  2290,
  1146,
  2230,
  1640,
  2063,
  1270,
  3233,
  2684,
  582,
  2362,
  3740,
  1520,
  6765,
  4807,
  1903,
  2892,
  621,
  3514,
  2568,
  2076,
  2557,
  771,
  1492,
  7012,
  8270,
  4309,
  6379,
  1295,
  189,
  4611,
  2155,
  2357,
  1931,
  1099,
  2594,
  2892,
  4266,
  1140,
  2622,
  1780,
  1881,
  2023,
  1852,
  1648,
  3966,
  1914,
  3281,
  1259,
  1985,
  226,
  1588,
  1679,
  1536,
  0,
  2980,
  2938,
  6215,
  7375,
  929,
  2214,
  2402,
  5493,
  4957,
  1694,
  1135,
  3098,
  1071,
  1428,
  1647,
  659],
 [1870,
  3529,
  2215,
  1863,
  1808,
  3302,
  2760,
  1215,
  686,
  2890,
  3601,
  1722,
  2406,
  4112,
  6046,
  3142,
  2461,
  3513,
  1496,
  1351,
  1843,
  3796,
  3663,
  2731,
  4359,
  5290,
  5548,
  4487,
  2036,
  3283,
  5850,
  1318,
  1080,
  2081,
  2931,
  2163,
  936,
  5505,
  4410,
  6457,
  6137,
  4286,
  4839,
  5122,
  4719,
  5205,
  4657,
  1263,
  3528,
  2225,
  3047,
  4858,
  2918,
  2775,
  3270,
  0,
  4177,
  4784,
  3822,
  3101,
  2454,
  1426,
  6769,
  6715,
  4964,
  2190,
  4337,
  2959,
  2667,
  1797,
  3551],
 [3718,
  1610,
  2563,
  3647,
  3057,
  955,
  3626,
  4650,
  4101,
  3421,
  656,
  5157,
  2937,
  3827,
  1869,
  1115,
  4309,
  4044,
  4931,
  3985,
  3493,
  461,
  4194,
  1526,
  4074,
  7983,
  1371,
  3441,
  2712,
  2323,
  1673,
  3572,
  3774,
  3348,
  3455,
  4011,
  4400,
  1328,
  1232,
  2482,
  2162,
  1818,
  2405,
  2234,
  744,
  1028,
  682,
  4504,
  1376,
  3493,
  2843,
  1970,
  1339,
  2170,
  2310,
  4397,
  0,
  3277,
  4437,
  3475,
  3396,
  3910,
  2555,
  2019,
  2076,
  2721,
  362,
  3427,
  1783,
  3064,
  4082],
 [6194,
  4251,
  6539,
  6187,
  6132,
  3596,
  7084,
  5539,
  5010,
  7214,
  3297,
  6046,
  5252,
  550,
  2105,
  3756,
  6785,
  7837,
  5820,
  5675,
  6167,
  3102,
  7987,
  4167,
  797,
  5574,
  1950,
  164,
  6360,
  4964,
  1909,
  5642,
  5404,
  6405,
  7255,
  6487,
  5260,
  3987,
  3873,
  5123,
  4803,
  4459,
  5046,
  4875,
  3385,
  3687,
  3323,
  5587,
  4017,
  6549,
  5484,
  4611,
  3980,
  4811,
  5654,
  4770,
  2985,
  0,
  1160,
  6116,
  6778,
  5750,
  921,
  1299,
  4717,
  6514,
  3003,
  6068,
  4424,
  6121,
  7875],
 [5034,
  5823,
  5379,
  5027,
  4972,
  5168,
  5924,
  4379,
  3850,
  6054,
  4869,
  4886,
  5570,
  1149,
  3677,
  5328,
  5625,
  6677,
  4660,
  4515,
  5007,
  4674,
  6827,
  5895,
  1229,
  4414,
  3522,
  1524,
  5200,
  6447,
  3481,
  4482,
  4244,
  5245,
  6095,
  5327,
  4100,
  5559,
  5445,
  6695,
  6375,
  6031,
  6618,
  6447,
  4957,
  5259,
  4895,
  4427,
  5589,
  5389,
  6211,
  6183,
  6082,
  5939,
  6434,
  3610,
  4557,
  1821,
  0,
  6265,
  5618,
  4590,
  2493,
  2871,
  6289,
  5354,
  4575,
  6123,
  5756,
  4961,
  6715],
 [1231,
  2028,
  1857,
  2767,
  2177,
  2774,
  341,
  2306,
  2507,
  931,
  3073,
  3646,
  1925,
  7476,
  5518,
  2614,
  640,
  514,
  3420,
  1750,
  1456,
  3268,
  664,
  2203,
  7723,
  8093,
  5020,
  7090,
  2189,
  538,
  5322,
  2481,
  2243,
  1895,
  170,
  938,
  2165,
  4977,
  1675,
  3157,
  1893,
  2416,
  2136,
  2387,
  2183,
  4677,
  2449,
  3187,
  1794,
  937,
  937,
  1701,
  2390,
  2247,
  711,
  2803,
  3649,
  6926,
  6625,
  0,
  684,
  1675,
  6204,
  5668,
  2229,
  1631,
  3809,
  142,
  2064,
  2179,
  552],
 [807,
  2541,
  1227,
  1989,
  1399,
  2314,
  343,
  2492,
  1860,
  1779,
  2613,
  2999,
  785,
  6268,
  5058,
  2154,
  216,
  1198,
  2773,
  1103,
  611,
  2808,
  1348,
  1743,
  6515,
  7446,
  4560,
  6643,
  1627,
  1222,
  4862,
  1834,
  1596,
  954,
  514,
  514,
  1518,
  4517,
  2799,
  4281,
  2387,
  3540,
  2630,
  2507,
  3731,
  4217,
  3669,
  2540,
  3126,
  253,
  2059,
  2195,
  1930,
  1787,
  1395,
  2156,
  3189,
  6466,
  5978,
  684,
  0,
  1028,
  5744,
  5208,
  2349,
  1079,
  3349,
  542,
  1604,
  1238,
  1236],
 [444,
  3337,
  1415,
  1407,
  1301,
  2502,
  1334,
  1520,
  832,
  1967,
  2801,
  2027,
  973,
  5240,
  5246,
  2342,
  1035,
  2590,
  1801,
  75,
  417,
  2996,
  2740,
  1931,
  5487,
  6418,
  4748,
  5615,
  1529,
  2360,
  5050,
  862,
  624,
  856,
  1505,
  737,
  490,
  4705,
  3610,
  5657,
  3378,
  4993,
  3621,
  3498,
  3919,
  4405,
  3857,
  1568,
  4551,
  799,
  2247,
  3186,
  2118,
  1975,
  2470,
  1128,
  3377,
  5912,
  4950,
  1675,
  1028,
  0,
  5932,
  5396,
  3340,
  1267,
  3537,
  1533,
  1792,
  1140,
  2628],
 [5334,
  3552,
  4052,
  6909,
  4805,
  2897,
  5568,
  6261,
  5732,
  4831,
  2598,
  6768,
  4553,
  1272,
  1406,
  3057,
  5925,
  5454,
  6542,
  6397,
  5109,
  2403,
  5604,
  3468,
  1519,
  6296,
  1251,
  886,
  4817,
  5144,
  1210,
  6364,
  6126,
  5096,
  5397,
  5627,
  5982,
  3288,
  3174,
  4424,
  4104,
  3760,
  4347,
  4176,
  2686,
  2988,
  2624,
  6309,
  3318,
  5109,
  4732,
  3912,
  3281,
  4112,
  4955,
  5492,
  2286,
  722,
  1882,
  5417,
  5338,
  6472,
  0,
  600,
  4018,
  4259,
  2304,
  5369,
  3725,
  4812,
  5492],
 [4734,
  2952,
  3452,
  4795,
  4205,
  2297,
  4968,
  5798,
  5249,
  4231,
  1998,
  6305,
  3953,
  1808,
  806,
  2457,
  5325,
  4854,
  6079,
  5001,
  4509,
  1803,
  5004,
  2868,
  2055,
  6832,
  651,
  1422,
  4217,
  4544,
  610,
  4720,
  4922,
  4496,
  4797,
  5027,
  5416,
  2688,
  2574,
  3824,
  3504,
  3160,
  3747,
  3576,
  2086,
  2388,
  2024,
  5846,
  2718,
  4509,
  4132,
  3312,
  2681,
  3512,
  4355,
  5545,
  1686,
  1258,
  2418,
  4817,
  4738,
  4926,
  536,
  0,
  3418,
  3659,
  1704,
  4769,
  3125,
  4212,
  4892],
 [3575,
  1467,
  2420,
  3504,
  2914,
  2773,
  2006,
  4507,
  3958,
  2100,
  2474,
  5014,
  2794,
  5831,
  3873,
  2933,
  2305,
  2369,
  4788,
  3842,
  3350,
  2279,
  2519,
  2754,
  6078,
  9987,
  3375,
  5445,
  2569,
  1707,
  3677,
  3429,
  3631,
  3205,
  1835,
  2603,
  4228,
  3332,
  906,
  2388,
  542,
  1647,
  785,
  158,
  1414,
  3032,
  1680,
  4555,
  1233,
  3350,
  1920,
  350,
  3157,
  2027,
  1694,
  4254,
  2004,
  5281,
  6441,
  1855,
  2349,
  3767,
  4559,
  4023,
  0,
  2578,
  1888,
  1807,
  2627,
  2921,
  2407],
 [1075,
  2148,
  226,
  1136,
  546,
  1313,
  1965,
  2139,
  1590,
  700,
  1612,
  2646,
  294,
  6015,
  4057,
  1153,
  1666,
  1323,
  2420,
  1342,
  850,
  1807,
  1473,
  742,
  6262,
  7176,
  3559,
  5629,
  558,
  1093,
  3861,
  1061,
  1263,
  837,
  1801,
  1368,
  1757,
  3516,
  2421,
  4468,
  3061,
  3804,
  3304,
  3133,
  2730,
  3216,
  2668,
  2187,
  3362,
  850,
  1058,
  2869,
  929,
  786,
  1281,
  1886,
  2188,
  5465,
  5708,
  1631,
  1079,
  1267,
  4743,
  4207,
  2975,
  0,
  2348,
  1773,
  603,
  553,
  1361],
 [3677,
  1569,
  2522,
  3606,
  3016,
  1151,
  3585,
  4609,
  4060,
  3085,
  852,
  5116,
  2896,
  4209,
  2251,
  1311,
  4268,
  4003,
  4890,
  3944,
  3452,
  657,
  4153,
  1722,
  4456,
  8365,
  1753,
  3823,
  2671,
  2282,
  2055,
  3531,
  3733,
  3307,
  3414,
  3970,
  4330,
  1710,
  1191,
  2120,
  2121,
  2387,
  2364,
  2193,
  995,
  1410,
  641,
  4657,
  1335,
  3452,
  2986,
  1929,
  1535,
  2129,
  3425,
  4356,
  382,
  3659,
  4819,
  3434,
  3681,
  3869,
  2937,
  2401,
  2035,
  2680,
  0,
  3386,
  1979,
  3023,
  4041],
 [1089,
  2818,
  1999,
  2788,
  2198,
  2916,
  199,
  2164,
  2365,
  1073,
  3215,
  3504,
  1327,
  6773,
  5224,
  2756,
  498,
  656,
  3278,
  1608,
  1314,
  3410,
  806,
  2345,
  7020,
  7951,
  4726,
  7148,
  2426,
  680,
  5028,
  2339,
  2101,
  1753,
  28,
  796,
  2023,
  4683,
  2257,
  3739,
  1845,
  2998,
  2088,
  1965,
  2765,
  4383,
  3031,
  3045,
  2584,
  795,
  1079,
  1653,
  2532,
  2389,
  853,
  2661,
  3355,
  6632,
  6483,
  142,
  542,
  1533,
  5910,
  5374,
  1807,
  1773,
  3239,
  0,
  2206,
  2037,
  694],
 [1609,
  1806,
  327,
  1411,
  821,
  971,
  2499,
  2414,
  1865,
  1106,
  1270,
  2921,
  828,
  5673,
  3715,
  811,
  2200,
  1729,
  2695,
  1876,
  1384,
  1465,
  1879,
  400,
  5920,
  7451,
  3217,
  5287,
  476,
  1419,
  3519,
  1336,
  1538,
  1112,
  2207,
  1902,
  2135,
  3174,
  2370,
  4126,
  3806,
  3462,
  4049,
  3878,
  2388,
  2874,
  2326,
  2462,
  3020,
  1384,
  1007,
  3614,
  587,
  735,
  1230,
  2161,
  1846,
  5123,
  6283,
  2037,
  1613,
  1801,
  4401,
  3865,
  3720,
  534,
  2006,
  2179,
  0,
  828,
  1767],
 [942,
  1882,
  568,
  751,
  161,
  1655,
  1832,
  1754,
  1205,
  1243,
  1954,
  2261,
  759,
  5613,
  4399,
  1495,
  1533,
  1866,
  2035,
  1209,
  717,
  2149,
  2016,
  1084,
  5860,
  6791,
  3901,
  5988,
  389,
  1636,
  4203,
  676,
  878,
  284,
  2003,
  1235,
  1475,
  3858,
  2763,
  4810,
  3403,
  4146,
  3646,
  3475,
  3072,
  3558,
  3010,
  1802,
  3704,
  1039,
  1400,
  3211,
  1271,
  1128,
  1623,
  1501,
  2530,
  5807,
  5323,
  2173,
  1268,
  1134,
  5085,
  4549,
  3317,
  543,
  2690,
  2031,
  945,
  0,
  1904],
 [2436,
  1758,
  1587,
  2497,
  1907,
  2504,
  893,
  3500,
  2951,
  661,
  2803,
  4007,
  1655,
  7206,
  5248,
  2344,
  1192,
  38,
  3781,
  2703,
  2211,
  2998,
  112,
  1933,
  7453,
  8537,
  4750,
  6820,
  1919,
  268,
  5052,
  2422,
  2624,
  2198,
  722,
  1490,
  3118,
  4707,
  1405,
  2887,
  2045,
  2146,
  2288,
  2117,
  1913,
  4407,
  2179,
  3548,
  1524,
  1489,
  667,
  1853,
  2120,
  1977,
  441,
  3247,
  3379,
  6656,
  7069,
  552,
  1236,
  2628,
  5934,
  5398,
  1959,
  1361,
  3539,
  694,
  1794,
  1914,
  0]]
