[[0,
  5976,
  7688,
  6962,
  7936,
  7291,
  7696,
  4494,
  5555,
  6159,
  6281,
  7194,
  7087,
  8078,
  5767,
  4876,
  4787,
  4850,
  7289,
  5541,
  5733,
  7377,
  8041,
  8002,
  4066,
  7154,
  5098,
  7185,
  6232,
  6250,
  6198,
  5081,
  5596,
  5729,
  5263,
  8092,
  6350,
  9656,
  9437,
  9568,
  7031,
  6054,
  6395,
  7385,
  5821,
  6084,
  5818,
  6086,
  5185,
  7751,
  5411,
  1785,
  6032,
  4924,
  6539,
  6486,
  4886,
  6275,
  8227,
  8258,
  1109,
  7382,
  6722,
  4678,
  7800,
  3706,
  7904],
 [2526,
  0,
  2985,
  2113,
  3233,
  2588,
  2993,
  2970,
  1448,
  1456,
  965,
  1895,
  2238,
  2779,
  209,
  2443,
  1477,
  3326,
  2588,
  435,
  1008,
  2528,
  2742,
  2867,
  2542,
  2451,
  878,
  1791,
  5041,
  3843,
  3457,
  2791,
  2624,
  3217,
  2973,
  3389,
  2806,
  4955,
  4734,
  4867,
  4169,
  4863,
  2965,
  2157,
  505,
  1977,
  1115,
  1979,
  1875,
  3048,
  565,
  4311,
  3520,
  1614,
  4065,
  1783,
  2052,
  3789,
  3524,
  3555,
  3635,
  1363,
  3979,
  1434,
  2501,
  3480,
  2605],
 [1710,
  3413,
  0,
  1183,
  1907,
  370,
  1667,
  3996,
  4281,
  1977,
  2661,
  1598,
  1341,
  2471,
  3204,
  5276,
  3497,
  4290,
  1524,
  4267,
  2536,
  1541,
  2434,
  725,
  4503,
  1125,
  3824,
  1955,
  4367,
  3169,
  2783,
  3244,
  3624,
  2543,
  3426,
  2691,
  2108,
  3891,
  3408,
  3803,
  3471,
  4189,
  2535,
  1471,
  4547,
  4810,
  2697,
  4812,
  3491,
  2350,
  4137,
  3495,
  2846,
  3230,
  3391,
  2304,
  3668,
  3115,
  2826,
  2229,
  2819,
  2263,
  3281,
  3404,
  2193,
  5441,
  2297],
 [1194,
  2573,
  1555,
  0,
  2426,
  1409,
  2186,
  3480,
  3765,
  1461,
  1613,
  1027,
  125,
  1423,
  2364,
  4323,
  2981,
  3774,
  341,
  2348,
  2020,
  1196,
  1386,
  1054,
  3987,
  1644,
  2791,
  907,
  4737,
  3539,
  3153,
  3614,
  3994,
  2913,
  3796,
  3061,
  2478,
  2708,
  3927,
  2620,
  3841,
  4559,
  2905,
  423,
  2068,
  3857,
  2181,
  3859,
  2975,
  2720,
  2478,
  2979,
  3216,
  2714,
  3761,
  1788,
  3152,
  3485,
  3196,
  2748,
  2303,
  1215,
  3651,
  2888,
  1145,
  4925,
  1249],
 [3109,
  3471,
  1439,
  2959,
  0,
  1740,
  485,
  4054,
  4339,
  2154,
  2893,
  2307,
  3084,
  3191,
  3262,
  5334,
  3555,
  4348,
  3286,
  4325,
  2594,
  2024,
  3154,
  2095,
  4561,
  1004,
  3882,
  3182,
  5621,
  3652,
  3266,
  3727,
  4107,
  3026,
  3909,
  3174,
  2591,
  3876,
  1501,
  3788,
  3954,
  5443,
  3018,
  2477,
  4605,
  4868,
  2755,
  4870,
  3549,
  2833,
  4195,
  4894,
  3329,
  3288,
  3874,
  1769,
  3726,
  3598,
  3309,
  322,
  4218,
  2495,
  3764,
  3462,
  2913,
  7010,
  3017],
 [1340,
  3043,
  823,
  813,
  1651,
  0,
  1411,
  3626,
  3911,
  1607,
  2291,
  1228,
  971,
  2101,
  2834,
  4906,
  3127,
  3920,
  1154,
  3897,
  2166,
  1285,
  2064,
  355,
  4133,
  869,
  3454,
  1585,
  4111,
  2913,
  2527,
  2988,
  3368,
  2287,
  3170,
  2435,
  1852,
  3521,
  3152,
  3433,
  3215,
  3933,
  2279,
  1101,
  4177,
  4440,
  2327,
  4442,
  3121,
  2094,
  3767,
  3125,
  2590,
  2860,
  3135,
  1934,
  3298,
  2859,
  2570,
  1973,
  2449,
  1893,
  3025,
  3034,
  1823,
  5071,
  1927],
 [2624,
  2986,
  954,
  2474,
  678,
  1255,
  0,
  3569,
  3854,
  1669,
  2408,
  1822,
  2599,
  2706,
  2777,
  4849,
  3070,
  3863,
  2801,
  3840,
  2109,
  1539,
  2669,
  1610,
  4076,
  519,
  3397,
  2697,
  4365,
  3167,
  2781,
  3242,
  3075,
  2541,
  3424,
  2689,
  2106,
  5168,
  2179,
  5080,
  3469,
  4187,
  2533,
  1992,
  4120,
  4383,
  2270,
  4385,
  3064,
  2348,
  3710,
  4409,
  2844,
  2803,
  3389,
  1284,
  3241,
  3113,
  2824,
  1000,
  3733,
  2010,
  3279,
  2977,
  2428,
  5014,
  2532],
 [4085,
  2231,
  3654,
  3935,
  3902,
  3257,
  3662,
  0,
  1810,
  3132,
  2536,
  4167,
  4060,
  5051,
  2022,
  1849,
  1760,
  356,
  4262,
  1796,
  1612,
  4350,
  5014,
  3536,
  1132,
  3120,
  1353,
  4158,
  1389,
  2013,
  1882,
  971,
  1280,
  1413,
  1153,
  2652,
  1743,
  6629,
  5403,
  6541,
  2727,
  3033,
  1868,
  4358,
  2076,
  2339,
  2791,
  2341,
  1293,
  2311,
  1666,
  5870,
  1716,
  633,
  2235,
  2452,
  392,
  1959,
  2787,
  4224,
  5194,
  2934,
  2406,
  933,
  4773,
  1945,
  4877],
 [3456,
  1448,
  4030,
  3306,
  4278,
  3633,
  4038,
  2600,
  0,
  2501,
  2031,
  2961,
  3431,
  3845,
  1239,
  995,
  1107,
  2956,
  3633,
  1013,
  2053,
  3721,
  3808,
  3912,
  2172,
  3496,
  570,
  2857,
  5195,
  4888,
  4502,
  3679,
  3669,
  4262,
  3861,
  4434,
  3851,
  6000,
  5779,
  5912,
  5214,
  5017,
  4010,
  3223,
  1293,
  529,
  2160,
  531,
  1505,
  4093,
  883,
  5241,
  4565,
  1244,
  5110,
  2828,
  1682,
  4834,
  4569,
  4600,
  4565,
  2429,
  5024,
  1064,
  3567,
  2575,
  3671],
 [1844,
  2206,
  1529,
  2476,
  1777,
  1132,
  1537,
  2845,
  3074,
  0,
  3294,
  2708,
  2601,
  3592,
  1997,
  4069,
  2290,
  3071,
  2021,
  3060,
  1329,
  1391,
  3555,
  1411,
  3296,
  995,
  2617,
  2760,
  3585,
  2387,
  2001,
  2462,
  2295,
  1761,
  2644,
  1933,
  1350,
  4388,
  3278,
  4300,
  2713,
  3407,
  1509,
  1763,
  3340,
  3603,
  1490,
  3605,
  2284,
  1592,
  2930,
  3629,
  2064,
  2023,
  2609,
  327,
  2461,
  2333,
  2068,
  2099,
  2953,
  2896,
  2523,
  2197,
  3314,
  4540,
  3418],
 [1561,
  960,
  2545,
  1148,
  2793,
  2148,
  2553,
  3270,
  2011,
  1828,
  0,
  930,
  1273,
  1814,
  751,
  2710,
  1777,
  3626,
  1489,
  735,
  2387,
  1563,
  1777,
  2202,
  2842,
  2011,
  1178,
  826,
  5253,
  4055,
  3669,
  4130,
  4510,
  3429,
  4312,
  3577,
  2994,
  3856,
  4294,
  3768,
  4357,
  5075,
  3421,
  1192,
  455,
  2244,
  2830,
  2246,
  2175,
  3236,
  865,
  3346,
  3732,
  1914,
  4277,
  2155,
  2352,
  4001,
  3712,
  3115,
  2670,
  398,
  4167,
  1734,
  1536,
  4290,
  1640],
 [1184,
  2115,
  2168,
  771,
  2416,
  1771,
  2176,
  3470,
  3166,
  1451,
  1155,
  0,
  896,
  884,
  1906,
  3865,
  2932,
  3764,
  1112,
  1890,
  2010,
  1186,
  847,
  1825,
  3977,
  1634,
  2333,
  449,
  4876,
  3678,
  3292,
  3753,
  4133,
  3052,
  3935,
  3200,
  2617,
  3479,
  3917,
  3391,
  3980,
  4698,
  3044,
  262,
  1610,
  3399,
  2171,
  3401,
  2965,
  2859,
  2020,
  2969,
  3355,
  2704,
  3900,
  1778,
  3142,
  3624,
  3335,
  2738,
  2293,
  757,
  3790,
  2878,
  606,
  5445,
  710],
 [1069,
  2448,
  1430,
  656,
  2301,
  1372,
  2061,
  3355,
  3640,
  1336,
  1488,
  902,
  0,
  1298,
  2239,
  4198,
  2856,
  3649,
  304,
  2223,
  1895,
  1071,
  1261,
  1017,
  3862,
  1519,
  2666,
  782,
  4761,
  3563,
  3177,
  3638,
  4018,
  2937,
  3820,
  3085,
  2502,
  2671,
  3802,
  2583,
  3865,
  4583,
  2929,
  298,
  1943,
  3732,
  2056,
  3734,
  2850,
  2744,
  2353,
  2854,
  3240,
  2589,
  3785,
  1663,
  3027,
  3509,
  3220,
  2623,
  2178,
  1090,
  3675,
  2763,
  1020,
  4800,
  1124],
 [1423,
  2354,
  2407,
  1010,
  2655,
  2010,
  2415,
  3709,
  3405,
  1690,
  1394,
  808,
  1135,
  0,
  2145,
  4104,
  3171,
  4003,
  1351,
  2129,
  2249,
  1425,
  827,
  2064,
  4216,
  1873,
  2572,
  688,
  5115,
  3917,
  3531,
  3992,
  4372,
  3291,
  4174,
  3439,
  2856,
  3718,
  4156,
  3630,
  4219,
  4937,
  3283,
  566,
  1849,
  3638,
  2410,
  3640,
  3204,
  3098,
  2259,
  3208,
  3594,
  2943,
  4139,
  2017,
  3381,
  3863,
  3574,
  2977,
  2532,
  996,
  4029,
  3117,
  586,
  5684,
  965],
 [2317,
  209,
  2921,
  1904,
  3169,
  2524,
  2929,
  2761,
  1239,
  1392,
  756,
  1686,
  2029,
  2570,
  0,
  2234,
  1268,
  3117,
  2245,
  226,
  944,
  2319,
  2533,
  2803,
  2333,
  2387,
  669,
  1582,
  4977,
  3779,
  3393,
  2727,
  2560,
  3153,
  2909,
  3325,
  2742,
  4612,
  4670,
  4524,
  4105,
  4799,
  2901,
  1948,
  296,
  1768,
  1051,
  1770,
  1666,
  2984,
  356,
  4102,
  3456,
  1405,
  4001,
  1719,
  1843,
  3725,
  3460,
  3491,
  3426,
  1154,
  3915,
  1225,
  2292,
  3271,
  2396],
 [4500,
  2118,
  4700,
  3529,
  4948,
  4303,
  4708,
  3270,
  670,
  3171,
  2381,
  3311,
  3654,
  4195,
  1909,
  0,
  1777,
  3626,
  4677,
  1683,
  2723,
  3944,
  4158,
  4582,
  2842,
  4166,
  1240,
  3207,
  4654,
  4672,
  5172,
  3138,
  3653,
  4932,
  3320,
  5104,
  4521,
  7044,
  6449,
  6956,
  5453,
  4476,
  4680,
  3573,
  1963,
  331,
  2830,
  461,
  2175,
  4763,
  1553,
  6285,
  5235,
  1914,
  4961,
  3498,
  2352,
  4722,
  5239,
  5270,
  5609,
  2779,
  4779,
  1734,
  3917,
  2034,
  4021],
 [2349,
  1609,
  2923,
  2199,
  3171,
  2526,
  2931,
  903,
  1188,
  1394,
  1914,
  2431,
  2324,
  3315,
  1400,
  2183,
  0,
  1197,
  2526,
  1174,
  946,
  2614,
  3278,
  2805,
  1410,
  2389,
  731,
  2422,
  4979,
  3781,
  3395,
  2729,
  2562,
  3155,
  2911,
  3327,
  2744,
  4893,
  4672,
  4805,
  4107,
  4801,
  2903,
  2622,
  1454,
  1717,
  1053,
  1719,
  398,
  2986,
  1044,
  4134,
  3458,
  137,
  4003,
  1721,
  575,
  3727,
  3462,
  3493,
  3458,
  2312,
  3917,
  311,
  3037,
  2348,
  3141],
 [2659,
  1875,
  3233,
  2509,
  3481,
  2836,
  3241,
  356,
  1454,
  1704,
  2180,
  2741,
  2634,
  3625,
  1666,
  2449,
  670,
  0,
  2836,
  1440,
  1256,
  2924,
  3588,
  3115,
  1676,
  2699,
  997,
  3006,
  1683,
  2307,
  2176,
  1265,
  1574,
  1707,
  1447,
  2946,
  2037,
  5203,
  4982,
  5115,
  3021,
  3327,
  2162,
  2932,
  1720,
  1983,
  1363,
  1985,
  478,
  2605,
  1310,
  4444,
  2010,
  277,
  2529,
  2031,
  686,
  2253,
  3081,
  3803,
  3768,
  2578,
  2700,
  577,
  3347,
  2301,
  3451],
 [3213,
  4916,
  3526,
  2686,
  4320,
  2703,
  4080,
  5499,
  5784,
  3480,
  4164,
  4636,
  2844,
  4213,
  4707,
  6779,
  5000,
  5793,
  0,
  5770,
  4039,
  3208,
  4432,
  2348,
  6006,
  3538,
  5327,
  3458,
  9272,
  5867,
  5481,
  5942,
  6322,
  5241,
  6124,
  5413,
  4830,
  2367,
  4765,
  2279,
  6193,
  6887,
  4989,
  2974,
  6050,
  6313,
  4200,
  6315,
  4994,
  5072,
  5640,
  4998,
  5544,
  4733,
  6089,
  3807,
  5171,
  5813,
  5548,
  4642,
  4322,
  3766,
  6003,
  4907,
  3696,
  6944,
  3800],
 [2301,
  435,
  3285,
  1888,
  3533,
  2888,
  3293,
  2535,
  1013,
  2436,
  740,
  1670,
  2013,
  2554,
  226,
  2008,
  1042,
  2891,
  2229,
  0,
  1988,
  2303,
  2517,
  2942,
  2107,
  2751,
  443,
  1566,
  6021,
  4823,
  4437,
  3771,
  3604,
  4197,
  3953,
  4369,
  3786,
  4596,
  5034,
  4508,
  5149,
  5843,
  3945,
  1932,
  280,
  1542,
  2095,
  1544,
  1440,
  4028,
  130,
  4086,
  4500,
  1179,
  5045,
  2763,
  1617,
  4769,
  4504,
  3855,
  3410,
  1138,
  4959,
  999,
  2276,
  3045,
  2380],
 [2950,
  2166,
  3524,
  2800,
  3772,
  3127,
  3532,
  1460,
  1745,
  1995,
  2471,
  3032,
  2925,
  3916,
  1957,
  2740,
  961,
  1754,
  3127,
  1731,
  0,
  3215,
  3879,
  3406,
  1967,
  2990,
  1288,
  3297,
  2201,
  1967,
  1836,
  1783,
  1616,
  1367,
  1965,
  2606,
  1988,
  5494,
  5273,
  5406,
  2681,
  2987,
  1822,
  3223,
  2011,
  2274,
  1654,
  2276,
  955,
  2265,
  1601,
  4735,
  1670,
  694,
  2189,
  2322,
  1132,
  1913,
  2741,
  4094,
  4059,
  2869,
  2360,
  868,
  3638,
  2816,
  3742],
 [1849,
  2311,
  982,
  1799,
  1230,
  585,
  990,
  2894,
  3179,
  994,
  2617,
  2031,
  1086,
  2216,
  2102,
  4174,
  2395,
  3188,
  2126,
  3165,
  1434,
  0,
  2179,
  864,
  3401,
  448,
  2722,
  1700,
  3690,
  2492,
  2106,
  2567,
  2947,
  1866,
  2749,
  2014,
  1431,
  4493,
  2731,
  4405,
  2794,
  3512,
  1858,
  1216,
  3445,
  3708,
  1595,
  3710,
  2389,
  1673,
  3035,
  3634,
  2169,
  2128,
  2714,
  609,
  2566,
  2438,
  2149,
  1552,
  2958,
  2219,
  2604,
  2302,
  1938,
  4250,
  2042],
 [2057,
  2988,
  3041,
  1644,
  3289,
  3011,
  3049,
  4343,
  4039,
  2324,
  2028,
  1442,
  1769,
  634,
  2779,
  4738,
  3805,
  4637,
  1985,
  2763,
  2883,
  2059,
  0,
  2656,
  4850,
  2507,
  3206,
  1322,
  5749,
  4551,
  4165,
  4626,
  5006,
  3925,
  4808,
  4073,
  3490,
  4352,
  4790,
  4264,
  4853,
  5571,
  3917,
  1200,
  2483,
  4272,
  3044,
  4274,
  3838,
  3732,
  2893,
  3842,
  4228,
  3577,
  4773,
  2651,
  4015,
  4497,
  4208,
  3611,
  3166,
  1630,
  4663,
  3751,
  721,
  5699,
  604],
 [985,
  2688,
  1178,
  458,
  2006,
  355,
  1766,
  3271,
  3556,
  1252,
  1936,
  873,
  616,
  1746,
  2479,
  4551,
  2772,
  3565,
  799,
  3542,
  1811,
  980,
  1709,
  0,
  3778,
  1224,
  3099,
  1230,
  4837,
  3639,
  3253,
  3714,
  4094,
  3013,
  3896,
  3185,
  2602,
  3166,
  3507,
  3078,
  3965,
  4659,
  2761,
  746,
  3822,
  4085,
  1972,
  4087,
  2766,
  2844,
  3412,
  2770,
  3316,
  2505,
  3861,
  1579,
  2943,
  3585,
  3320,
  2532,
  2094,
  1538,
  3775,
  2679,
  1468,
  4627,
  1572],
 [3731,
  2306,
  4307,
  3581,
  4555,
  3910,
  4315,
  428,
  1885,
  2778,
  2611,
  3813,
  3706,
  4697,
  2097,
  1495,
  1406,
  784,
  3908,
  1871,
  1687,
  3996,
  4660,
  4621,
  0,
  3773,
  1428,
  3804,
  1817,
  2441,
  2310,
  1399,
  1708,
  1841,
  1581,
  3080,
  2462,
  6275,
  6056,
  6187,
  3155,
  3461,
  2296,
  4004,
  2151,
  2414,
  2437,
  2416,
  909,
  2739,
  1741,
  5516,
  2144,
  708,
  2663,
  3105,
  820,
  2387,
  3215,
  4877,
  4840,
  4001,
  2834,
  1008,
  4419,
  1502,
  4523],
 [2549,
  2911,
  859,
  2399,
  782,
  1160,
  542,
  3494,
  3779,
  1594,
  2333,
  1747,
  1767,
  2631,
  2702,
  4774,
  2995,
  3788,
  2726,
  3765,
  2034,
  1464,
  2594,
  1515,
  4001,
  0,
  3322,
  2622,
  4290,
  3092,
  2706,
  3167,
  3547,
  2466,
  3349,
  2614,
  2031,
  5093,
  2283,
  5005,
  3394,
  4112,
  2458,
  1897,
  4045,
  4308,
  2195,
  4310,
  2989,
  2273,
  3635,
  4334,
  2769,
  2728,
  3314,
  1209,
  3166,
  3038,
  2749,
  1104,
  3658,
  1935,
  3204,
  2902,
  2353,
  5245,
  2457],
 [2948,
  878,
  3522,
  2798,
  3770,
  3125,
  3530,
  2092,
  570,
  1993,
  1183,
  2113,
  2923,
  2997,
  669,
  1565,
  599,
  2448,
  3125,
  443,
  1545,
  3213,
  2960,
  3404,
  1664,
  2988,
  0,
  2009,
  5578,
  4380,
  3994,
  3328,
  3161,
  3754,
  3510,
  3926,
  3343,
  5492,
  5271,
  5404,
  4706,
  5400,
  3502,
  2375,
  723,
  1099,
  1652,
  1101,
  997,
  3585,
  313,
  4733,
  4057,
  736,
  4602,
  2320,
  1174,
  4326,
  4061,
  4092,
  4057,
  1581,
  4516,
  556,
  2719,
  3145,
  2823],
 [735,
  2118,
  1719,
  322,
  1967,
  1322,
  1727,
  3021,
  3306,
  1002,
  1158,
  572,
  447,
  1456,
  1909,
  4301,
  2522,
  3315,
  663,
  1893,
  1561,
  737,
  1419,
  1376,
  3528,
  1185,
  2849,
  0,
  4427,
  3229,
  2843,
  3304,
  3684,
  2603,
  3486,
  2751,
  2168,
  3030,
  3468,
  2942,
  3531,
  4249,
  2595,
  398,
  1613,
  3835,
  1722,
  3837,
  2516,
  2410,
  2023,
  2520,
  2906,
  2255,
  3451,
  1329,
  2693,
  3175,
  2886,
  2289,
  1844,
  760,
  3341,
  2429,
  1178,
  4377,
  1282],
 [3824,
  3679,
  3449,
  3411,
  3697,
  3052,
  3457,
  1239,
  3258,
  2713,
  4229,
  3643,
  3536,
  4527,
  3470,
  4253,
  2474,
  1465,
  3752,
  3244,
  3153,
  3826,
  4490,
  3331,
  3480,
  2915,
  2801,
  3695,
  0,
  421,
  1198,
  418,
  876,
  1208,
  244,
  1640,
  1766,
  5466,
  5198,
  5378,
  1202,
  225,
  1663,
  3834,
  4684,
  3787,
  3314,
  3789,
  2468,
  2106,
  3114,
  5609,
  1448,
  1610,
  710,
  2247,
  1237,
  930,
  1952,
  4019,
  4933,
  3831,
  1674,
  2381,
  4249,
  2978,
  4353],
 [3403,
  3258,
  3028,
  2990,
  3276,
  2631,
  3036,
  1765,
  2837,
  2292,
  3808,
  3222,
  3115,
  4106,
  3049,
  3832,
  2053,
  1991,
  3331,
  2823,
  2732,
  3405,
  4069,
  2910,
  3059,
  2494,
  2380,
  3274,
  1743,
  0,
  777,
  1382,
  455,
  787,
  1564,
  1219,
  1345,
  5045,
  4777,
  4957,
  1259,
  1565,
  1242,
  3413,
  4263,
  3366,
  2893,
  3368,
  2047,
  1685,
  2693,
  5188,
  1027,
  1786,
  767,
  1826,
  1763,
  509,
  1531,
  3598,
  4512,
  3410,
  1253,
  1960,
  3828,
  3460,
  3932],
 [3657,
  3758,
  3157,
  3244,
  3405,
  2760,
  3165,
  2612,
  4626,
  2441,
  4062,
  3476,
  3369,
  4360,
  3549,
  5621,
  3842,
  2838,
  3585,
  4612,
  2881,
  3659,
  4323,
  3039,
  4848,
  2623,
  4169,
  3528,
  2161,
  1312,
  0,
  2229,
  1302,
  1182,
  2405,
  442,
  1262,
  4268,
  4562,
  4180,
  730,
  1983,
  1689,
  3667,
  4517,
  5155,
  3042,
  5157,
  3836,
  717,
  4482,
  5442,
  1180,
  3575,
  837,
  1955,
  2610,
  1224,
  754,
  3727,
  4766,
  3664,
  540,
  3749,
  4082,
  4307,
  4186],
 [3766,
  3404,
  3391,
  3353,
  3639,
  2994,
  3399,
  821,
  2983,
  2655,
  4171,
  3585,
  3478,
  4469,
  3195,
  3022,
  2199,
  1047,
  3694,
  2969,
  3095,
  3768,
  4432,
  3273,
  2920,
  2857,
  2526,
  3637,
  418,
  839,
  1616,
  0,
  1294,
  1150,
  182,
  2058,
  1771,
  5884,
  5140,
  5796,
  1620,
  643,
  1605,
  3776,
  3249,
  3512,
  3256,
  3514,
  1393,
  2048,
  2839,
  5551,
  1453,
  1192,
  1128,
  2189,
  819,
  1348,
  2370,
  3961,
  4875,
  3773,
  2092,
  2106,
  4191,
  2560,
  4295],
 [2948,
  2803,
  2573,
  2535,
  2821,
  2176,
  2581,
  1310,
  2382,
  1837,
  3353,
  2767,
  2660,
  3651,
  2594,
  3377,
  1598,
  1536,
  2876,
  2368,
  2277,
  2950,
  3614,
  2455,
  2604,
  2039,
  1925,
  2819,
  1345,
  932,
  801,
  927,
  0,
  332,
  1109,
  1571,
  662,
  5069,
  4322,
  4981,
  1646,
  1952,
  787,
  2958,
  3808,
  2911,
  2438,
  2913,
  1592,
  1230,
  2238,
  4733,
  635,
  1331,
  1154,
  1371,
  1308,
  878,
  1706,
  3143,
  4057,
  2955,
  1325,
  1505,
  3373,
  3005,
  3477],
 [3209,
  3393,
  2792,
  2796,
  3040,
  2395,
  2800,
  1868,
  4261,
  2076,
  3614,
  3028,
  2921,
  3912,
  3184,
  5256,
  3477,
  2094,
  3137,
  4247,
  2516,
  3211,
  3875,
  2674,
  4483,
  2258,
  3804,
  3080,
  2614,
  1394,
  469,
  1485,
  1755,
  0,
  1667,
  911,
  621,
  4737,
  4541,
  4649,
  1183,
  2436,
  1048,
  3219,
  4069,
  4790,
  2677,
  4792,
  3471,
  1159,
  4117,
  4994,
  303,
  3210,
  1290,
  1590,
  1866,
  1340,
  1223,
  3362,
  4318,
  3216,
  993,
  3384,
  3634,
  3563,
  3738],
 [4068,
  3923,
  3693,
  3655,
  3941,
  3296,
  3701,
  1003,
  3502,
  2957,
  4473,
  3887,
  3780,
  4771,
  3714,
  3204,
  2718,
  1229,
  3996,
  3488,
  3397,
  4070,
  4734,
  3575,
  3102,
  3159,
  3045,
  3939,
  244,
  665,
  1442,
  182,
  1120,
  1452,
  0,
  1884,
  2010,
  5710,
  5442,
  5622,
  1446,
  469,
  1907,
  4078,
  4928,
  4031,
  3558,
  4033,
  1575,
  2350,
  3358,
  5853,
  1692,
  1374,
  954,
  2491,
  1001,
  1174,
  2196,
  4263,
  5177,
  4075,
  1918,
  2625,
  4493,
  2742,
  4597],
 [3520,
  3621,
  3020,
  3107,
  3268,
  2623,
  3028,
  2662,
  4489,
  2304,
  3925,
  3339,
  3232,
  4223,
  3412,
  5484,
  3705,
  2888,
  3448,
  4475,
  2744,
  3522,
  4186,
  2902,
  4711,
  2486,
  4032,
  3391,
  2211,
  1362,
  980,
  2279,
  1352,
  1232,
  2455,
  0,
  1125,
  4303,
  4597,
  4215,
  780,
  2033,
  1552,
  3530,
  4380,
  5018,
  2905,
  5020,
  3699,
  580,
  4345,
  5305,
  1230,
  3438,
  887,
  1818,
  2660,
  1274,
  724,
  3590,
  4629,
  3527,
  590,
  3612,
  3945,
  4357,
  4049],
 [2588,
  2794,
  2213,
  2175,
  2461,
  1816,
  2221,
  1763,
  3662,
  1477,
  2993,
  2407,
  2300,
  3291,
  2585,
  4657,
  2878,
  1989,
  2516,
  3648,
  1917,
  2590,
  3254,
  2095,
  3884,
  1679,
  3205,
  2459,
  2503,
  1305,
  1148,
  1380,
  1213,
  679,
  1562,
  1211,
  0,
  4883,
  3962,
  4795,
  2019,
  2325,
  427,
  2598,
  3448,
  4191,
  2078,
  4193,
  2872,
  870,
  3518,
  4373,
  982,
  2611,
  1527,
  1011,
  1761,
  1251,
  1346,
  2783,
  3697,
  2595,
  1672,
  2785,
  3013,
  3458,
  3117],
 [3349,
  5052,
  3662,
  2822,
  4574,
  2839,
  4334,
  5635,
  5920,
  3616,
  3823,
  3237,
  2947,
  4349,
  4843,
  6915,
  5136,
  5929,
  2711,
  5906,
  4175,
  3344,
  4568,
  2484,
  6142,
  3792,
  5463,
  3594,
  6467,
  5637,
  5255,
  6554,
  5627,
  5507,
  6711,
  5697,
  4966,
  0,
  3317,
  289,
  5055,
  6289,
  5125,
  3110,
  4278,
  6449,
  4336,
  6451,
  5130,
  5208,
  5776,
  5134,
  5505,
  4869,
  5143,
  3943,
  5307,
  5530,
  6009,
  4896,
  4458,
  3425,
  4846,
  5043,
  3832,
  6991,
  3936],
 [4631,
  4993,
  2961,
  4481,
  1864,
  3262,
  2007,
  5576,
  5861,
  3676,
  4415,
  3829,
  4606,
  4713,
  4784,
  6856,
  5077,
  5858,
  4808,
  5847,
  4116,
  3546,
  4676,
  3617,
  6083,
  2526,
  5404,
  4704,
  6594,
  5174,
  4788,
  5249,
  5629,
  4548,
  5431,
  4696,
  4113,
  3274,
  0,
  3186,
  5476,
  6416,
  4540,
  3999,
  6127,
  6390,
  4277,
  6392,
  5071,
  4355,
  5717,
  6416,
  4851,
  4810,
  5396,
  3291,
  5248,
  5120,
  4831,
  1295,
  5740,
  4017,
  5286,
  4984,
  4435,
  6932,
  4539],
 [3261,
  4964,
  3574,
  2734,
  4486,
  2751,
  4246,
  5547,
  5832,
  3528,
  3735,
  3149,
  2859,
  4261,
  4755,
  6827,
  5048,
  5841,
  2623,
  5818,
  4087,
  3256,
  4480,
  2396,
  6054,
  3704,
  5375,
  3506,
  6379,
  5549,
  5167,
  6466,
  5539,
  5419,
  6623,
  5609,
  4878,
  289,
  3229,
  0,
  4967,
  6201,
  5037,
  3022,
  4190,
  6361,
  4248,
  6363,
  5042,
  5120,
  5688,
  5046,
  5417,
  4781,
  5055,
  3855,
  5219,
  5442,
  5921,
  4808,
  4370,
  3337,
  4758,
  4955,
  3744,
  6903,
  3848],
 [3520,
  3375,
  3145,
  3107,
  3393,
  2748,
  3153,
  1882,
  2954,
  2409,
  3925,
  3339,
  3232,
  4223,
  3166,
  3949,
  2170,
  2108,
  3448,
  2940,
  2849,
  3522,
  4186,
  3027,
  3176,
  2611,
  2497,
  3391,
  1780,
  582,
  608,
  1499,
  572,
  590,
  1681,
  1050,
  1176,
  4876,
  4894,
  4788,
  0,
  1602,
  1359,
  3530,
  4380,
  3483,
  3010,
  3485,
  2164,
  1802,
  2810,
  5305,
  858,
  1903,
  804,
  1943,
  1880,
  340,
  1362,
  3715,
  4629,
  3527,
  1084,
  2077,
  3945,
  3577,
  4049],
 [3599,
  3454,
  3224,
  3186,
  3472,
  2827,
  3232,
  1961,
  3033,
  2488,
  4004,
  3418,
  3311,
  4302,
  3245,
  4028,
  2249,
  2187,
  3527,
  3019,
  2928,
  3601,
  4265,
  3106,
  3255,
  2690,
  2576,
  3470,
  391,
  196,
  973,
  809,
  651,
  983,
  635,
  1415,
  1541,
  5241,
  4973,
  5153,
  977,
  0,
  1438,
  3609,
  4459,
  3562,
  3089,
  3564,
  2243,
  1881,
  2889,
  5384,
  1223,
  1982,
  485,
  2022,
  1959,
  705,
  1727,
  3794,
  4708,
  3606,
  1449,
  2156,
  4024,
  3656,
  4128],
 [2161,
  2367,
  1786,
  1748,
  2034,
  1389,
  1794,
  2950,
  3235,
  1050,
  2566,
  1980,
  1873,
  2864,
  2158,
  4230,
  2451,
  2397,
  2089,
  3221,
  1490,
  2163,
  2827,
  1668,
  3457,
  1252,
  2778,
  2032,
  2911,
  1713,
  1437,
  1788,
  2168,
  1087,
  1970,
  1390,
  807,
  4456,
  3535,
  4368,
  2170,
  2733,
  0,
  2171,
  3021,
  3764,
  1651,
  3766,
  2445,
  1049,
  3091,
  3946,
  1390,
  2184,
  1935,
  584,
  2622,
  1659,
  1525,
  2356,
  3270,
  2168,
  1980,
  2358,
  2586,
  3866,
  2690],
 [1219,
  2150,
  1560,
  806,
  2451,
  1039,
  2211,
  3505,
  3201,
  1486,
  1190,
  604,
  298,
  1000,
  1941,
  3900,
  2967,
  3799,
  602,
  1925,
  2045,
  1221,
  963,
  1222,
  4012,
  1669,
  2368,
  484,
  4911,
  3713,
  3327,
  3788,
  4168,
  3087,
  3970,
  3235,
  2652,
  2969,
  3952,
  2881,
  4015,
  4733,
  3079,
  0,
  1645,
  3434,
  2206,
  3436,
  3000,
  2894,
  2055,
  3004,
  3390,
  2739,
  3935,
  1813,
  3177,
  3659,
  3370,
  2773,
  2328,
  792,
  3825,
  2913,
  722,
  4861,
  826],
 [2021,
  505,
  3005,
  1608,
  3253,
  2608,
  3013,
  2815,
  1293,
  2716,
  460,
  1390,
  1733,
  2274,
  296,
  2288,
  1322,
  3171,
  1949,
  280,
  2268,
  2023,
  2237,
  2662,
  2387,
  2471,
  723,
  1286,
  5713,
  4515,
  4129,
  4051,
  4970,
  3889,
  4233,
  4037,
  3454,
  4316,
  4754,
  4228,
  4817,
  5535,
  3881,
  1652,
  0,
  1822,
  2375,
  1824,
  1720,
  3696,
  410,
  3806,
  4192,
  1459,
  4737,
  3043,
  1897,
  4461,
  4172,
  3575,
  3130,
  858,
  4627,
  1279,
  1996,
  3236,
  2100],
 [4512,
  2150,
  5088,
  4362,
  5336,
  4691,
  5096,
  1987,
  702,
  3559,
  2413,
  3343,
  4487,
  4227,
  1941,
  466,
  1809,
  2343,
  4689,
  1715,
  2755,
  4777,
  4190,
  5402,
  1559,
  4554,
  1272,
  3239,
  4666,
  4684,
  4267,
  3150,
  3665,
  3798,
  3332,
  5492,
  4909,
  7056,
  6837,
  6968,
  5465,
  4488,
  4253,
  3605,
  1995,
  0,
  3218,
  493,
  2207,
  5151,
  1585,
  6297,
  4101,
  1946,
  4973,
  3886,
  2384,
  4344,
  5627,
  5658,
  5621,
  2811,
  4791,
  2078,
  3949,
  2046,
  4053],
 [1296,
  1757,
  1870,
  1146,
  2118,
  1473,
  1878,
  2340,
  2625,
  341,
  1779,
  1378,
  1271,
  2262,
  1548,
  3620,
  1841,
  2634,
  1473,
  2611,
  880,
  1561,
  2225,
  1752,
  2847,
  1336,
  2168,
  1369,
  3926,
  2728,
  2342,
  2803,
  3183,
  2102,
  2985,
  2274,
  1691,
  3840,
  3619,
  3752,
  3054,
  3748,
  1850,
  1569,
  2891,
  3154,
  0,
  3156,
  1835,
  1933,
  2481,
  3081,
  2405,
  1574,
  2950,
  668,
  2012,
  2674,
  2409,
  2440,
  2405,
  1381,
  2864,
  1748,
  1984,
  3696,
  2088],
 [3665,
  1657,
  4239,
  3068,
  4487,
  3842,
  4247,
  2809,
  209,
  2710,
  1920,
  2850,
  3193,
  3734,
  1448,
  908,
  1316,
  3165,
  3842,
  1222,
  2262,
  3483,
  3697,
  4121,
  2381,
  3705,
  779,
  2746,
  5108,
  5097,
  4711,
  3592,
  3878,
  4471,
  3774,
  4643,
  4060,
  6209,
  5988,
  6121,
  5423,
  4930,
  4219,
  3112,
  1502,
  442,
  2369,
  0,
  1714,
  4302,
  1092,
  5450,
  4774,
  1453,
  5319,
  3037,
  1891,
  5043,
  4778,
  4809,
  4774,
  2318,
  5233,
  1273,
  3456,
  2488,
  3560],
 [4140,
  2674,
  3765,
  3727,
  4013,
  3368,
  3773,
  505,
  2253,
  3029,
  2979,
  3959,
  3852,
  4843,
  2465,
  2354,
  2265,
  799,
  4068,
  2239,
  2055,
  4142,
  4806,
  3647,
  1637,
  3231,
  1796,
  4011,
  1500,
  2124,
  1993,
  1082,
  1391,
  1524,
  1264,
  2763,
  2145,
  6261,
  5514,
  6173,
  2838,
  3144,
  1979,
  4150,
  2519,
  2782,
  3296,
  2784,
  0,
  2422,
  2109,
  5925,
  1827,
  1076,
  2346,
  2563,
  177,
  2070,
  2898,
  4335,
  5249,
  4147,
  2517,
  1376,
  4565,
  2361,
  4669],
 [3626,
  3553,
  2952,
  3213,
  3200,
  2555,
  2960,
  3003,
  4421,
  2236,
  4031,
  3445,
  3338,
  4329,
  3344,
  5416,
  3637,
  3229,
  3554,
  4407,
  2676,
  3628,
  4292,
  2834,
  4643,
  2418,
  3964,
  3497,
  2552,
  1703,
  1321,
  2620,
  1693,
  1573,
  2796,
  341,
  1187,
  4644,
  4701,
  4556,
  1121,
  2374,
  1614,
  3636,
  4486,
  4950,
  2837,
  4952,
  3631,
  0,
  4277,
  5411,
  1571,
  3370,
  1228,
  1750,
  3001,
  1615,
  476,
  3522,
  4735,
  3633,
  931,
  3544,
  4051,
  4698,
  4155],
 [2431,
  565,
  3835,
  2018,
  4083,
  3438,
  3843,
  2405,
  883,
  2306,
  870,
  1800,
  2143,
  2684,
  356,
  1878,
  912,
  2761,
  2359,
  130,
  1858,
  2433,
  2647,
  3717,
  1977,
  3301,
  313,
  1696,
  5891,
  4693,
  4307,
  3641,
  3474,
  4067,
  3823,
  4239,
  3656,
  4726,
  5584,
  4638,
  5019,
  5713,
  3815,
  2062,
  410,
  1412,
  1965,
  1414,
  1310,
  3898,
  0,
  4216,
  4370,
  1049,
  4915,
  2633,
  1487,
  4639,
  4374,
  4405,
  3540,
  1268,
  4829,
  869,
  2406,
  2826,
  2510],
 [5238,
  4102,
  5814,
  5088,
  6062,
  5417,
  5822,
  2620,
  3681,
  4285,
  4407,
  5320,
  5213,
  6204,
  3893,
  3002,
  2913,
  2976,
  5415,
  3667,
  3859,
  5503,
  6167,
  6128,
  2192,
  5280,
  3224,
  5311,
  4447,
  4465,
  4413,
  3296,
  3811,
  3944,
  3478,
  6218,
  4565,
  7782,
  7563,
  7694,
  5246,
  4269,
  4399,
  5511,
  3947,
  4210,
  3944,
  4212,
  3311,
  5877,
  3537,
  0,
  4247,
  3050,
  4754,
  4612,
  3012,
  4490,
  6353,
  6384,
  6347,
  5508,
  4937,
  2804,
  5926,
  1832,
  6030],
 [2906,
  3090,
  2489,
  2493,
  2737,
  2092,
  2497,
  2081,
  3958,
  1773,
  3311,
  2725,
  2618,
  3609,
  2881,
  4953,
  3174,
  2307,
  2834,
  3944,
  2213,
  2908,
  3572,
  2371,
  4180,
  1955,
  3501,
  2777,
  2821,
  1623,
  989,
  1698,
  2078,
  997,
  1880,
  1197,
  318,
  5500,
  4238,
  5412,
  1977,
  2643,
  745,
  2916,
  3766,
  4487,
  2374,
  4489,
  3168,
  856,
  3814,
  4691,
  0,
  2907,
  1845,
  1287,
  2079,
  1569,
  1332,
  3059,
  4015,
  2913,
  1787,
  3081,
  3331,
  3776,
  3435],
 [2382,
  1598,
  2956,
  2232,
  3204,
  2559,
  2964,
  766,
  1177,
  1427,
  1903,
  2464,
  2357,
  3348,
  1389,
  2172,
  393,
  1060,
  2559,
  1163,
  979,
  2647,
  3311,
  2838,
  1399,
  2422,
  720,
  2729,
  1761,
  2385,
  2254,
  1343,
  1652,
  1785,
  1525,
  3360,
  2406,
  4926,
  4705,
  4838,
  3099,
  3405,
  2240,
  2655,
  1443,
  1706,
  1086,
  1708,
  261,
  3019,
  1033,
  4167,
  2088,
  0,
  2607,
  1754,
  438,
  2331,
  3495,
  3526,
  3491,
  2301,
  2778,
  300,
  3070,
  2248,
  3174],
 [3567,
  3422,
  3192,
  3154,
  3440,
  2795,
  3200,
  1929,
  3001,
  2456,
  3972,
  3386,
  3279,
  4270,
  3213,
  3996,
  2217,
  2155,
  3495,
  2987,
  2896,
  3569,
  4233,
  3074,
  3223,
  2658,
  2544,
  3438,
  1827,
  629,
  655,
  1546,
  619,
  637,
  1728,
  1097,
  1223,
  4923,
  4941,
  4835,
  1343,
  1649,
  1406,
  3577,
  4427,
  3530,
  3057,
  3532,
  2211,
  1761,
  2857,
  5352,
  905,
  1950,
  0,
  1990,
  1927,
  387,
  1409,
  3762,
  4676,
  3574,
  1131,
  2124,
  3992,
  3624,
  4096],
 [2069,
  2809,
  1202,
  1314,
  1450,
  805,
  1210,
  3392,
  3677,
  1492,
  2626,
  2529,
  1306,
  2436,
  2600,
  4672,
  2893,
  3686,
  1610,
  3663,
  1932,
  1064,
  2399,
  1084,
  3899,
  668,
  3220,
  1920,
  4188,
  2990,
  2604,
  3065,
  3445,
  2364,
  3247,
  2512,
  1929,
  3977,
  2951,
  3889,
  3292,
  4010,
  2356,
  1436,
  3943,
  4206,
  2093,
  4208,
  2887,
  2171,
  3533,
  3854,
  2667,
  2626,
  3212,
  0,
  3064,
  2936,
  2647,
  1772,
  3178,
  2228,
  3102,
  2800,
  2158,
  5143,
  2262],
 [3963,
  2497,
  3588,
  3550,
  3836,
  3191,
  3596,
  328,
  2076,
  2852,
  2802,
  3782,
  3675,
  4666,
  2288,
  2177,
  2088,
  622,
  3891,
  2062,
  1878,
  3965,
  4629,
  3470,
  1460,
  3054,
  1619,
  3834,
  1323,
  1947,
  1816,
  905,
  1214,
  1347,
  1087,
  2586,
  1968,
  6084,
  5337,
  5996,
  2661,
  2967,
  1802,
  3973,
  2342,
  2605,
  3119,
  2607,
  1621,
  2245,
  1932,
  5748,
  1650,
  899,
  2169,
  2386,
  0,
  1893,
  2721,
  4158,
  5072,
  3970,
  2340,
  1199,
  4388,
  2983,
  4492],
 [3424,
  3630,
  3007,
  3011,
  3255,
  2610,
  3015,
  2039,
  4498,
  2313,
  3829,
  3243,
  3136,
  4127,
  3421,
  5493,
  3714,
  2265,
  3352,
  4484,
  2753,
  3426,
  4090,
  2889,
  4720,
  2473,
  4041,
  3295,
  2365,
  1565,
  268,
  1656,
  1506,
  520,
  1838,
  710,
  836,
  4536,
  4756,
  4448,
  934,
  2187,
  1263,
  3434,
  4284,
  5027,
  2914,
  5029,
  3708,
  1374,
  4354,
  5209,
  518,
  3447,
  1041,
  1805,
  2037,
  0,
  1022,
  3577,
  4533,
  3431,
  744,
  3621,
  3849,
  3734,
  3953],
 [3150,
  3077,
  2476,
  2737,
  2724,
  2079,
  2484,
  2595,
  3945,
  1760,
  3555,
  2969,
  2862,
  3853,
  2868,
  4940,
  3161,
  2821,
  3078,
  3931,
  2200,
  3152,
  3816,
  2358,
  4167,
  1942,
  3488,
  3021,
  2791,
  1942,
  1462,
  2212,
  1932,
  1511,
  3035,
  580,
  832,
  4883,
  4225,
  4795,
  1360,
  2613,
  1259,
  3160,
  4010,
  4474,
  2361,
  4476,
  3155,
  239,
  3801,
  4935,
  1340,
  2894,
  1467,
  1274,
  3332,
  1854,
  0,
  3046,
  4259,
  3157,
  1170,
  3068,
  3575,
  4290,
  3679],
 [3471,
  3833,
  1801,
  3321,
  704,
  2102,
  847,
  4416,
  4701,
  2516,
  4139,
  3553,
  3446,
  4437,
  3624,
  6539,
  3917,
  4698,
  3648,
  4687,
  2956,
  2386,
  4400,
  2457,
  4923,
  1366,
  4244,
  3544,
  5299,
  4014,
  3628,
  4089,
  4469,
  3388,
  5543,
  3536,
  2953,
  5490,
  1769,
  5402,
  4316,
  5121,
  3380,
  2839,
  4967,
  5230,
  3117,
  5232,
  3911,
  3195,
  4557,
  5256,
  3691,
  3650,
  4236,
  2131,
  4088,
  3960,
  3671,
  0,
  4580,
  3741,
  4126,
  3824,
  4159,
  6167,
  4263],
 [5914,
  4778,
  6490,
  5764,
  6738,
  6093,
  6498,
  3296,
  4357,
  4961,
  5083,
  5996,
  5889,
  6880,
  4569,
  3678,
  3589,
  3652,
  6091,
  4343,
  4535,
  6179,
  6843,
  6804,
  2868,
  5956,
  3900,
  5987,
  5123,
  5141,
  5089,
  3972,
  4487,
  4620,
  4154,
  6894,
  5241,
  8458,
  8239,
  8370,
  5922,
  4945,
  5286,
  6187,
  4623,
  4886,
  4620,
  4888,
  3987,
  6553,
  4213,
  676,
  4923,
  3726,
  5430,
  5288,
  3688,
  5166,
  7029,
  7060,
  0,
  6184,
  5613,
  3480,
  6602,
  2508,
  6706],
 [1163,
  1358,
  2147,
  750,
  2395,
  1750,
  2155,
  3668,
  2409,
  1430,
  398,
  532,
  875,
  1416,
  1149,
  3108,
  2175,
  4024,
  1091,
  1133,
  1989,
  1165,
  1379,
  1804,
  3240,
  1613,
  1576,
  428,
  4855,
  3657,
  3271,
  3732,
  4112,
  3031,
  3914,
  3179,
  2596,
  3458,
  3896,
  3370,
  3959,
  4677,
  3023,
  794,
  853,
  2642,
  2150,
  2644,
  2573,
  2838,
  1263,
  2948,
  3334,
  2312,
  3879,
  1757,
  2750,
  3603,
  3314,
  2717,
  2272,
  0,
  3769,
  2132,
  1138,
  4688,
  1242],
 [3864,
  3719,
  3489,
  3451,
  3737,
  3092,
  3497,
  2226,
  3298,
  2753,
  4269,
  3683,
  3576,
  4567,
  3510,
  4293,
  2514,
  2452,
  3792,
  3284,
  3193,
  3866,
  4530,
  3371,
  3520,
  2955,
  2841,
  3735,
  1621,
  926,
  952,
  1843,
  916,
  934,
  1865,
  1394,
  1520,
  5220,
  5238,
  5132,
  789,
  1443,
  1703,
  3874,
  4724,
  3827,
  3354,
  3829,
  2508,
  2058,
  3154,
  5649,
  1202,
  2247,
  297,
  2287,
  2224,
  684,
  1706,
  4059,
  4973,
  3871,
  0,
  2421,
  4289,
  3921,
  4393],
 [2754,
  1298,
  3328,
  2604,
  3576,
  2931,
  3336,
  1898,
  877,
  1799,
  1603,
  2533,
  2729,
  3417,
  1089,
  1872,
  405,
  2254,
  2931,
  863,
  1351,
  3019,
  3380,
  3210,
  1470,
  2794,
  420,
  2429,
  5384,
  4186,
  3800,
  3134,
  2967,
  3560,
  3316,
  3732,
  3149,
  5298,
  5077,
  5210,
  4512,
  5206,
  3308,
  2795,
  1143,
  1406,
  1458,
  1408,
  803,
  3391,
  733,
  4539,
  3863,
  542,
  4408,
  2126,
  980,
  4132,
  3867,
  3898,
  3863,
  2001,
  4322,
  0,
  3139,
  2319,
  3243],
 [2098,
  3029,
  2801,
  1685,
  3330,
  2280,
  3090,
  4384,
  4080,
  2365,
  2069,
  1483,
  1539,
  675,
  2820,
  4779,
  3846,
  4678,
  1843,
  2804,
  2924,
  2100,
  241,
  2697,
  4891,
  2548,
  3247,
  1363,
  5790,
  4592,
  4206,
  4667,
  5047,
  3966,
  4849,
  4114,
  3531,
  4210,
  4831,
  4122,
  4894,
  5612,
  3958,
  1241,
  2524,
  4313,
  3085,
  4315,
  3879,
  3773,
  2934,
  3883,
  4269,
  3618,
  4814,
  2692,
  4056,
  4538,
  4249,
  3652,
  3207,
  1671,
  4704,
  3792,
  0,
  6359,
  645],
 [3406,
  2270,
  3982,
  3256,
  4230,
  3585,
  3990,
  788,
  1849,
  2453,
  2575,
  3488,
  3381,
  4372,
  2061,
  1170,
  1081,
  1144,
  3583,
  1835,
  2027,
  3671,
  4335,
  4296,
  360,
  3448,
  1392,
  3479,
  4022,
  4840,
  4454,
  2900,
  5295,
  4214,
  3082,
  4386,
  3803,
  5950,
  5731,
  5862,
  5166,
  3844,
  3962,
  3679,
  2115,
  2378,
  2112,
  2380,
  1479,
  4045,
  1705,
  5191,
  4517,
  1218,
  5062,
  2780,
  1180,
  4786,
  4521,
  4552,
  4515,
  3676,
  6275,
  972,
  4094,
  0,
  4198],
 [2208,
  3139,
  2911,
  1795,
  3440,
  2558,
  3200,
  4494,
  4190,
  2475,
  2179,
  1593,
  1649,
  785,
  2930,
  4889,
  3956,
  4788,
  2090,
  2914,
  3034,
  2210,
  745,
  2203,
  5001,
  2658,
  3357,
  1473,
  5900,
  4702,
  4316,
  4777,
  5157,
  4076,
  4959,
  4224,
  3641,
  4457,
  4941,
  4369,
  5004,
  5722,
  4068,
  1351,
  2634,
  4423,
  3195,
  4425,
  3989,
  3883,
  3044,
  3993,
  4379,
  3728,
  4924,
  2802,
  4166,
  4648,
  4359,
  3762,
  3317,
  1781,
  4814,
  3902,
  990,
  6469,
  0]]
