[[0,
  554,
  2112,
  514,
  15929,
  4383,
  2658,
  4102,
  2815,
  2999,
  4784,
  3002,
  4112,
  3282,
  3032,
  2887,
  2414,
  2067,
  3312,
  5355,
  5111,
  4174,
  4244,
  2402,
  4446,
  3880,
  4789,
  4422,
  4069,
  825,
  2358,
  3287,
  1591,
  2694,
  4213,
  2224,
  3099,
  1991,
  2975,
  868,
  1394,
  1156,
  4199,
  4649,
  5139,
  3054,
  2316,
  3733,
  3354,
  2126,
  3220,
  2400,
  4159,
  2704,
  3464,
  1622,
  3921,
  4481,
  1903,
  2927,
  3823,
  2701,
  4777,
  3017,
  762,
  2838,
  947,
  264,
  750,
  3053,
  5084,
  4563,
  1666,
  3927,
  513,
  2803,
  4924,
  3066],
 [522,
  0,
  1714,
  870,
  17189,
  4905,
  3180,
  3739,
  3337,
  3521,
  5306,
  3036,
  3749,
  3638,
  2680,
  3409,
  2448,
  2589,
  2949,
  5877,
  5633,
  4089,
  3881,
  2318,
  4083,
  3788,
  4426,
  4944,
  3553,
  1347,
  2274,
  3809,
  2113,
  2389,
  4735,
  2746,
  4285,
  2513,
  3009,
  1390,
  1916,
  1678,
  4721,
  5171,
  4776,
  3576,
  3244,
  3767,
  4540,
  2648,
  3742,
  2922,
  4193,
  3226,
  3986,
  2144,
  3836,
  4118,
  2425,
  2537,
  4345,
  3223,
  5299,
  3373,
  351,
  2533,
  393,
  786,
  913,
  3575,
  4721,
  5085,
  2188,
  3564,
  696,
  2719,
  4960,
  3588],
 [880,
  1228,
  0,
  1105,
  15468,
  4946,
  3221,
  4665,
  3698,
  4636,
  5362,
  3565,
  4675,
  2821,
  3327,
  3450,
  2977,
  2630,
  3875,
  5933,
  6384,
  4737,
  4807,
  2965,
  5009,
  4443,
  5352,
  5000,
  4632,
  1745,
  2921,
  3850,
  2154,
  3036,
  4791,
  2787,
  3468,
  2554,
  3538,
  1431,
  1957,
  1394,
  5472,
  5922,
  5702,
  3617,
  2879,
  4296,
  3723,
  2689,
  4857,
  3283,
  4722,
  3267,
  4027,
  2185,
  4484,
  5044,
  2466,
  3184,
  4386,
  3264,
  5355,
  2556,
  1436,
  3180,
  1621,
  827,
  1313,
  3616,
  5647,
  5141,
  2229,
  4490,
  1187,
  3366,
  5502,
  4703],
 [885,
  1233,
  844,
  0,
  15415,
  5637,
  4216,
  4670,
  3645,
  4583,
  5309,
  3570,
  4680,
  2768,
  3332,
  4445,
  2982,
  2635,
  3880,
  5880,
  6331,
  4742,
  4812,
  2970,
  5014,
  4448,
  5357,
  4947,
  4637,
  1692,
  2926,
  3855,
  2159,
  3041,
  4738,
  2792,
  3415,
  2559,
  3543,
  1436,
  1962,
  1341,
  5419,
  5869,
  5707,
  3622,
  2884,
  4301,
  3670,
  2694,
  4804,
  3230,
  4727,
  3272,
  4032,
  2190,
  4489,
  5049,
  2471,
  3189,
  5077,
  3269,
  5302,
  2503,
  1441,
  3185,
  1626,
  832,
  1318,
  3621,
  5688,
  5088,
  2234,
  4495,
  1192,
  3371,
  5449,
  4650],
 [5106,
  5454,
  4226,
  5331,
  0,
  2698,
  4095,
  5886,
  3524,
  3917,
  4551,
  5989,
  5048,
  2647,
  6571,
  4324,
  5401,
  3861,
  6299,
  3823,
  3392,
  5329,
  5861,
  6178,
  5659,
  5035,
  5498,
  4281,
  5224,
  4583,
  5566,
  4468,
  3994,
  5681,
  4072,
  3704,
  3294,
  4504,
  6534,
  4845,
  5143,
  4232,
  2480,
  2930,
  5990,
  4953,
  5236,
  6550,
  3549,
  5113,
  4138,
  3109,
  6288,
  5275,
  4053,
  4249,
  5076,
  5636,
  3968,
  6721,
  2138,
  4962,
  4636,
  2382,
  5662,
  5825,
  5847,
  5071,
  5539,
  5624,
  5022,
  4422,
  4181,
  5711,
  5413,
  6011,
  4783,
  3984],
 [5117,
  5465,
  4237,
  5342,
  15212,
  0,
  4106,
  5897,
  3535,
  3928,
  4562,
  6000,
  5059,
  2658,
  6582,
  4335,
  5412,
  3872,
  6310,
  3834,
  3403,
  5340,
  5872,
  6189,
  5670,
  5046,
  5509,
  4292,
  5235,
  4594,
  5577,
  4479,
  4005,
  5692,
  4083,
  3715,
  3305,
  4515,
  6545,
  4856,
  5154,
  4243,
  2491,
  2941,
  6001,
  4964,
  5247,
  6561,
  3560,
  5124,
  4149,
  3120,
  6299,
  5286,
  4064,
  4260,
  5087,
  5647,
  3979,
  6732,
  2149,
  4973,
  4647,
  2393,
  5673,
  5836,
  5858,
  5082,
  5550,
  5635,
  5033,
  4433,
  4192,
  5722,
  5424,
  6022,
  4794,
  3995],
 [3442,
  3790,
  4151,
  3667,
  16937,
  1725,
  0,
  3387,
  3358,
  1418,
  2144,
  3999,
  2549,
  4383,
  4380,
  229,
  3762,
  1529,
  4309,
  2884,
  2453,
  2830,
  3529,
  4142,
  3252,
  2536,
  3091,
  1782,
  2725,
  2864,
  3927,
  1969,
  2051,
  4042,
  1573,
  1686,
  2382,
  2563,
  4141,
  3126,
  2779,
  3195,
  1541,
  1991,
  3440,
  1788,
  3701,
  4051,
  1919,
  3474,
  1639,
  2943,
  3789,
  2776,
  1554,
  1750,
  2577,
  3137,
  1469,
  4275,
  1165,
  2463,
  2137,
  4118,
  3998,
  4186,
  4183,
  3109,
  3875,
  3125,
  2523,
  1923,
  2238,
  3212,
  3749,
  4372,
  2284,
  1485],
 [4498,
  4145,
  5275,
  4435,
  19619,
  4407,
  2682,
  0,
  4400,
  2292,
  3018,
  1566,
  1006,
  3791,
  2139,
  2911,
  2463,
  3075,
  1876,
  3203,
  5135,
  687,
  142,
  2375,
  344,
  1032,
  992,
  2028,
  786,
  3988,
  2369,
  1521,
  3129,
  2632,
  2447,
  3232,
  3230,
  3641,
  1708,
  4250,
  3196,
  4319,
  4223,
  4673,
  1342,
  2006,
  3339,
  1618,
  3141,
  3026,
  2513,
  3985,
  1356,
  2328,
  2416,
  3296,
  940,
  684,
  3015,
  2508,
  3847,
  2015,
  1673,
  5773,
  4327,
  2776,
  3700,
  4233,
  4421,
  2677,
  1287,
  1887,
  3316,
  779,
  4672,
  2814,
  1526,
  2359],
 [1861,
  2209,
  2570,
  2086,
  16837,
  4103,
  2378,
  3567,
  0,
  2745,
  3471,
  2467,
  3876,
  1128,
  3049,
  2607,
  1879,
  1058,
  2777,
  4042,
  4831,
  2899,
  3709,
  2656,
  4579,
  2605,
  4418,
  3109,
  2794,
  1283,
  2044,
  2012,
  470,
  2159,
  2900,
  1215,
  1577,
  982,
  3012,
  1545,
  1198,
  1614,
  3919,
  4369,
  3864,
  1779,
  1714,
  3691,
  1832,
  1591,
  2966,
  878,
  4117,
  1695,
  1748,
  613,
  2646,
  3206,
  894,
  3199,
  3543,
  1426,
  3464,
  3110,
  2417,
  2303,
  2602,
  1528,
  2294,
  2044,
  3850,
  3250,
  657,
  3281,
  2168,
  2489,
  3611,
  2812],
 [3550,
  3898,
  4259,
  3775,
  18649,
  3437,
  1712,
  1969,
  3430,
  0,
  2048,
  2581,
  1131,
  2821,
  2962,
  1941,
  2344,
  2105,
  2891,
  2619,
  4165,
  1412,
  2111,
  2724,
  2188,
  1118,
  2027,
  1686,
  1307,
  2972,
  2509,
  551,
  2159,
  2624,
  1477,
  2262,
  2260,
  2671,
  2723,
  3234,
  3188,
  3303,
  3253,
  3703,
  2377,
  1036,
  3467,
  2633,
  2171,
  2056,
  221,
  3015,
  2371,
  1358,
  1446,
  2326,
  1159,
  1719,
  2045,
  2857,
  2877,
  1045,
  2041,
  4803,
  4106,
  2768,
  4049,
  3217,
  3983,
  1707,
  2322,
  1827,
  2346,
  1794,
  3857,
  2954,
  2561,
  67],
 [5554,
  5552,
  6263,
  5779,
  20111,
  4899,
  3248,
  1452,
  4966,
  2782,
  0,
  2973,
  1943,
  4357,
  3546,
  3477,
  4251,
  3641,
  3283,
  3300,
  5627,
  1371,
  1310,
  3782,
  1108,
  1843,
  947,
  2125,
  1699,
  4976,
  3776,
  2458,
  4163,
  4039,
  2538,
  3798,
  3796,
  4675,
  3115,
  5238,
  4603,
  5307,
  4715,
  5165,
  1439,
  2943,
  4746,
  3025,
  3707,
  3963,
  3003,
  4551,
  2763,
  3265,
  3353,
  3862,
  1624,
  1368,
  3581,
  3915,
  4339,
  2952,
  1770,
  7292,
  5734,
  4183,
  5107,
  5221,
  5828,
  3614,
  1384,
  1984,
  4350,
  2186,
  5861,
  4221,
  1623,
  2849],
 [3181,
  3529,
  3890,
  3406,
  18899,
  4511,
  2786,
  1100,
  4504,
  2396,
  3122,
  0,
  1110,
  3895,
  1475,
  3015,
  857,
  3179,
  310,
  3693,
  5239,
  1450,
  1242,
  1347,
  1444,
  1149,
  1787,
  2760,
  914,
  2603,
  1132,
  1625,
  3233,
  1247,
  2551,
  3336,
  3334,
  3745,
  1219,
  2865,
  1811,
  2934,
  4327,
  4777,
  2137,
  2110,
  2090,
  1129,
  3245,
  3130,
  2617,
  4089,
  867,
  2432,
  2520,
  3400,
  1197,
  1479,
  3119,
  1559,
  3951,
  2119,
  2468,
  5877,
  3378,
  1391,
  2751,
  2848,
  3614,
  2781,
  2082,
  2901,
  3420,
  925,
  3488,
  1577,
  2321,
  2463],
 [3522,
  3870,
  4231,
  3747,
  18917,
  3409,
  1684,
  1967,
  3402,
  1294,
  2020,
  2579,
  0,
  2793,
  2934,
  1913,
  2316,
  2077,
  2889,
  2591,
  4137,
  871,
  2109,
  2696,
  1647,
  1116,
  1486,
  1658,
  1305,
  2944,
  2481,
  523,
  2131,
  2596,
  1449,
  2234,
  2232,
  2643,
  2877,
  3206,
  3160,
  3275,
  3225,
  3675,
  1836,
  1008,
  3439,
  2631,
  2143,
  2028,
  1515,
  2987,
  2369,
  1330,
  1418,
  2298,
  618,
  1178,
  2017,
  2829,
  2849,
  1017,
  2013,
  4775,
  4078,
  2740,
  4021,
  3189,
  3955,
  1679,
  1781,
  1799,
  2318,
  1792,
  3829,
  2926,
  2160,
  1361],
 [2738,
  3086,
  3162,
  2963,
  15736,
  3173,
  1448,
  3784,
  877,
  1815,
  2541,
  3342,
  2946,
  0,
  3924,
  1677,
  2754,
  1214,
  3652,
  3112,
  3901,
  3227,
  3926,
  3531,
  3649,
  2933,
  3488,
  2179,
  3122,
  2160,
  2919,
  2366,
  1347,
  3034,
  1970,
  1057,
  647,
  1857,
  3887,
  2422,
  2496,
  2491,
  2989,
  3439,
  3837,
  2185,
  2589,
  4448,
  902,
  2466,
  2036,
  462,
  4186,
  3173,
  1951,
  1490,
  2974,
  3534,
  1399,
  4074,
  2613,
  2860,
  2534,
  2231,
  3294,
  3178,
  3479,
  2405,
  3171,
  3522,
  2920,
  2320,
  1534,
  3609,
  3045,
  3364,
  2681,
  1882],
 [2758,
  2405,
  3535,
  2695,
  18108,
  5111,
  3386,
  1700,
  3140,
  2996,
  3722,
  600,
  1710,
  2975,
  0,
  3615,
  723,
  2862,
  910,
  4293,
  5839,
  2050,
  1842,
  635,
  2044,
  1749,
  2387,
  3360,
  1514,
  2248,
  629,
  2225,
  1763,
  892,
  3151,
  3019,
  3424,
  2203,
  573,
  2510,
  1456,
  2579,
  4927,
  5377,
  2737,
  2710,
  1599,
  1331,
  3679,
  1277,
  3217,
  2725,
  1467,
  3032,
  3120,
  2417,
  1797,
  2079,
  2698,
  768,
  4551,
  1852,
  3068,
  4737,
  2587,
  1036,
  1960,
  2493,
  2681,
  3381,
  2682,
  3501,
  1878,
  1525,
  3133,
  1074,
  2921,
  3063],
 [3213,
  3561,
  3922,
  3438,
  17004,
  1496,
  882,
  3158,
  3129,
  1189,
  1915,
  3770,
  2320,
  4154,
  4151,
  0,
  3533,
  1300,
  4080,
  2655,
  2224,
  2601,
  3300,
  3913,
  3023,
  2307,
  2862,
  1553,
  2496,
  2635,
  3698,
  1740,
  1822,
  3813,
  1344,
  1457,
  2153,
  2334,
  3912,
  2897,
  2550,
  2966,
  1312,
  1762,
  3211,
  1559,
  3472,
  3822,
  1690,
  3245,
  1410,
  2714,
  3560,
  2547,
  1325,
  1521,
  2348,
  2908,
  1240,
  4046,
  936,
  2234,
  1908,
  3889,
  3769,
  3957,
  3954,
  2880,
  3646,
  2896,
  2294,
  1694,
  2009,
  2983,
  3520,
  4143,
  2055,
  1256],
 [2768,
  2415,
  3409,
  2705,
  18118,
  5099,
  3374,
  1688,
  3150,
  2984,
  3710,
  588,
  1698,
  2985,
  618,
  3603,
  0,
  2405,
  898,
  4281,
  5827,
  2038,
  1830,
  645,
  2032,
  1737,
  2375,
  3348,
  1502,
  2122,
  639,
  2213,
  1773,
  902,
  3139,
  2562,
  3434,
  2213,
  561,
  2384,
  1330,
  2453,
  4915,
  5365,
  2725,
  2698,
  1609,
  1319,
  3689,
  1287,
  3205,
  2735,
  1745,
  3020,
  3108,
  1960,
  1785,
  2067,
  2241,
  778,
  4539,
  1862,
  3056,
  4967,
  2597,
  1046,
  1970,
  2367,
  2691,
  3369,
  2670,
  3489,
  1888,
  1513,
  2942,
  1084,
  2909,
  3051],
 [2158,
  2506,
  2867,
  2383,
  16929,
  2523,
  798,
  3108,
  1829,
  1139,
  1865,
  3103,
  2270,
  1220,
  3346,
  1027,
  2515,
  0,
  3413,
  2436,
  3251,
  2551,
  3250,
  2953,
  2973,
  2257,
  2812,
  1503,
  2446,
  1580,
  2680,
  1943,
  767,
  2795,
  1294,
  157,
  853,
  1279,
  3076,
  1842,
  1495,
  1911,
  2339,
  2789,
  3161,
  1008,
  2417,
  3772,
  1108,
  2227,
  1360,
  1414,
  3510,
  1481,
  897,
  466,
  2298,
  2858,
  185,
  3028,
  1963,
  1212,
  1858,
  3202,
  2714,
  2939,
  2899,
  1825,
  2591,
  1830,
  2244,
  1644,
  954,
  2933,
  2465,
  3125,
  2005,
  1206],
 [4334,
  3981,
  5111,
  4271,
  19684,
  4201,
  2476,
  790,
  4194,
  2086,
  2812,
  1402,
  800,
  3585,
  1975,
  2705,
  1098,
  2869,
  0,
  3383,
  4929,
  1140,
  932,
  2211,
  1134,
  839,
  1477,
  2450,
  604,
  3824,
  2205,
  1315,
  2923,
  2468,
  2241,
  3026,
  3024,
  3435,
  1544,
  4086,
  3032,
  4155,
  4017,
  4467,
  1827,
  1800,
  3175,
  1454,
  2935,
  2820,
  2307,
  3779,
  1192,
  2122,
  2210,
  3090,
  887,
  1169,
  2809,
  2344,
  3641,
  1809,
  2158,
  5567,
  4163,
  2612,
  3536,
  4069,
  4257,
  2471,
  1772,
  2591,
  3110,
  615,
  4508,
  2650,
  2011,
  2153],
 [3664,
  4012,
  4373,
  3889,
  18504,
  2996,
  1358,
  2180,
  3076,
  892,
  728,
  3473,
  2023,
  2467,
  3854,
  1587,
  3236,
  1751,
  3783,
  0,
  3724,
  2099,
  2038,
  3616,
  1836,
  2010,
  1675,
  874,
  2199,
  3086,
  3401,
  1443,
  2273,
  3516,
  536,
  1908,
  1906,
  2785,
  3615,
  3348,
  4080,
  3417,
  2812,
  3262,
  2167,
  1928,
  4359,
  3525,
  1817,
  2948,
  1113,
  2661,
  3263,
  2250,
  2338,
  1972,
  2051,
  2096,
  1691,
  3749,
  2436,
  1937,
  1229,
  4449,
  4220,
  3660,
  4941,
  3331,
  4097,
  2599,
  1615,
  1015,
  2460,
  2686,
  3971,
  3846,
  1376,
  959],
 [4095,
  4443,
  4804,
  4320,
  17560,
  2052,
  1789,
  2611,
  3507,
  1323,
  1159,
  3904,
  2454,
  2898,
  4285,
  2018,
  3667,
  2182,
  4214,
  431,
  0,
  2530,
  2469,
  4047,
  2267,
  2441,
  2106,
  1305,
  2630,
  3517,
  3832,
  1874,
  2704,
  3947,
  967,
  2339,
  2337,
  3216,
  4046,
  3779,
  4511,
  3848,
  1868,
  2318,
  2598,
  2359,
  4790,
  3956,
  2248,
  3379,
  1544,
  3092,
  3694,
  2681,
  2769,
  2403,
  2482,
  2527,
  2122,
  4180,
  1492,
  2368,
  1660,
  4445,
  4651,
  4091,
  5372,
  3762,
  4528,
  3030,
  2046,
  1446,
  2891,
  3117,
  4402,
  4277,
  1807,
  1390],
 [3982,
  4330,
  4691,
  4207,
  19933,
  4425,
  2144,
  1120,
  3862,
  2308,
  2222,
  1935,
  468,
  3253,
  2508,
  2373,
  2776,
  2537,
  2245,
  2826,
  5153,
  0,
  978,
  2744,
  776,
  472,
  615,
  1651,
  661,
  3404,
  2941,
  983,
  2591,
  3056,
  1909,
  2694,
  2692,
  3103,
  2077,
  3666,
  3620,
  3735,
  4241,
  4691,
  965,
  1468,
  3899,
  1987,
  2603,
  2488,
  2529,
  3447,
  1725,
  1790,
  1878,
  2758,
  253,
  307,
  2477,
  2877,
  3865,
  1477,
  1296,
  5235,
  4696,
  3200,
  4069,
  3649,
  4415,
  2139,
  910,
  1510,
  2778,
  1148,
  4289,
  3386,
  1149,
  2375],
 [4640,
  4287,
  5417,
  4577,
  19730,
  4518,
  2793,
  142,
  4511,
  2403,
  3129,
  1708,
  1117,
  3902,
  2281,
  3022,
  2605,
  3186,
  2018,
  3061,
  5246,
  545,
  0,
  2517,
  202,
  1017,
  850,
  1886,
  873,
  4130,
  2511,
  1632,
  3240,
  2774,
  2558,
  3343,
  3341,
  3752,
  1850,
  4392,
  3338,
  4461,
  4334,
  4784,
  1200,
  2117,
  3481,
  1760,
  3252,
  3137,
  2624,
  4096,
  1498,
  2439,
  2527,
  3407,
  798,
  542,
  3126,
  2650,
  3958,
  2126,
  1531,
  5884,
  4469,
  2918,
  3842,
  4375,
  4563,
  2788,
  1145,
  1745,
  3427,
  921,
  4814,
  2956,
  1384,
  2470],
 [3026,
  2741,
  3735,
  3031,
  18444,
  6287,
  4562,
  2427,
  3477,
  4929,
  4449,
  1327,
  2437,
  3312,
  954,
  4791,
  1139,
  2732,
  1637,
  5020,
  7015,
  2777,
  2569,
  0,
  2771,
  2476,
  3114,
  4087,
  2241,
  2448,
  965,
  2952,
  2100,
  1080,
  3878,
  2889,
  3761,
  2540,
  917,
  2710,
  1656,
  2779,
  6103,
  6553,
  3464,
  2541,
  1936,
  1596,
  4016,
  1613,
  5150,
  3062,
  2022,
  3369,
  2951,
  2287,
  2524,
  2806,
  2568,
  1104,
  5727,
  2188,
  3795,
  5294,
  2923,
  1224,
  2296,
  2693,
  3017,
  3718,
  3409,
  4228,
  2215,
  2252,
  3333,
  1410,
  3648,
  4996],
 [4429,
  4524,
  5138,
  4814,
  19528,
  4316,
  2591,
  344,
  4309,
  2201,
  2927,
  1945,
  915,
  3700,
  2518,
  2820,
  3223,
  2984,
  2255,
  2859,
  5186,
  343,
  202,
  2754,
  0,
  815,
  648,
  1684,
  671,
  3851,
  2748,
  1430,
  3038,
  3011,
  2356,
  3141,
  3139,
  3550,
  2087,
  4113,
  3575,
  4182,
  4132,
  4582,
  998,
  1915,
  3718,
  1997,
  3050,
  2935,
  2422,
  3894,
  1735,
  2237,
  2325,
  3205,
  596,
  340,
  2924,
  2887,
  3898,
  1924,
  1329,
  5682,
  4706,
  3155,
  4079,
  4096,
  4800,
  2586,
  943,
  1543,
  3225,
  1158,
  4736,
  3193,
  1182,
  2268],
 [4395,
  4042,
  5172,
  4332,
  19046,
  3834,
  2109,
  851,
  3827,
  1719,
  2445,
  1463,
  433,
  3218,
  2036,
  2338,
  2360,
  2502,
  1773,
  3235,
  4562,
  683,
  993,
  2272,
  1185,
  0,
  1024,
  2060,
  189,
  3885,
  2266,
  948,
  2556,
  2529,
  1874,
  2659,
  2657,
  3068,
  1605,
  4147,
  3093,
  4216,
  3650,
  4100,
  1374,
  1433,
  3236,
  1515,
  2568,
  2453,
  1940,
  3412,
  1253,
  1755,
  1843,
  2723,
  430,
  716,
  2442,
  2405,
  3274,
  1442,
  1705,
  5200,
  4224,
  2673,
  3597,
  4130,
  4318,
  2104,
  1319,
  1919,
  2743,
  676,
  4569,
  2711,
  1558,
  1786],
 [4510,
  4605,
  5219,
  4895,
  19609,
  4397,
  2672,
  505,
  4390,
  2282,
  3008,
  2026,
  996,
  3781,
  2599,
  2901,
  3304,
  3065,
  2336,
  2940,
  5125,
  424,
  363,
  2835,
  161,
  896,
  0,
  1765,
  752,
  3932,
  2829,
  1511,
  3119,
  3092,
  2437,
  3222,
  3220,
  3631,
  2168,
  4194,
  3656,
  4263,
  4213,
  4663,
  1079,
  1996,
  3799,
  2078,
  3131,
  3016,
  2503,
  3975,
  1816,
  2318,
  2406,
  3286,
  677,
  421,
  3005,
  2968,
  3837,
  2005,
  1410,
  5763,
  4787,
  3236,
  4160,
  4177,
  4881,
  2667,
  1024,
  1624,
  3306,
  1239,
  4817,
  3274,
  1263,
  2349],
 [3398,
  3746,
  4107,
  3623,
  18366,
  3154,
  1092,
  1813,
  2810,
  626,
  984,
  3207,
  1757,
  2201,
  3588,
  1321,
  2970,
  1485,
  3517,
  1555,
  3882,
  1732,
  1671,
  3350,
  1469,
  1744,
  1308,
  0,
  1933,
  2820,
  3135,
  1177,
  2007,
  3250,
  413,
  1642,
  1640,
  2519,
  3349,
  3082,
  3814,
  3151,
  2970,
  3420,
  1658,
  1662,
  4093,
  3259,
  1551,
  2682,
  847,
  2395,
  2997,
  1984,
  2072,
  1706,
  1785,
  1729,
  1425,
  3483,
  2594,
  1671,
  355,
  4183,
  3954,
  3394,
  4675,
  3065,
  3831,
  2333,
  741,
  141,
  2194,
  2420,
  3705,
  3580,
  502,
  693],
 [4206,
  3853,
  4983,
  4143,
  19363,
  4151,
  2426,
  662,
  4144,
  2036,
  2762,
  1274,
  750,
  3535,
  1847,
  2655,
  2171,
  2819,
  1584,
  3333,
  4879,
  1090,
  804,
  2083,
  1006,
  848,
  1349,
  2400,
  0,
  3696,
  2077,
  1265,
  2873,
  2340,
  2191,
  2976,
  2974,
  3385,
  1416,
  3958,
  2904,
  4027,
  3967,
  4417,
  1699,
  1750,
  3047,
  1326,
  2885,
  2770,
  2257,
  3729,
  1064,
  2072,
  2160,
  3040,
  837,
  1041,
  2759,
  2216,
  3591,
  1759,
  2030,
  5517,
  4035,
  2484,
  3408,
  3941,
  4129,
  2421,
  1644,
  2244,
  3060,
  487,
  4380,
  2522,
  1883,
  2103],
 [821,
  1169,
  1530,
  1046,
  16461,
  3777,
  2052,
  3496,
  2209,
  2393,
  4178,
  2396,
  3506,
  2044,
  2426,
  2281,
  1808,
  1461,
  2706,
  4749,
  4505,
  3568,
  3638,
  2188,
  3840,
  3274,
  4183,
  3816,
  3463,
  0,
  1973,
  2681,
  985,
  2088,
  3607,
  1618,
  2493,
  1385,
  2369,
  262,
  788,
  574,
  3593,
  4043,
  4533,
  2448,
  1710,
  3127,
  2748,
  1520,
  2614,
  1794,
  3553,
  2098,
  2858,
  1016,
  3315,
  3875,
  1297,
  2321,
  3217,
  2095,
  4171,
  2732,
  1377,
  2232,
  1562,
  488,
  1254,
  2447,
  4478,
  3957,
  1060,
  3321,
  1128,
  2418,
  4318,
  2460],
 [2061,
  2409,
  2770,
  2286,
  17701,
  4695,
  2970,
  2624,
  2511,
  2580,
  3306,
  1524,
  2634,
  2346,
  1554,
  3199,
  936,
  1766,
  1834,
  3877,
  5423,
  2696,
  2766,
  1316,
  2968,
  2402,
  3311,
  2944,
  2591,
  1483,
  0,
  1809,
  1134,
  794,
  2735,
  1923,
  2795,
  1574,
  1497,
  1745,
  691,
  1814,
  4511,
  4961,
  3661,
  1576,
  970,
  2255,
  3050,
  648,
  2801,
  2096,
  2681,
  1492,
  1986,
  1321,
  2443,
  3003,
  1602,
  1449,
  4135,
  1223,
  3299,
  4328,
  2617,
  650,
  2802,
  1728,
  2494,
  1841,
  3606,
  3085,
  1249,
  2449,
  2368,
  445,
  3446,
  2647],
 [3467,
  3815,
  4176,
  3692,
  18098,
  2886,
  1161,
  2300,
  2879,
  771,
  1497,
  2912,
  1902,
  2270,
  3485,
  1390,
  3115,
  1554,
  3222,
  2068,
  3614,
  1743,
  2807,
  3495,
  2605,
  1449,
  2444,
  1135,
  1638,
  2889,
  3280,
  0,
  2076,
  3395,
  926,
  1711,
  1709,
  2588,
  3054,
  3151,
  2804,
  3220,
  2702,
  3152,
  2793,
  945,
  3726,
  2964,
  1620,
  2827,
  992,
  2464,
  2702,
  2129,
  1501,
  1775,
  1490,
  2050,
  1494,
  3628,
  2326,
  1816,
  1490,
  4252,
  4023,
  3539,
  4208,
  3134,
  3900,
  2478,
  1876,
  1276,
  2263,
  2125,
  3774,
  3725,
  1637,
  838],
 [1391,
  1739,
  2100,
  1616,
  17031,
  3719,
  1994,
  3436,
  3191,
  3392,
  4118,
  2336,
  3446,
  3026,
  2366,
  2223,
  1748,
  1403,
  2646,
  4689,
  4447,
  3508,
  3578,
  2128,
  3780,
  3214,
  4123,
  3756,
  3403,
  813,
  1913,
  2621,
  0,
  2028,
  3547,
  1560,
  3475,
  1327,
  2309,
  1075,
  728,
  1144,
  3535,
  3985,
  4473,
  2388,
  1650,
  3067,
  3730,
  1460,
  3613,
  2776,
  3493,
  2040,
  2798,
  958,
  3255,
  3815,
  1239,
  2261,
  3159,
  2035,
  4111,
  3302,
  1947,
  2172,
  2132,
  1058,
  1824,
  2389,
  4418,
  3897,
  1002,
  3261,
  1698,
  2358,
  4258,
  3459],
 [2570,
  2918,
  3279,
  2795,
  18225,
  4922,
  3453,
  2126,
  2994,
  3063,
  3789,
  1423,
  2136,
  2829,
  1067,
  3682,
  835,
  2606,
  1336,
  4360,
  5906,
  2476,
  2268,
  705,
  2470,
  2885,
  2813,
  3427,
  1940,
  1992,
  483,
  2292,
  1617,
  0,
  3218,
  2763,
  3278,
  2057,
  1396,
  2254,
  1200,
  2323,
  4994,
  5444,
  3163,
  2059,
  1453,
  2154,
  3533,
  1131,
  3284,
  2579,
  2580,
  1975,
  2469,
  2161,
  2223,
  2505,
  2442,
  885,
  4618,
  1706,
  3782,
  4811,
  3126,
  144,
  2077,
  2237,
  3003,
  2324,
  3108,
  3568,
  1732,
  1951,
  2877,
  349,
  3347,
  3130],
 [3507,
  3855,
  4216,
  3732,
  17953,
  2741,
  1201,
  2023,
  2919,
  735,
  571,
  3316,
  1866,
  2310,
  3697,
  1430,
  3079,
  1594,
  3626,
  1142,
  3469,
  1942,
  1881,
  3459,
  1679,
  1853,
  1518,
  717,
  2042,
  2929,
  3244,
  1286,
  2116,
  3359,
  0,
  1751,
  1749,
  2628,
  3458,
  3191,
  3923,
  3260,
  2557,
  3007,
  2010,
  1771,
  4202,
  3368,
  1660,
  2791,
  956,
  2504,
  3106,
  2093,
  2181,
  1815,
  1894,
  1939,
  1534,
  3592,
  2181,
  1780,
  1072,
  5134,
  4063,
  3503,
  4784,
  3174,
  3940,
  2442,
  1458,
  858,
  2303,
  2529,
  3814,
  3689,
  1219,
  802],
 [2315,
  2663,
  3024,
  2540,
  16772,
  2680,
  955,
  3265,
  1672,
  1296,
  2022,
  3260,
  2427,
  1063,
  3503,
  1184,
  2672,
  157,
  3570,
  2593,
  3408,
  2708,
  3407,
  3110,
  3130,
  2414,
  2969,
  1660,
  2603,
  1737,
  2837,
  2100,
  924,
  2952,
  1451,
  0,
  696,
  1436,
  3233,
  1999,
  1652,
  2068,
  2496,
  2946,
  3461,
  1165,
  2574,
  3929,
  951,
  2384,
  1517,
  1257,
  3667,
  1638,
  1054,
  623,
  2455,
  3015,
  342,
  3185,
  2120,
  1369,
  2015,
  3045,
  2871,
  3096,
  3056,
  1982,
  2748,
  1987,
  2401,
  1801,
  1111,
  3090,
  2622,
  3282,
  2162,
  1363],
 [3192,
  3540,
  3901,
  3417,
  17738,
  2526,
  801,
  3137,
  3108,
  1168,
  1894,
  3749,
  2299,
  2499,
  4130,
  1030,
  3512,
  1279,
  4059,
  2465,
  3254,
  2580,
  3279,
  3892,
  3002,
  2286,
  2841,
  1532,
  2475,
  2614,
  3677,
  1719,
  1801,
  3792,
  1323,
  1436,
  0,
  2313,
  3891,
  2876,
  2529,
  2945,
  2342,
  2792,
  3190,
  1538,
  3451,
  3801,
  255,
  3224,
  1389,
  2693,
  3539,
  2526,
  1304,
  1500,
  2327,
  2887,
  1219,
  4025,
  1966,
  2213,
  1887,
  4919,
  3748,
  3936,
  3933,
  2859,
  3625,
  2875,
  2273,
  1673,
  1988,
  2962,
  3499,
  4122,
  2034,
  1235],
 [2009,
  2357,
  2718,
  2234,
  17649,
  4656,
  2931,
  2585,
  2273,
  2541,
  3267,
  1485,
  2595,
  2108,
  1515,
  3160,
  897,
  1528,
  1795,
  3838,
  5384,
  2657,
  2727,
  1277,
  2929,
  2363,
  3272,
  2905,
  2552,
  1431,
  1062,
  1770,
  896,
  1177,
  2696,
  1685,
  2557,
  0,
  1458,
  1693,
  639,
  1762,
  4472,
  4922,
  3622,
  1537,
  732,
  2216,
  2812,
  609,
  2762,
  1858,
  2642,
  1453,
  1947,
  1083,
  2404,
  2964,
  1364,
  1410,
  4096,
  1184,
  3260,
  4090,
  2565,
  1321,
  2602,
  1676,
  2442,
  1802,
  3567,
  3046,
  1011,
  2410,
  2316,
  1507,
  3407,
  2608],
 [3189,
  2836,
  3966,
  3126,
  18539,
  4921,
  3196,
  1510,
  3571,
  2806,
  3532,
  410,
  1520,
  3406,
  431,
  3425,
  1154,
  3589,
  720,
  4103,
  5649,
  1860,
  1652,
  564,
  1854,
  1559,
  2197,
  3170,
  1324,
  2679,
  1060,
  2035,
  2194,
  1323,
  2961,
  3746,
  3744,
  2634,
  0,
  2941,
  1887,
  3010,
  4737,
  5187,
  2547,
  2520,
  2030,
  963,
  3655,
  1708,
  3027,
  3156,
  1389,
  2842,
  2930,
  2848,
  1607,
  1889,
  3529,
  1199,
  4361,
  2529,
  2878,
  5168,
  3018,
  1467,
  2391,
  2924,
  3112,
  3191,
  2492,
  3311,
  2309,
  1335,
  3564,
  1505,
  2731,
  2873],
 [1189,
  1537,
  1898,
  1414,
  16829,
  3515,
  1790,
  3234,
  1947,
  2131,
  3916,
  2134,
  3244,
  1782,
  2164,
  2019,
  1546,
  1199,
  2444,
  4487,
  4243,
  3306,
  3376,
  1926,
  3578,
  3012,
  3921,
  3554,
  3201,
  611,
  1711,
  2419,
  723,
  1826,
  3345,
  1356,
  2231,
  1123,
  2107,
  0,
  526,
  942,
  3331,
  3781,
  4271,
  2186,
  1448,
  2865,
  2486,
  1258,
  2352,
  1532,
  3291,
  1836,
  2596,
  754,
  3053,
  3613,
  1035,
  2059,
  2955,
  1833,
  3909,
  3100,
  1745,
  1970,
  1930,
  856,
  1622,
  2185,
  4216,
  3695,
  798,
  3059,
  1496,
  2156,
  4056,
  2198],
 [1370,
  1718,
  2079,
  1595,
  17010,
  3722,
  1997,
  3441,
  2154,
  2338,
  4123,
  2341,
  3451,
  1989,
  2371,
  2226,
  1753,
  1406,
  2651,
  4694,
  4450,
  3513,
  3583,
  2133,
  3785,
  3219,
  4128,
  3761,
  3408,
  792,
  1918,
  2626,
  930,
  2033,
  3552,
  1563,
  2438,
  1330,
  2314,
  1054,
  0,
  1123,
  3538,
  3988,
  4478,
  2393,
  1655,
  3072,
  2693,
  1465,
  2559,
  1739,
  3498,
  2043,
  2803,
  961,
  3260,
  3820,
  1242,
  2266,
  3162,
  2040,
  4116,
  3281,
  1926,
  2177,
  2111,
  1037,
  1803,
  2392,
  4423,
  3902,
  1005,
  3266,
  1677,
  2363,
  4263,
  2405],
 [1172,
  1520,
  1248,
  1397,
  15599,
  4128,
  2403,
  3847,
  2560,
  2744,
  4529,
  2747,
  3857,
  2715,
  2777,
  2632,
  2159,
  1812,
  3057,
  5100,
  4856,
  3919,
  3989,
  2539,
  4191,
  3625,
  4534,
  4167,
  3814,
  351,
  2324,
  3032,
  1336,
  2439,
  3958,
  1969,
  2844,
  1736,
  2720,
  613,
  1139,
  0,
  3944,
  4394,
  4884,
  2799,
  2061,
  3478,
  3099,
  1871,
  2965,
  2145,
  3904,
  2449,
  3209,
  1367,
  3666,
  4226,
  1648,
  2672,
  3568,
  2446,
  4522,
  2450,
  1728,
  2583,
  1913,
  839,
  1605,
  2798,
  4829,
  4308,
  1411,
  3672,
  1479,
  2769,
  4669,
  2811],
 [3623,
  3971,
  4332,
  3848,
  17037,
  1825,
  1292,
  3568,
  3539,
  1599,
  2233,
  4180,
  2730,
  2930,
  4561,
  1521,
  3943,
  1710,
  4490,
  1505,
  1074,
  3011,
  3543,
  4323,
  3341,
  2717,
  3180,
  1963,
  2906,
  3045,
  4108,
  2150,
  2232,
  4223,
  1754,
  1867,
  2563,
  2744,
  4322,
  3307,
  2960,
  3376,
  0,
  612,
  3672,
  2635,
  3882,
  4232,
  2100,
  3655,
  1820,
  3124,
  3970,
  2957,
  1735,
  1931,
  2758,
  3318,
  1650,
  4456,
  1265,
  2644,
  2318,
  4218,
  4179,
  4367,
  4364,
  3290,
  4056,
  3306,
  2704,
  2104,
  2419,
  3393,
  3930,
  4553,
  2465,
  1666],
 [4557,
  4905,
  5266,
  4782,
  17726,
  2514,
  2251,
  3073,
  3969,
  1785,
  1621,
  4366,
  2916,
  3360,
  4747,
  2480,
  4129,
  2644,
  4676,
  893,
  462,
  2992,
  2931,
  4509,
  2729,
  2903,
  2568,
  1767,
  3092,
  3979,
  4294,
  2336,
  3166,
  4409,
  1429,
  2801,
  2799,
  3678,
  4508,
  4241,
  3894,
  4310,
  2330,
  0,
  3060,
  2821,
  5252,
  4418,
  2710,
  3841,
  2006,
  3554,
  4156,
  3143,
  3231,
  2865,
  2944,
  2989,
  2584,
  4642,
  1954,
  2830,
  2122,
  4907,
  5113,
  4553,
  5298,
  4224,
  4990,
  3492,
  2508,
  1908,
  3353,
  3579,
  4864,
  4739,
  2269,
  1852],
 [4115,
  4463,
  4824,
  4340,
  18672,
  3460,
  1809,
  3312,
  3527,
  1343,
  1257,
  3924,
  2474,
  2918,
  4305,
  2038,
  3687,
  2202,
  4234,
  1861,
  4188,
  2755,
  2567,
  4067,
  2365,
  2461,
  2204,
  1325,
  2650,
  3537,
  3852,
  1894,
  2724,
  3967,
  987,
  2359,
  2357,
  3236,
  4066,
  3799,
  4531,
  3868,
  3276,
  3726,
  0,
  2379,
  4810,
  3976,
  2268,
  3399,
  1564,
  3112,
  3714,
  2701,
  2789,
  2423,
  2502,
  3062,
  2142,
  4200,
  2900,
  2388,
  1680,
  5853,
  4671,
  4111,
  5392,
  3782,
  4548,
  3050,
  2066,
  1466,
  2911,
  3137,
  4422,
  4297,
  1827,
  1410],
 [3296,
  3644,
  4005,
  3521,
  17947,
  2735,
  1010,
  2346,
  2728,
  1351,
  2077,
  2565,
  1482,
  2119,
  2595,
  1239,
  1977,
  1383,
  2875,
  2648,
  3463,
  1789,
  2488,
  2357,
  2565,
  1495,
  2404,
  1715,
  1684,
  2718,
  2142,
  902,
  1905,
  2257,
  1506,
  1540,
  1558,
  2417,
  2538,
  2980,
  2633,
  3049,
  2551,
  3001,
  2754,
  0,
  3100,
  3010,
  1469,
  1689,
  1572,
  2313,
  2748,
  991,
  410,
  1604,
  1536,
  2096,
  1323,
  2490,
  2175,
  678,
  2070,
  4101,
  3852,
  2401,
  4037,
  2963,
  3729,
  1340,
  2699,
  1856,
  2092,
  2171,
  3603,
  2587,
  2217,
  1418],
 [3402,
  3750,
  4289,
  3627,
  17085,
  4351,
  2626,
  4962,
  1541,
  2993,
  3719,
  4006,
  4124,
  1376,
  4588,
  2855,
  3418,
  2392,
  4316,
  4290,
  5079,
  4405,
  5104,
  4195,
  4827,
  4111,
  4666,
  3357,
  4300,
  2824,
  3583,
  3544,
  2011,
  3698,
  3148,
  2235,
  1825,
  2521,
  4551,
  3086,
  3160,
  4295,
  4167,
  4617,
  5158,
  4029,
  0,
  5626,
  2080,
  3130,
  3214,
  1126,
  5364,
  4351,
  3129,
  2154,
  4152,
  4712,
  2577,
  4738,
  3791,
  3705,
  3712,
  3358,
  3958,
  3842,
  4143,
  3069,
  3835,
  4700,
  4098,
  3498,
  2198,
  4787,
  3709,
  4028,
  3859,
  3060],
 [3736,
  3383,
  4513,
  3673,
  19086,
  5315,
  3590,
  1904,
  4118,
  3200,
  3926,
  804,
  1914,
  3953,
  1377,
  3819,
  1701,
  3983,
  1114,
  4497,
  6043,
  2254,
  2046,
  1613,
  2248,
  1953,
  2591,
  3564,
  1718,
  3226,
  1607,
  2429,
  2741,
  1870,
  3355,
  4140,
  4138,
  3181,
  946,
  3488,
  2434,
  3557,
  5131,
  5581,
  2941,
  2914,
  2577,
  0,
  4049,
  2255,
  3421,
  3703,
  594,
  3236,
  3324,
  3395,
  2001,
  2283,
  3923,
  1746,
  4755,
  2923,
  3272,
  5715,
  3565,
  2014,
  2938,
  3471,
  3659,
  3585,
  2886,
  3705,
  2856,
  1729,
  3910,
  2052,
  3125,
  3267],
 [2937,
  3285,
  3646,
  3162,
  17483,
  2271,
  546,
  2882,
  2853,
  913,
  1639,
  3494,
  2044,
  2244,
  3875,
  775,
  3257,
  1024,
  3804,
  2210,
  2999,
  2325,
  3024,
  3637,
  2747,
  2031,
  2586,
  1277,
  2220,
  2359,
  3422,
  1464,
  1546,
  3537,
  1068,
  1181,
  1877,
  2058,
  3636,
  2621,
  2274,
  2690,
  2087,
  2537,
  3078,
  1949,
  3196,
  3546,
  0,
  2969,
  1134,
  2438,
  3284,
  2271,
  1049,
  1245,
  2072,
  2632,
  964,
  3770,
  1711,
  1958,
  1632,
  4664,
  3493,
  3681,
  3678,
  2604,
  3370,
  2620,
  2018,
  1418,
  1733,
  2707,
  3244,
  3867,
  1779,
  980],
 [2502,
  2850,
  3211,
  2727,
  18141,
  5387,
  3662,
  1976,
  2952,
  3272,
  3998,
  876,
  1986,
  2787,
  906,
  3891,
  288,
  2538,
  1186,
  4569,
  6115,
  2326,
  2118,
  668,
  2320,
  2025,
  2663,
  3636,
  1790,
  1924,
  453,
  2501,
  1575,
  568,
  3427,
  2695,
  3236,
  2015,
  849,
  2186,
  1132,
  2255,
  5203,
  5653,
  3013,
  2029,
  1411,
  1607,
  3491,
  0,
  3493,
  2537,
  2033,
  3308,
  2439,
  2093,
  2073,
  2355,
  2374,
  801,
  4827,
  1676,
  3344,
  4413,
  2620,
  712,
  1993,
  2169,
  2935,
  3657,
  2958,
  3777,
  1690,
  1801,
  2809,
  898,
  3197,
  3339],
 [3329,
  3677,
  4038,
  3554,
  18428,
  3216,
  1491,
  1748,
  3209,
  1101,
  1827,
  2360,
  910,
  2600,
  2741,
  1720,
  2123,
  1884,
  2670,
  2398,
  3944,
  1191,
  1890,
  2503,
  1967,
  897,
  1806,
  1465,
  1086,
  2751,
  2288,
  330,
  1938,
  2403,
  1256,
  2041,
  2039,
  2450,
  2502,
  3013,
  2967,
  3082,
  3032,
  3482,
  2156,
  815,
  3246,
  2412,
  1950,
  1835,
  0,
  2794,
  2150,
  1137,
  1225,
  2105,
  938,
  1498,
  1824,
  2636,
  2656,
  824,
  1820,
  4582,
  3885,
  2547,
  3828,
  2996,
  3762,
  1486,
  2101,
  1606,
  2125,
  1573,
  3636,
  2733,
  1967,
  1168],
 [2276,
  2624,
  2985,
  2501,
  17252,
  4518,
  2793,
  3980,
  415,
  3160,
  3886,
  2880,
  3990,
  1543,
  3462,
  3022,
  2292,
  1473,
  3190,
  4457,
  5246,
  4052,
  4122,
  3069,
  4324,
  3758,
  4667,
  3524,
  3947,
  1698,
  2457,
  3165,
  885,
  2572,
  3315,
  1630,
  1992,
  1395,
  3425,
  1960,
  2034,
  2029,
  4334,
  4784,
  5017,
  2932,
  2127,
  4104,
  2247,
  2004,
  3381,
  0,
  4530,
  2110,
  3342,
  1028,
  3799,
  4359,
  1309,
  3612,
  3958,
  2579,
  3879,
  3525,
  2832,
  2716,
  3017,
  1943,
  2709,
  2459,
  4265,
  3665,
  1072,
  3805,
  2583,
  2902,
  4026,
  3227],
 [3142,
  2789,
  3919,
  3079,
  18492,
  4721,
  2996,
  1310,
  3524,
  2606,
  3332,
  210,
  1320,
  3359,
  783,
  3225,
  1107,
  3389,
  520,
  3903,
  5449,
  1660,
  1452,
  1019,
  1654,
  1359,
  1997,
  2970,
  1124,
  2632,
  1013,
  1835,
  2147,
  1276,
  2761,
  3546,
  3544,
  2587,
  352,
  2894,
  1840,
  2963,
  4537,
  4987,
  2347,
  2320,
  1983,
  1189,
  3455,
  1661,
  2827,
  3109,
  0,
  2642,
  2730,
  2801,
  1407,
  1689,
  3329,
  1152,
  4161,
  2329,
  2678,
  5341,
  2971,
  1420,
  2344,
  2877,
  3065,
  2991,
  2292,
  3111,
  2262,
  1135,
  3316,
  1458,
  2531,
  2673],
 [3200,
  3548,
  3909,
  3425,
  18839,
  6085,
  4360,
  2674,
  3650,
  3970,
  4696,
  1574,
  2684,
  3485,
  1604,
  4589,
  986,
  3236,
  1884,
  5267,
  6813,
  3024,
  2816,
  1366,
  3018,
  2723,
  3361,
  4334,
  2488,
  2622,
  1151,
  3199,
  2273,
  1266,
  4125,
  3393,
  3934,
  2713,
  1547,
  2884,
  1830,
  2953,
  5901,
  6351,
  3711,
  2727,
  2109,
  2305,
  4189,
  698,
  4191,
  3235,
  2731,
  0,
  3137,
  2791,
  2771,
  3053,
  3072,
  1499,
  5525,
  2374,
  4042,
  5111,
  3318,
  1410,
  2691,
  2867,
  3633,
  349,
  3656,
  4475,
  2388,
  2499,
  3507,
  1596,
  3895,
  4037],
 [2886,
  3234,
  3595,
  3111,
  17537,
  2325,
  600,
  2580,
  2318,
  941,
  1667,
  2799,
  1716,
  1709,
  2829,
  829,
  2211,
  973,
  3109,
  2238,
  3053,
  2023,
  2722,
  2591,
  2799,
  1729,
  2638,
  1305,
  1918,
  2308,
  2376,
  1136,
  1495,
  2491,
  1096,
  1130,
  1148,
  2007,
  2772,
  2570,
  2223,
  2639,
  2141,
  2591,
  2988,
  623,
  3145,
  3244,
  1059,
  1923,
  1162,
  1903,
  2982,
  1225,
  0,
  1194,
  1770,
  2330,
  913,
  2724,
  1765,
  912,
  1660,
  3691,
  3442,
  2635,
  3627,
  2553,
  3319,
  1574,
  2046,
  1446,
  1682,
  2405,
  3193,
  2821,
  1807,
  1008],
 [1692,
  2040,
  2401,
  1917,
  17332,
  2761,
  1036,
  3235,
  1681,
  1377,
  2103,
  2637,
  2508,
  1516,
  2880,
  1265,
  2049,
  445,
  2947,
  2674,
  3489,
  2678,
  3377,
  2487,
  3211,
  2384,
  3293,
  1741,
  2573,
  1114,
  2214,
  1791,
  301,
  2329,
  1532,
  602,
  1298,
  813,
  2610,
  1376,
  1029,
  1445,
  2577,
  3027,
  3643,
  1246,
  1951,
  3368,
  1495,
  1761,
  1598,
  1266,
  3794,
  1474,
  1135,
  0,
  2425,
  2985,
  281,
  2562,
  2201,
  1205,
  2096,
  3498,
  2248,
  2473,
  2433,
  1359,
  2125,
  1823,
  2482,
  1882,
  488,
  3060,
  1999,
  2659,
  2243,
  1444],
 [3729,
  4077,
  4438,
  3954,
  18828,
  3616,
  1891,
  1070,
  3609,
  1501,
  2227,
  1682,
  215,
  3000,
  2255,
  2120,
  2523,
  2284,
  1992,
  3079,
  4344,
  253,
  1231,
  2491,
  1029,
  219,
  868,
  1904,
  408,
  3151,
  2688,
  730,
  2338,
  2803,
  1656,
  2441,
  2439,
  2850,
  1824,
  3413,
  3367,
  3482,
  3432,
  3882,
  1218,
  1215,
  3646,
  1734,
  2350,
  2235,
  1722,
  3194,
  1472,
  1537,
  1625,
  2505,
  0,
  560,
  2224,
  2624,
  3056,
  1224,
  1549,
  4982,
  4443,
  2947,
  3816,
  3396,
  4162,
  1886,
  1163,
  1763,
  2525,
  895,
  4036,
  3133,
  1402,
  1568],
 [4818,
  5121,
  5527,
  5203,
  19330,
  4118,
  2467,
  813,
  4185,
  2001,
  1915,
  2334,
  1304,
  3576,
  2907,
  2696,
  3612,
  2860,
  2644,
  2519,
  4846,
  732,
  671,
  3143,
  469,
  1204,
  308,
  1344,
  1060,
  4195,
  3137,
  1819,
  3382,
  3400,
  1645,
  3017,
  3015,
  3894,
  2476,
  4457,
  3964,
  4526,
  3934,
  4384,
  658,
  2304,
  4107,
  2386,
  2926,
  3324,
  2222,
  3770,
  2124,
  2626,
  2714,
  3081,
  985,
  0,
  2800,
  3276,
  3558,
  2313,
  989,
  6511,
  5095,
  3544,
  4468,
  4440,
  5189,
  2975,
  603,
  1203,
  3569,
  1547,
  5125,
  3582,
  842,
  2068],
 [1973,
  2321,
  2682,
  2198,
  17613,
  2480,
  755,
  3065,
  1993,
  1096,
  1822,
  2918,
  2227,
  1384,
  3161,
  984,
  2330,
  164,
  3228,
  2393,
  3208,
  2508,
  3207,
  2768,
  2930,
  2214,
  2769,
  1460,
  2403,
  1395,
  2495,
  1900,
  582,
  2610,
  1251,
  321,
  1017,
  1094,
  2891,
  1657,
  1310,
  1726,
  2296,
  2746,
  3118,
  965,
  2232,
  3729,
  1214,
  2042,
  1317,
  1578,
  3467,
  1755,
  854,
  281,
  2255,
  2815,
  0,
  2843,
  1920,
  1486,
  1815,
  3366,
  2529,
  2754,
  2714,
  1640,
  2406,
  2104,
  2201,
  1601,
  769,
  2890,
  2280,
  2940,
  1962,
  1163],
 [1990,
  1637,
  2771,
  1927,
  17340,
  6154,
  4429,
  2743,
  3789,
  4039,
  4765,
  2040,
  2753,
  3624,
  1684,
  4658,
  1452,
  3044,
  1953,
  5336,
  6882,
  3093,
  2885,
  1322,
  3087,
  2792,
  3430,
  4403,
  2557,
  2238,
  1278,
  3268,
  2412,
  1393,
  4194,
  3201,
  4073,
  2852,
  2013,
  2281,
  1969,
  3268,
  5970,
  6420,
  3780,
  2854,
  2248,
  2771,
  4328,
  1926,
  4260,
  3374,
  3197,
  4075,
  3264,
  2599,
  2840,
  3122,
  2880,
  0,
  5594,
  2501,
  4111,
  4430,
  1819,
  1537,
  1192,
  1677,
  1913,
  4424,
  3725,
  4544,
  2527,
  2568,
  2164,
  1723,
  3964,
  4106],
 [5677,
  6025,
  4797,
  5902,
  15772,
  560,
  4666,
  6457,
  4095,
  4488,
  5122,
  6560,
  5619,
  3218,
  7142,
  4895,
  5972,
  4432,
  6870,
  4394,
  3963,
  5900,
  6432,
  6749,
  6230,
  5606,
  6069,
  4852,
  5795,
  5154,
  6137,
  5039,
  4565,
  6252,
  4643,
  4275,
  3865,
  5075,
  7105,
  5416,
  5714,
  4803,
  3051,
  3501,
  6561,
  5524,
  5807,
  7121,
  4120,
  5684,
  4709,
  3680,
  6859,
  5846,
  4624,
  4820,
  5647,
  6207,
  4539,
  7292,
  0,
  5533,
  5207,
  2953,
  6233,
  6396,
  6418,
  5642,
  6110,
  6195,
  5593,
  4993,
  4752,
  6282,
  5984,
  6582,
  5354,
  4555],
 [2505,
  2853,
  3214,
  2730,
  19152,
  3472,
  1747,
  2030,
  3465,
  1357,
  2083,
  1887,
  1166,
  2856,
  1917,
  1976,
  1299,
  1150,
  2197,
  2654,
  4200,
  1473,
  2172,
  1679,
  2249,
  1179,
  2088,
  1721,
  1368,
  1927,
  1464,
  586,
  1114,
  1579,
  1512,
  1307,
  2295,
  1626,
  1860,
  2189,
  2143,
  2258,
  3288,
  3738,
  2438,
  353,
  2422,
  2694,
  2206,
  1011,
  1578,
  3050,
  2432,
  313,
  763,
  1205,
  1220,
  1780,
  1090,
  1812,
  2912,
  0,
  2076,
  4838,
  3061,
  1723,
  3004,
  2172,
  2938,
  662,
  2383,
  1862,
  1301,
  1855,
  2812,
  1909,
  2223,
  1424],
 [3753,
  4101,
  4462,
  3978,
  18384,
  3172,
  1447,
  1458,
  3165,
  981,
  1339,
  2979,
  1949,
  2556,
  3552,
  1676,
  3325,
  1840,
  3289,
  1910,
  3900,
  1377,
  1316,
  3705,
  1114,
  2099,
  953,
  355,
  1705,
  3175,
  3490,
  1532,
  2362,
  3605,
  768,
  1997,
  1995,
  2874,
  3121,
  3437,
  3090,
  3506,
  2988,
  3438,
  1303,
  2017,
  4448,
  3031,
  1906,
  3037,
  1202,
  2750,
  2769,
  2339,
  2427,
  2061,
  1630,
  1374,
  1780,
  3921,
  2612,
  2026,
  0,
  4538,
  4309,
  3749,
  4494,
  3420,
  4186,
  2688,
  386,
  214,
  2549,
  2192,
  4060,
  3935,
  147,
  1048],
 [3003,
  3351,
  3200,
  3228,
  15774,
  3438,
  1713,
  4049,
  1142,
  2080,
  2806,
  3607,
  3211,
  265,
  4189,
  1942,
  3019,
  1479,
  3917,
  3377,
  4166,
  3492,
  4191,
  3796,
  3914,
  3198,
  3753,
  2444,
  3387,
  2425,
  3184,
  2631,
  1612,
  3299,
  2235,
  1322,
  912,
  2122,
  4152,
  2687,
  2761,
  3206,
  3254,
  3704,
  4102,
  3116,
  2854,
  4713,
  1167,
  2731,
  2301,
  727,
  4451,
  3438,
  2216,
  1755,
  3239,
  3799,
  1664,
  4339,
  2878,
  3125,
  2799,
  0,
  3559,
  3443,
  3744,
  2670,
  3436,
  3787,
  3185,
  2585,
  1799,
  3874,
  3310,
  3629,
  2946,
  2147],
 [621,
  268,
  1813,
  969,
  16384,
  5004,
  3279,
  4007,
  3436,
  3620,
  5405,
  3304,
  4017,
  3737,
  2948,
  3508,
  2716,
  2688,
  3217,
  5976,
  5732,
  4795,
  4149,
  2586,
  4351,
  4501,
  5410,
  5043,
  4690,
  1446,
  2542,
  3908,
  2212,
  2657,
  4834,
  2845,
  4384,
  2612,
  3277,
  1489,
  2015,
  1777,
  4820,
  5270,
  5760,
  3675,
  2937,
  4035,
  4639,
  2747,
  3841,
  3021,
  4461,
  3325,
  4085,
  2243,
  4542,
  5102,
  2524,
  2805,
  4444,
  3322,
  5398,
  3472,
  0,
  2801,
  661,
  885,
  1181,
  3674,
  5705,
  5184,
  2287,
  3832,
  795,
  2987,
  5545,
  3687],
 [2223,
  2571,
  2932,
  2448,
  17863,
  5483,
  3132,
  2786,
  2673,
  2742,
  3468,
  1686,
  2796,
  2508,
  1211,
  3361,
  1098,
  1928,
  1996,
  4039,
  5585,
  2858,
  2928,
  849,
  3130,
  2564,
  3473,
  3106,
  2753,
  1645,
  627,
  1971,
  1296,
  144,
  2897,
  2085,
  2957,
  1736,
  1659,
  1907,
  853,
  1976,
  4673,
  5123,
  3823,
  1738,
  1132,
  2417,
  3212,
  810,
  2963,
  2258,
  2843,
  1654,
  2148,
  1483,
  2605,
  3165,
  1764,
  1029,
  4297,
  1385,
  3461,
  4490,
  2779,
  0,
  2221,
  1890,
  2656,
  2003,
  3768,
  3247,
  1411,
  2611,
  2530,
  205,
  3608,
  2809],
 [827,
  474,
  1862,
  1018,
  16776,
  4887,
  3162,
  3350,
  4396,
  3503,
  5372,
  2647,
  3360,
  3786,
  2291,
  3391,
  2059,
  2571,
  2560,
  5943,
  5615,
  3700,
  3492,
  1929,
  3694,
  3399,
  4037,
  5010,
  3164,
  1329,
  1885,
  3875,
  3019,
  2000,
  4801,
  2728,
  4433,
  2495,
  2620,
  1372,
  1898,
  2359,
  4703,
  5153,
  4387,
  3461,
  2855,
  3378,
  4688,
  2533,
  3724,
  3981,
  3804,
  3208,
  3871,
  2126,
  3447,
  3729,
  2407,
  2148,
  4327,
  3108,
  4718,
  3521,
  656,
  2144,
  0,
  768,
  739,
  3557,
  4332,
  5151,
  2170,
  3175,
  1001,
  2330,
  4571,
  3570],
 [333,
  681,
  1848,
  558,
  15973,
  4119,
  2394,
  3838,
  2551,
  2735,
  4520,
  2738,
  3848,
  2386,
  2768,
  2623,
  2150,
  1803,
  3048,
  5091,
  4847,
  3910,
  3980,
  2530,
  4182,
  3616,
  4525,
  4158,
  3805,
  561,
  2315,
  3023,
  1327,
  2430,
  3949,
  1960,
  2835,
  1727,
  2711,
  604,
  1130,
  892,
  3935,
  4385,
  4875,
  2790,
  2052,
  3469,
  3090,
  1862,
  2956,
  2136,
  3895,
  2440,
  3200,
  1358,
  3657,
  4217,
  1639,
  2663,
  3559,
  2437,
  4513,
  3050,
  889,
  2574,
  1074,
  0,
  766,
  2789,
  4820,
  4299,
  1402,
  3663,
  640,
  2760,
  4660,
  2802],
 [2173,
  2521,
  3242,
  2398,
  17811,
  6484,
  4759,
  3073,
  4119,
  4369,
  5095,
  2370,
  3083,
  3954,
  2014,
  4988,
  1782,
  3374,
  2283,
  5666,
  7212,
  3423,
  3215,
  1652,
  3417,
  3122,
  3760,
  4733,
  2887,
  2709,
  1608,
  3598,
  2742,
  1723,
  4524,
  3531,
  4403,
  3182,
  2343,
  2752,
  2299,
  3739,
  6300,
  6750,
  4110,
  3184,
  2578,
  3101,
  4658,
  2256,
  4590,
  3704,
  3527,
  4405,
  3594,
  2929,
  3170,
  3452,
  3210,
  1871,
  5924,
  2831,
  4441,
  4901,
  2027,
  1867,
  1699,
  2148,
  0,
  4754,
  4055,
  4874,
  2857,
  2898,
  2480,
  2053,
  4294,
  4436],
 [2851,
  3199,
  3560,
  3076,
  18490,
  5736,
  4011,
  2325,
  3301,
  3621,
  4347,
  1225,
  2335,
  3136,
  1255,
  4240,
  637,
  2887,
  1535,
  4918,
  6464,
  2675,
  2467,
  1017,
  2669,
  2374,
  3012,
  3985,
  2139,
  2273,
  802,
  2850,
  1924,
  917,
  3776,
  3044,
  3585,
  2364,
  1198,
  2535,
  1481,
  2604,
  5552,
  6002,
  3362,
  2378,
  1760,
  1956,
  3840,
  349,
  3842,
  2886,
  2382,
  3657,
  2788,
  2442,
  2422,
  2704,
  2723,
  1150,
  5176,
  2025,
  3693,
  4762,
  2969,
  1061,
  2342,
  2518,
  3284,
  0,
  3307,
  4126,
  2039,
  2150,
  3158,
  1247,
  3546,
  3688],
 [4139,
  4487,
  4848,
  4364,
  19589,
  4377,
  1833,
  1072,
  3551,
  1367,
  1725,
  2593,
  1563,
  2942,
  3166,
  2062,
  3871,
  2226,
  2903,
  2778,
  5105,
  991,
  930,
  3402,
  728,
  1463,
  567,
  741,
  1319,
  3561,
  3396,
  2078,
  2748,
  3659,
  1154,
  2383,
  2381,
  3260,
  2735,
  3823,
  3476,
  3892,
  4193,
  4643,
  917,
  2563,
  4366,
  2645,
  2292,
  3583,
  1588,
  3136,
  2383,
  2885,
  2973,
  2447,
  1244,
  988,
  2166,
  3535,
  3817,
  2572,
  386,
  4924,
  5354,
  3803,
  4727,
  3806,
  4572,
  3234,
  0,
  600,
  2935,
  1806,
  4446,
  3841,
  239,
  1434],
 [3539,
  3887,
  4248,
  3764,
  18170,
  2958,
  1233,
  1672,
  2951,
  767,
  1125,
  3348,
  1898,
  2342,
  3729,
  1462,
  3111,
  1626,
  3658,
  1696,
  3686,
  1591,
  1530,
  3491,
  1328,
  1885,
  1167,
  141,
  2074,
  2961,
  3276,
  1318,
  2148,
  3391,
  554,
  1783,
  1781,
  2660,
  3490,
  3223,
  2876,
  3292,
  2774,
  3224,
  1517,
  1803,
  4234,
  3400,
  1692,
  2823,
  988,
  2536,
  3138,
  2125,
  2213,
  1847,
  1926,
  1588,
  1566,
  3624,
  2398,
  1812,
  214,
  4324,
  4095,
  3535,
  4280,
  3206,
  3972,
  2474,
  600,
  0,
  2335,
  2561,
  3846,
  3721,
  361,
  834],
 [2334,
  2682,
  3043,
  2559,
  17974,
  4981,
  3256,
  2910,
  2598,
  2866,
  3592,
  1810,
  2920,
  2433,
  2392,
  3485,
  1222,
  1853,
  2120,
  4163,
  5709,
  2982,
  3052,
  1999,
  3254,
  2688,
  3597,
  3230,
  2877,
  1756,
  1387,
  2095,
  1221,
  1502,
  3021,
  2010,
  2882,
  325,
  2355,
  2018,
  964,
  2087,
  4797,
  5247,
  3947,
  1862,
  1057,
  3034,
  3137,
  934,
  3087,
  2183,
  3460,
  1778,
  2272,
  1408,
  2729,
  3289,
  1689,
  2542,
  4421,
  1509,
  3585,
  4415,
  2890,
  1646,
  3734,
  2001,
  2767,
  2127,
  3892,
  3371,
  0,
  2735,
  2641,
  1832,
  3732,
  2933],
 [3719,
  3366,
  4496,
  3656,
  19069,
  4475,
  2750,
  904,
  4101,
  2360,
  3086,
  787,
  1074,
  3936,
  1360,
  2979,
  1684,
  3143,
  1097,
  3657,
  5203,
  1414,
  1046,
  1596,
  1248,
  1113,
  1945,
  2724,
  1198,
  3209,
  1590,
  1589,
  2724,
  1853,
  2515,
  3300,
  3298,
  3164,
  929,
  3471,
  2417,
  3540,
  4291,
  4741,
  2295,
  2074,
  2560,
  839,
  3209,
  2238,
  2581,
  3686,
  577,
  2396,
  2484,
  3378,
  1161,
  1637,
  3083,
  1729,
  3915,
  2083,
  2626,
  5918,
  3548,
  1997,
  2921,
  3454,
  3642,
  2745,
  2240,
  2865,
  2839,
  0,
  3893,
  2035,
  2479,
  2427],
 [711,
  948,
  1903,
  1059,
  16474,
  5094,
  3369,
  4514,
  3526,
  3710,
  5495,
  3811,
  4524,
  3827,
  3455,
  3598,
  3223,
  2778,
  3724,
  6066,
  5822,
  4885,
  4656,
  3093,
  4858,
  4591,
  5500,
  5133,
  4780,
  1536,
  3049,
  3998,
  2302,
  3164,
  4924,
  2935,
  3810,
  2702,
  3784,
  1579,
  2105,
  1867,
  4910,
  5360,
  5850,
  3765,
  3027,
  4542,
  4065,
  2837,
  3931,
  3111,
  4968,
  3415,
  4175,
  2333,
  4632,
  5192,
  2614,
  3312,
  4534,
  3412,
  5488,
  3562,
  1156,
  3308,
  1341,
  975,
  1461,
  3764,
  5795,
  5274,
  2377,
  4339,
  0,
  3494,
  5635,
  3777],
 [2018,
  2366,
  2727,
  2243,
  17658,
  4652,
  2927,
  2581,
  2468,
  2537,
  3263,
  1481,
  2591,
  2303,
  1511,
  3156,
  893,
  1723,
  1791,
  3834,
  5380,
  2653,
  2723,
  1273,
  2925,
  2359,
  3268,
  2901,
  2548,
  1440,
  832,
  1766,
  1091,
  349,
  2692,
  1880,
  2752,
  1531,
  1454,
  1702,
  648,
  1771,
  4468,
  4918,
  3618,
  1533,
  927,
  2212,
  3007,
  605,
  2758,
  2053,
  2638,
  1449,
  1943,
  1278,
  2400,
  2960,
  1559,
  1406,
  4092,
  1180,
  3256,
  4285,
  2574,
  205,
  2759,
  1685,
  2451,
  1798,
  3563,
  3042,
  1206,
  2406,
  2325,
  0,
  3403,
  2604],
 [3900,
  4248,
  4609,
  4125,
  18531,
  3319,
  1594,
  1311,
  3312,
  1128,
  1486,
  2832,
  1802,
  2703,
  3405,
  1823,
  3472,
  1987,
  3142,
  2057,
  4047,
  1230,
  1169,
  3852,
  967,
  1702,
  806,
  502,
  1558,
  3322,
  3637,
  1679,
  2509,
  3752,
  915,
  2144,
  2142,
  3021,
  2974,
  3584,
  3237,
  3653,
  3135,
  3585,
  1156,
  2164,
  4595,
  2884,
  2053,
  3184,
  1349,
  2897,
  2622,
  2486,
  2574,
  2208,
  1483,
  1227,
  1927,
  3774,
  2759,
  2173,
  147,
  4685,
  4456,
  3896,
  4966,
  3567,
  4333,
  2835,
  239,
  361,
  2696,
  2045,
  4207,
  4082,
  0,
  1195],
 [3483,
  3831,
  4192,
  3708,
  18582,
  3370,
  1645,
  1902,
  3363,
  679,
  1981,
  2514,
  1064,
  2754,
  2895,
  1874,
  2277,
  2038,
  2824,
  2552,
  4098,
  1345,
  2044,
  2657,
  2121,
  1051,
  1960,
  1619,
  1240,
  2905,
  2442,
  484,
  2092,
  2557,
  1410,
  2195,
  2193,
  2604,
  2656,
  3167,
  3121,
  3236,
  3186,
  3636,
  2310,
  969,
  3400,
  2566,
  2104,
  1989,
  154,
  2948,
  2304,
  1291,
  1379,
  2259,
  1092,
  1652,
  1978,
  2790,
  2810,
  978,
  1974,
  4736,
  4039,
  2701,
  3982,
  3150,
  3916,
  1640,
  2255,
  1760,
  2279,
  1727,
  3790,
  2887,
  2494,
  0]]
