[[0,
  6205,
  4135,
  2764,
  6542,
  6891,
  4481,
  4795,
  4926,
  2285,
  7200,
  5604,
  6275,
  7771,
  7624,
  8349,
  4683,
  7370,
  6343,
  6909,
  1304,
  5796,
  2019,
  4560,
  6657,
  4833,
  5472,
  1297,
  8774,
  6334,
  5145,
  6631,
  6577,
  7436,
  6908,
  7202,
  6874,
  7512,
  3968,
  4565],
 [3339,
  0,
  2059,
  3511,
  367,
  1817,
  2521,
  2835,
  1268,
  3848,
  2126,
  1692,
  1201,
  2697,
  2550,
  3275,
  2723,
  2296,
  1922,
  1274,
  3407,
  592,
  4346,
  2600,
  1583,
  2873,
  722,
  3400,
  3700,
  576,
  1049,
  838,
  1503,
  910,
  1273,
  2128,
  2946,
  665,
  7284,
  2605],
 [2666,
  2070,
  0,
  2838,
  2407,
  2756,
  462,
  776,
  791,
  3175,
  3065,
  1019,
  2140,
  3636,
  3489,
  4214,
  664,
  3235,
  1860,
  2426,
  2734,
  1661,
  3673,
  541,
  2522,
  814,
  1337,
  2727,
  4639,
  2199,
  1010,
  2496,
  2442,
  2953,
  2425,
  3067,
  2273,
  3029,
  6611,
  546],
 [1688,
  3728,
  3044,
  0,
  4065,
  4414,
  3506,
  3820,
  2449,
  479,
  4723,
  2180,
  3798,
  5294,
  5147,
  5872,
  3708,
  4893,
  2919,
  3485,
  1571,
  3319,
  977,
  3585,
  4180,
  3858,
  2995,
  1564,
  6297,
  3857,
  2668,
  4154,
  4100,
  4012,
  3484,
  4725,
  565,
  4088,
  5656,
  3590],
 [3979,
  411,
  2458,
  4151,
  0,
  2216,
  2920,
  3234,
  1667,
  4488,
  2525,
  2316,
  1600,
  3096,
  2949,
  3674,
  3122,
  2695,
  1555,
  907,
  4047,
  991,
  4986,
  2999,
  1982,
  3272,
  1121,
  4040,
  4099,
  975,
  1448,
  1237,
  1902,
  543,
  906,
  2527,
  3586,
  298,
  7924,
  3004],
 [4081,
  1873,
  2801,
  4253,
  2210,
  0,
  3263,
  3577,
  2010,
  4590,
  1426,
  2434,
  661,
  880,
  1850,
  2575,
  3465,
  479,
  3275,
  3117,
  4149,
  1464,
  5088,
  3342,
  883,
  3615,
  1464,
  4142,
  3000,
  2002,
  1791,
  2299,
  803,
  2753,
  3116,
  311,
  3688,
  2508,
  8026,
  3347],
 [3128,
  2532,
  462,
  3300,
  2869,
  3218,
  0,
  340,
  1253,
  3637,
  3527,
  1481,
  2602,
  4098,
  3951,
  4676,
  202,
  3697,
  2322,
  2888,
  3196,
  2123,
  4135,
  105,
  2984,
  352,
  1799,
  3189,
  5101,
  2661,
  1472,
  2958,
  2904,
  3415,
  2887,
  3529,
  2735,
  3491,
  7073,
  110],
 [3442,
  2846,
  776,
  3614,
  3183,
  3532,
  340,
  0,
  1567,
  3951,
  3841,
  1795,
  2916,
  4412,
  4265,
  4990,
  542,
  4011,
  2636,
  3202,
  3510,
  2437,
  4449,
  235,
  3298,
  692,
  2113,
  3503,
  5415,
  2975,
  1786,
  3272,
  3218,
  3729,
  3201,
  3843,
  3049,
  3805,
  7387,
  230],
 [2071,
  1279,
  791,
  2243,
  1616,
  1965,
  1253,
  1567,
  0,
  2580,
  2274,
  424,
  1349,
  2845,
  2698,
  3423,
  1455,
  2444,
  1265,
  1831,
  2139,
  870,
  3078,
  1332,
  1731,
  1605,
  546,
  2132,
  3848,
  1408,
  219,
  1705,
  1651,
  2358,
  1830,
  2276,
  1678,
  2434,
  6016,
  1337],
 [1590,
  4065,
  3381,
  479,
  4402,
  4751,
  3843,
  4157,
  2786,
  0,
  5060,
  2517,
  4135,
  5631,
  5484,
  6209,
  4045,
  5230,
  3256,
  3822,
  1092,
  3656,
  498,
  3922,
  4517,
  4195,
  3332,
  1085,
  6634,
  4194,
  3005,
  4491,
  4437,
  4349,
  3821,
  5062,
  902,
  4425,
  5558,
  3927],
 [4345,
  2137,
  3065,
  4517,
  2474,
  1381,
  3527,
  3841,
  2274,
  4854,
  0,
  2698,
  925,
  2261,
  424,
  1149,
  3729,
  1860,
  3539,
  3381,
  4413,
  1728,
  5352,
  3606,
  1147,
  3879,
  1728,
  4406,
  1574,
  2266,
  2055,
  2563,
  623,
  3017,
  3380,
  1692,
  3952,
  2772,
  8290,
  3611],
 [2918,
  1548,
  864,
  3090,
  1885,
  2234,
  1326,
  1640,
  269,
  3427,
  2543,
  0,
  1618,
  3114,
  2967,
  3692,
  1528,
  2713,
  1649,
  2215,
  2986,
  1139,
  3925,
  1405,
  2000,
  1678,
  815,
  2979,
  4117,
  1677,
  488,
  1974,
  1920,
  2428,
  2214,
  2545,
  2525,
  2183,
  6863,
  1410],
 [3420,
  1212,
  2140,
  3592,
  1549,
  616,
  2602,
  2916,
  1349,
  3929,
  925,
  1773,
  0,
  1496,
  1349,
  2074,
  2804,
  1095,
  2614,
  2456,
  3488,
  803,
  4427,
  2681,
  382,
  2954,
  803,
  3481,
  2499,
  1341,
  1130,
  1638,
  302,
  2092,
  2455,
  927,
  3027,
  1847,
  7365,
  2686],
 [4827,
  2619,
  3547,
  4999,
  2956,
  1863,
  4009,
  4323,
  2756,
  5336,
  2172,
  3180,
  1407,
  0,
  2596,
  3321,
  4211,
  1134,
  4021,
  3863,
  4895,
  2210,
  5834,
  4088,
  1629,
  4361,
  2210,
  4888,
  3746,
  2748,
  2537,
  3045,
  1549,
  3499,
  3862,
  966,
  4434,
  3254,
  8772,
  4093],
 [4769,
  2561,
  3489,
  4941,
  2898,
  1805,
  3951,
  4265,
  2698,
  5278,
  424,
  3122,
  1349,
  2685,
  0,
  725,
  4153,
  2284,
  3963,
  3805,
  4837,
  2152,
  5776,
  4030,
  1571,
  4303,
  2152,
  4830,
  1150,
  2690,
  2479,
  2987,
  1047,
  3441,
  3804,
  2116,
  4376,
  3196,
  8714,
  4035],
 [5494,
  3286,
  4214,
  5666,
  3623,
  2530,
  4676,
  4990,
  3423,
  6003,
  1149,
  3847,
  2074,
  3410,
  725,
  0,
  4878,
  3009,
  4688,
  4530,
  5562,
  2877,
  6501,
  4755,
  2296,
  5028,
  2877,
  5555,
  425,
  3415,
  3204,
  3712,
  1772,
  4166,
  4529,
  2841,
  5101,
  3921,
  9439,
  4760],
 [3330,
  2734,
  664,
  3502,
  3071,
  3420,
  202,
  542,
  1455,
  3839,
  3729,
  1683,
  2804,
  4300,
  4153,
  4878,
  0,
  3899,
  2524,
  3090,
  3398,
  2325,
  4337,
  307,
  3186,
  150,
  2001,
  3391,
  5303,
  2863,
  1674,
  3160,
  3106,
  3617,
  3089,
  3731,
  2937,
  3693,
  7275,
  312],
 [4535,
  2327,
  3255,
  4707,
  2664,
  1571,
  3717,
  4031,
  2464,
  5044,
  1880,
  2888,
  1115,
  401,
  2304,
  3029,
  3919,
  0,
  3729,
  3571,
  4603,
  1918,
  5542,
  3796,
  1337,
  4069,
  1918,
  4596,
  3454,
  2456,
  2245,
  2753,
  1257,
  3207,
  3570,
  674,
  4142,
  2962,
  8480,
  3801],
 [2424,
  2309,
  1625,
  2596,
  1927,
  2995,
  2087,
  2401,
  1030,
  2933,
  3304,
  761,
  2379,
  3875,
  3728,
  4453,
  2289,
  3474,
  0,
  1014,
  2492,
  1900,
  3431,
  2166,
  2761,
  2439,
  1576,
  2485,
  4878,
  2438,
  1249,
  2735,
  2681,
  1541,
  1013,
  3306,
  2031,
  1617,
  6369,
  2171],
 [3220,
  1160,
  2421,
  3392,
  913,
  2965,
  2883,
  3197,
  1826,
  3729,
  3274,
  1557,
  2349,
  3845,
  3698,
  4423,
  3085,
  3444,
  796,
  0,
  3288,
  1740,
  4227,
  2962,
  2731,
  3235,
  2372,
  3281,
  4848,
  1724,
  2045,
  1986,
  2651,
  527,
  147,
  3276,
  2827,
  603,
  7165,
  2967],
 [498,
  3129,
  2445,
  1031,
  3466,
  3815,
  2907,
  3221,
  1850,
  1368,
  4124,
  1581,
  3199,
  4695,
  4548,
  5273,
  3109,
  4294,
  2320,
  2886,
  0,
  2720,
  1278,
  2986,
  3581,
  3259,
  2396,
  556,
  5698,
  3258,
  2069,
  3555,
  3501,
  3413,
  2885,
  4126,
  466,
  3489,
  4466,
  2991],
 [3006,
  409,
  1726,
  3178,
  746,
  1484,
  2188,
  2502,
  935,
  3515,
  1793,
  1359,
  868,
  2364,
  2217,
  2942,
  2390,
  1963,
  2200,
  1653,
  3074,
  0,
  4013,
  2267,
  1250,
  2540,
  389,
  3067,
  3367,
  538,
  716,
  835,
  1170,
  1289,
  1652,
  1795,
  2613,
  1044,
  6951,
  2272],
 [1092,
  3723,
  3039,
  1988,
  4060,
  4409,
  3501,
  3815,
  2444,
  1509,
  4718,
  2175,
  3793,
  5289,
  5142,
  5867,
  3703,
  4888,
  2914,
  3480,
  594,
  3314,
  0,
  3580,
  4175,
  3853,
  2990,
  587,
  6292,
  3852,
  2663,
  4149,
  4095,
  4007,
  3479,
  4720,
  1060,
  4083,
  5060,
  3585],
 [3207,
  2611,
  541,
  3379,
  2948,
  3297,
  105,
  235,
  1332,
  3716,
  3606,
  1560,
  2681,
  4177,
  4030,
  4755,
  307,
  3776,
  2401,
  2967,
  3275,
  2202,
  4214,
  0,
  3063,
  457,
  1878,
  3268,
  5180,
  2740,
  1551,
  3037,
  2983,
  3494,
  2966,
  3608,
  2814,
  3570,
  7152,
  5],
 [4315,
  2107,
  3035,
  4487,
  2444,
  234,
  3497,
  3811,
  2244,
  4824,
  1660,
  2668,
  895,
  1114,
  2084,
  2809,
  3699,
  713,
  3509,
  3351,
  4383,
  1698,
  5322,
  3576,
  0,
  3849,
  1698,
  4376,
  3234,
  2236,
  2025,
  2533,
  1037,
  2987,
  3350,
  545,
  3922,
  2742,
  8260,
  3581],
 [3480,
  2884,
  814,
  3652,
  3221,
  3570,
  352,
  692,
  1605,
  3989,
  3879,
  1833,
  2954,
  4450,
  4303,
  5028,
  150,
  4049,
  2674,
  3240,
  3548,
  2475,
  4487,
  457,
  3336,
  0,
  2151,
  3541,
  5453,
  3013,
  1824,
  3310,
  3256,
  3767,
  3239,
  3881,
  3087,
  3843,
  7425,
  462],
 [2617,
  733,
  1337,
  2789,
  1070,
  1419,
  1799,
  2113,
  546,
  3126,
  1728,
  970,
  803,
  2299,
  2152,
  2877,
  2001,
  1898,
  1811,
  2377,
  2685,
  324,
  3624,
  1878,
  1185,
  2151,
  0,
  2678,
  3302,
  862,
  327,
  1159,
  1105,
  1613,
  2376,
  1730,
  2224,
  1368,
  6562,
  1883],
 [505,
  3136,
  2452,
  1038,
  3473,
  3822,
  2914,
  3228,
  1857,
  1375,
  4131,
  1588,
  3206,
  4702,
  4555,
  5280,
  3116,
  4301,
  2327,
  2893,
  7,
  2727,
  1285,
  2993,
  3588,
  3266,
  2403,
  0,
  5705,
  3265,
  2076,
  3562,
  3508,
  3420,
  2892,
  4133,
  473,
  3496,
  4473,
  2998],
 [5919,
  3711,
  4639,
  6091,
  4048,
  2955,
  5101,
  5415,
  3848,
  6428,
  1574,
  4272,
  2499,
  3835,
  1150,
  425,
  5303,
  3434,
  5113,
  4955,
  5987,
  3302,
  6926,
  5180,
  2721,
  5453,
  3302,
  5980,
  0,
  3840,
  3629,
  4137,
  2197,
  4591,
  4954,
  3266,
  5526,
  4346,
  9864,
  5185],
 [3465,
  597,
  2185,
  3637,
  934,
  1943,
  2647,
  2961,
  1394,
  3974,
  2252,
  1818,
  1327,
  2823,
  2676,
  3401,
  2849,
  2422,
  2659,
  1841,
  3533,
  718,
  4472,
  2726,
  1709,
  2999,
  848,
  3526,
  3826,
  0,
  1175,
  362,
  1629,
  1477,
  1840,
  2254,
  3072,
  1232,
  7410,
  2731],
 [2290,
  1060,
  1010,
  2462,
  1397,
  1746,
  1472,
  1786,
  219,
  2799,
  2055,
  643,
  1130,
  2626,
  2479,
  3204,
  1674,
  2225,
  1484,
  2050,
  2358,
  651,
  3297,
  1551,
  1512,
  1824,
  327,
  2351,
  3629,
  1189,
  0,
  1486,
  1432,
  2577,
  2049,
  2057,
  1897,
  1695,
  6235,
  1556],
 [3827,
  959,
  2547,
  3999,
  1296,
  2305,
  3009,
  3323,
  1756,
  4336,
  2614,
  2180,
  1689,
  3185,
  3038,
  3763,
  3211,
  2784,
  3021,
  2203,
  3895,
  1080,
  4834,
  3088,
  2071,
  3361,
  1210,
  3888,
  4188,
  362,
  1537,
  0,
  1991,
  1839,
  2202,
  2616,
  3434,
  1594,
  7772,
  3093],
 [3722,
  1514,
  2442,
  3894,
  1851,
  758,
  2904,
  3218,
  1651,
  4231,
  623,
  2075,
  302,
  1638,
  1047,
  1772,
  3106,
  1237,
  2916,
  2758,
  3790,
  1105,
  4729,
  2983,
  524,
  3256,
  1105,
  3783,
  2197,
  1643,
  1432,
  1940,
  0,
  2394,
  2757,
  1069,
  3329,
  2149,
  7667,
  2988],
 [3714,
  911,
  2915,
  3886,
  664,
  2716,
  3377,
  3691,
  2320,
  4223,
  3025,
  2051,
  2100,
  3596,
  3449,
  4174,
  3579,
  3195,
  1290,
  642,
  3782,
  1491,
  4721,
  3456,
  2482,
  3729,
  1621,
  3775,
  4599,
  1475,
  2539,
  1737,
  2402,
  0,
  641,
  3027,
  3321,
  354,
  7659,
  3461],
 [3221,
  1161,
  2422,
  3393,
  914,
  2966,
  2884,
  3198,
  1827,
  3730,
  3275,
  1558,
  2350,
  3846,
  3699,
  4424,
  3086,
  3445,
  797,
  1,
  3289,
  1741,
  4228,
  2963,
  2732,
  3236,
  2373,
  3282,
  4849,
  1725,
  2046,
  1987,
  2652,
  528,
  0,
  3277,
  2828,
  604,
  7166,
  2968],
 [4703,
  2495,
  3423,
  4875,
  2832,
  1739,
  3885,
  4199,
  2632,
  5212,
  2048,
  3056,
  1283,
  569,
  2472,
  3197,
  4087,
  168,
  3897,
  3739,
  4771,
  2086,
  5710,
  3964,
  1505,
  4237,
  2086,
  4764,
  3622,
  2624,
  2413,
  2921,
  1425,
  3375,
  3738,
  0,
  4310,
  3130,
  8648,
  3969],
 [1123,
  3163,
  2479,
  565,
  3500,
  3849,
  2941,
  3255,
  1884,
  902,
  4158,
  1615,
  3233,
  4729,
  4582,
  5307,
  3143,
  4328,
  2354,
  2920,
  1994,
  2754,
  1400,
  3020,
  3615,
  3293,
  2430,
  1987,
  5732,
  3292,
  2103,
  3589,
  3535,
  3447,
  2919,
  4160,
  0,
  3523,
  5091,
  3025],
 [3858,
  557,
  2604,
  4030,
  310,
  2362,
  3066,
  3380,
  1813,
  4367,
  2671,
  2195,
  1746,
  3242,
  3095,
  3820,
  3268,
  2841,
  1434,
  786,
  3926,
  1137,
  4865,
  3145,
  2128,
  3418,
  1267,
  3919,
  4245,
  1121,
  1594,
  1383,
  2048,
  422,
  785,
  2673,
  3465,
  0,
  7803,
  3150],
 [3299,
  3184,
  2500,
  3471,
  3521,
  3870,
  2962,
  3276,
  1905,
  3808,
  4179,
  1636,
  3254,
  4750,
  4603,
  5328,
  3164,
  4349,
  2375,
  2941,
  3367,
  2775,
  4306,
  3041,
  3636,
  3314,
  2451,
  3360,
  5753,
  3313,
  2124,
  3610,
  3556,
  3468,
  2940,
  4181,
  2906,
  3544,
  0,
  3046],
 [3212,
  2616,
  546,
  3384,
  2953,
  3302,
  110,
  230,
  1337,
  3721,
  3611,
  1565,
  2686,
  4182,
  4035,
  4760,
  312,
  3781,
  2406,
  2972,
  3280,
  2207,
  4219,
  5,
  3068,
  462,
  1883,
  3273,
  5185,
  2745,
  1556,
  3042,
  2988,
  3499,
  2971,
  3613,
  2819,
  3575,
  7157,
  0]]

​


