[[0,
  1435,
  2716,
  3711,
  1657,
  4138,
  6205,
  1510,
  3034,
  1326,
  4418,
  1770,
  7863,
  1161,
  5082,
  1898,
  3304,
  1459,
  1660,
  2106,
  583,
  6974,
  658,
  2120,
  2265,
  2119,
  1445,
  8288,
  1854],
 [1926,
  0,
  959,
  1954,
  1873,
  2381,
  4448,
  1726,
  1277,
  1542,
  2661,
  2342,
  6106,
  504,
  3325,
  463,
  1547,
  802,
  225,
  671,
  1684,
  5217,
  840,
  685,
  830,
  684,
  156,
  6531,
  565],
 [2786,
  934,
  0,
  995,
  2733,
  1422,
  3800,
  2586,
  318,
  2402,
  2013,
  3202,
  5458,
  1364,
  2677,
  1397,
  588,
  1662,
  1159,
  1605,
  3687,
  4569,
  1700,
  1619,
  1764,
  1618,
  1016,
  5883,
  1425],
 [2935,
  1929,
  995,
  0,
  2299,
  427,
  4297,
  2112,
  677,
  1968,
  2510,
  2768,
  5955,
  2359,
  3174,
  2392,
  407,
  2657,
  2154,
  2600,
  2693,
  5066,
  2695,
  2614,
  2759,
  2613,
  2011,
  6380,
  2420],
 [1559,
  1957,
  2770,
  2396,
  0,
  2823,
  6259,
  736,
  2765,
  592,
  4472,
  469,
  7917,
  1683,
  5136,
  2420,
  2495,
  1678,
  2182,
  2628,
  1317,
  7028,
  2137,
  2642,
  2787,
  2641,
  1967,
  8342,
  2376],
 [3362,
  2356,
  1422,
  427,
  2726,
  0,
  4724,
  2539,
  1104,
  2395,
  2937,
  3195,
  6382,
  2786,
  3601,
  2819,
  834,
  3084,
  2581,
  3027,
  3120,
  5493,
  3122,
  3041,
  3186,
  3040,
  2438,
  6807,
  2847],
 [3730,
  1878,
  1288,
  2283,
  3677,
  2710,
  0,
  3530,
  1606,
  3346,
  3001,
  4146,
  6446,
  2308,
  3665,
  2341,
  1876,
  2606,
  2103,
  2549,
  4631,
  5557,
  2644,
  2563,
  2708,
  2562,
  1960,
  6871,
  2369],
 [823,
  1221,
  2034,
  3029,
  770,
  3456,
  5523,
  0,
  2352,
  439,
  3736,
  1239,
  7181,
  947,
  4400,
  1684,
  2622,
  942,
  1446,
  1892,
  581,
  6292,
  1401,
  1906,
  2051,
  1905,
  1231,
  7606,
  1640],
 [3104,
  1252,
  318,
  677,
  2668,
  1104,
  3620,
  2481,
  0,
  2337,
  1833,
  3137,
  5278,
  1682,
  2497,
  1715,
  270,
  1980,
  1477,
  1923,
  4005,
  4389,
  2018,
  1937,
  2082,
  1936,
  1334,
  5703,
  1743],
 [1307,
  2288,
  3101,
  2727,
  331,
  3154,
  6590,
  1067,
  3096,
  0,
  4803,
  800,
  8248,
  2014,
  5467,
  2751,
  2826,
  2009,
  2513,
  2959,
  1049,
  7359,
  2468,
  2973,
  3118,
  2972,
  2298,
  8673,
  2707],
 [5517,
  3665,
  3075,
  4070,
  5464,
  4497,
  1787,
  5317,
  3393,
  5133,
  0,
  5933,
  3445,
  4095,
  664,
  4128,
  3663,
  4393,
  3890,
  4336,
  6418,
  2556,
  4431,
  4350,
  4495,
  4349,
  3747,
  3870,
  4156],
 [1546,
  2335,
  3148,
  2774,
  1301,
  3201,
  6637,
  1114,
  3143,
  970,
  4850,
  0,
  8295,
  2061,
  5514,
  2798,
  2873,
  2056,
  2560,
  3006,
  1288,
  7406,
  2515,
  3020,
  3165,
  3019,
  2345,
  8720,
  2754],
 [9517,
  7665,
  7075,
  8070,
  9464,
  8497,
  5787,
  9317,
  7393,
  9133,
  8788,
  9933,
  0,
  8095,
  4664,
  8128,
  7663,
  8393,
  7890,
  8336,
  9275,
  5705,
  8431,
  8350,
  8495,
  8349,
  7747,
  425,
  8156],
 [2138,
  286,
  1099,
  2094,
  2085,
  2521,
  4588,
  1938,
  1417,
  1754,
  2801,
  2554,
  6246,
  0,
  3465,
  749,
  1687,
  1014,
  511,
  957,
  1896,
  5357,
  1052,
  971,
  1116,
  970,
  296,
  6671,
  705],
 [4891,
  3039,
  2449,
  3444,
  4838,
  3871,
  1161,
  4691,
  2767,
  4507,
  4162,
  5307,
  7607,
  3469,
  0,
  3502,
  3037,
  3767,
  3264,
  3710,
  5792,
  6718,
  3805,
  3724,
  3869,
  3723,
  3121,
  8032,
  3530],
 [2389,
  463,
  1422,
  2417,
  2336,
  2844,
  4911,
  2189,
  1740,
  2005,
  3124,
  2805,
  6569,
  967,
  3788,
  0,
  2010,
  1265,
  586,
  484,
  2147,
  5680,
  1303,
  222,
  325,
  253,
  619,
  6994,
  1028],
 [3374,
  1522,
  588,
  407,
  2398,
  834,
  3890,
  2211,
  270,
  2067,
  2103,
  2867,
  5548,
  1952,
  2767,
  1985,
  0,
  2250,
  1747,
  2193,
  4275,
  4659,
  2288,
  2207,
  2352,
  2206,
  1604,
  5973,
  2013],
 [1124,
  819,
  1632,
  2596,
  1071,
  3023,
  5121,
  924,
  1950,
  740,
  3334,
  1540,
  6779,
  545,
  3998,
  1282,
  2220,
  0,
  1044,
  1490,
  882,
  5890,
  999,
  1504,
  1649,
  1503,
  829,
  7204,
  1238],
 [2151,
  225,
  1184,
  2179,
  2098,
  2606,
  4673,
  1951,
  1502,
  1767,
  2886,
  2567,
  6331,
  729,
  3550,
  586,
  1772,
  1027,
  0,
  446,
  1909,
  5442,
  1065,
  708,
  605,
  807,
  381,
  6756,
  790],
 [2597,
  671,
  1630,
  2625,
  2544,
  3052,
  5119,
  2397,
  1948,
  2213,
  3332,
  3013,
  6777,
  1175,
  3996,
  484,
  2218,
  1473,
  446,
  0,
  2355,
  5888,
  1511,
  262,
  159,
  737,
  827,
  7202,
  1236],
 [546,
  1581,
  2394,
  2599,
  1074,
  3026,
  5883,
  927,
  2712,
  743,
  4096,
  1543,
  7541,
  1307,
  4760,
  2044,
  2982,
  883,
  1806,
  2252,
  0,
  6652,
  1761,
  2266,
  2411,
  2265,
  1591,
  7966,
  2000],
 [7036,
  5184,
  4594,
  5589,
  6983,
  6016,
  3306,
  6836,
  4912,
  6652,
  6307,
  7452,
  889,
  5614,
  2183,
  5647,
  5182,
  5912,
  5409,
  5855,
  7937,
  0,
  5950,
  5869,
  6014,
  5868,
  5266,
  1314,
  5675],
 [1799,
  2261,
  3062,
  4057,
  3072,
  4484,
  6551,
  2925,
  3380,
  2741,
  4764,
  3185,
  8209,
  1987,
  5428,
  2724,
  3650,
  2285,
  2486,
  2932,
  1998,
  7320,
  0,
  2946,
  3091,
  2945,
  2271,
  8634,
  2680],
 [2611,
  685,
  1644,
  2639,
  2558,
  3066,
  5133,
  2411,
  1962,
  2227,
  3346,
  3027,
  6791,
  1189,
  4010,
  222,
  2232,
  1487,
  708,
  262,
  2369,
  5902,
  1525,
  0,
  103,
  475,
  841,
  7216,
  1250],
 [2756,
  830,
  1789,
  2784,
  2703,
  3211,
  5278,
  2556,
  2107,
  2372,
  3491,
  3172,
  6936,
  1334,
  4155,
  325,
  2377,
  1632,
  605,
  159,
  2514,
  6047,
  1670,
  103,
  0,
  578,
  986,
  7361,
  1395],
 [2610,
  684,
  1643,
  2638,
  2557,
  3065,
  5132,
  2410,
  1961,
  2226,
  3345,
  3026,
  6790,
  1188,
  4009,
  253,
  2231,
  1486,
  807,
  737,
  2368,
  5901,
  1524,
  475,
  578,
  0,
  840,
  7215,
  1249],
 [3285,
  1433,
  803,
  1798,
  3232,
  2225,
  4292,
  3085,
  1121,
  2901,
  2505,
  3701,
  5950,
  1863,
  3169,
  1896,
  1391,
  2161,
  1658,
  2104,
  4186,
  5061,
  2199,
  2118,
  2263,
  2117,
  0,
  6375,
  409],
 [9092,
  7240,
  6650,
  7645,
  9039,
  8072,
  5362,
  8892,
  6968,
  8708,
  8363,
  9508,
  1259,
  7670,
  4239,
  7703,
  7238,
  7968,
  7465,
  7911,
  8850,
  5280,
  8006,
  7925,
  8070,
  7924,
  7322,
  0,
  7731],
 [2861,
  1009,
  375,
  1370,
  2808,
  1797,
  3875,
  2661,
  693,
  2477,
  2088,
  3277,
  5533,
  1439,
  2752,
  1472,
  963,
  1737,
  1234,
  1680,
  3762,
  4644,
  1775,
  1694,
  1839,
  1693,
  1091,
  5958,
  0]]
