[[0,
  3206,
  3852,
  1179,
  729,
  1315,
  1029,
  1448,
  654,
  1277,
  5945,
  1954,
  2672,
  4102,
  5584,
  4781,
  5258,
  3010,
  3204,
  5531,
  5881,
  3263,
  4422,
  3287,
  5492,
  6137,
  3273,
  2456,
  6208,
  4787,
  4740,
  1791,
  4053,
  6474,
  3885,
  3535,
  1926,
  3812,
  3207,
  5858,
  5612,
  2157,
  3457,
  5997,
  5456,
  5716,
  5571,
  3863,
  4778,
  4495,
  3891,
  3877,
  2840,
  2737,
  2235,
  1390,
  3744,
  4927,
  2375,
  4343,
  3270,
  3859,
  2395,
  3842,
  9056,
  2879,
  1385,
  2966,
  4533,
  1567,
  5202,
  2029,
  4079,
  3303,
  3390,
  1991,
  2657,
  843,
  1354,
  6138,
  3388,
  3297,
  3923,
  4957,
  4463,
  6264,
  3851,
  693,
  5249,
  5899,
  6070,
  652,
  2711,
  1750,
  6189,
  6289,
  4690,
  4426,
  4042,
  5162,
  2321,
  5792,
  4876,
  5429,
  4045,
  2246,
  5557,
  2527,
  4090,
  3484,
  5384],
 [998,
  0,
  3450,
  2190,
  1207,
  1525,
  1239,
  1762,
  864,
  1487,
  8183,
  2268,
  4964,
  4580,
  6062,
  5259,
  5736,
  5302,
  3682,
  6092,
  6359,
  3741,
  4900,
  3765,
  5090,
  6615,
  5682,
  4748,
  7964,
  5265,
  5218,
  2105,
  4531,
  7619,
  4363,
  4013,
  2136,
  4290,
  3685,
  6336,
  6173,
  2471,
  2809,
  6475,
  5054,
  5314,
  6049,
  4341,
  5733,
  4973,
  4369,
  4355,
  3401,
  3215,
  2713,
  2669,
  4718,
  5488,
  2853,
  4904,
  3831,
  4420,
  2956,
  4320,
  9534,
  3357,
  1863,
  3444,
  5094,
  2045,
  5763,
  2507,
  4640,
  3781,
  3868,
  2552,
  3135,
  1404,
  1564,
  6699,
  3866,
  3775,
  4401,
  5435,
  4941,
  5862,
  4329,
  1254,
  5810,
  6460,
  6548,
  1213,
  3189,
  1960,
  6750,
  5780,
  5168,
  4904,
  4520,
  5640,
  2799,
  6353,
  5354,
  5907,
  4523,
  2560,
  6035,
  2737,
  4568,
  3962,
  5945],
 [2008,
  1010,
  0,
  3200,
  2217,
  2535,
  2249,
  2772,
  1874,
  2497,
  6403,
  3661,
  3184,
  4754,
  7072,
  6269,
  6746,
  3522,
  4692,
  7102,
  7369,
  4751,
  3831,
  4775,
  3310,
  7625,
  3902,
  2968,
  6184,
  4469,
  4422,
  3498,
  5541,
  5839,
  4663,
  5023,
  3146,
  5300,
  4695,
  7346,
  7183,
  3864,
  3924,
  6956,
  3274,
  3534,
  7059,
  5351,
  3953,
  3904,
  5379,
  5365,
  4411,
  4225,
  3723,
  3679,
  5728,
  6498,
  3863,
  5914,
  4841,
  5430,
  3966,
  5330,
  10544,
  4367,
  2873,
  4454,
  6104,
  3055,
  6773,
  3517,
  5650,
  4791,
  4878,
  3562,
  4145,
  2414,
  2574,
  7709,
  4713,
  4785,
  5411,
  6445,
  5951,
  4082,
  5339,
  2264,
  6820,
  7470,
  6978,
  2223,
  4199,
  2970,
  7760,
  6790,
  6178,
  5914,
  4135,
  6650,
  3809,
  7363,
  6364,
  6917,
  4572,
  3953,
  6834,
  3661,
  4183,
  4972,
  6955],
 [690,
  3241,
  3887,
  0,
  738,
  1466,
  1145,
  1569,
  770,
  1393,
  6433,
  2000,
  5401,
  3628,
  5319,
  4516,
  4993,
  4347,
  3675,
  5196,
  6003,
  3353,
  3948,
  3377,
  4953,
  5872,
  4575,
  5185,
  5943,
  4313,
  4266,
  1769,
  3579,
  6209,
  3975,
  3625,
  2042,
  3338,
  2733,
  5593,
  5277,
  1531,
  3928,
  5732,
  5491,
  5751,
  5306,
  3389,
  4470,
  4021,
  3626,
  3612,
  2505,
  2263,
  1761,
  745,
  3409,
  4592,
  1901,
  4008,
  2935,
  3524,
  2060,
  3507,
  8791,
  2405,
  855,
  2492,
  4198,
  1093,
  4867,
  1555,
  3744,
  2829,
  3125,
  1656,
  1274,
  263,
  1470,
  5803,
  3478,
  2823,
  3449,
  4692,
  4198,
  5065,
  3586,
  660,
  4914,
  5564,
  5805,
  905,
  2237,
  1855,
  5854,
  5954,
  4425,
  3952,
  4132,
  4897,
  1847,
  5457,
  4611,
  5164,
  4135,
  1620,
  5292,
  4278,
  4180,
  1733,
  5049],
 [187,
  2905,
  3551,
  1366,
  0,
  1502,
  1216,
  1635,
  841,
  1464,
  5644,
  2141,
  2859,
  3801,
  5404,
  4601,
  5078,
  3197,
  2903,
  5281,
  6088,
  2962,
  4121,
  2986,
  5191,
  5957,
  4184,
  2643,
  6028,
  4486,
  4439,
  1978,
  3752,
  6294,
  3584,
  3234,
  2113,
  3511,
  2906,
  5678,
  5362,
  2773,
  3156,
  5817,
  5155,
  5415,
  5391,
  3562,
  4477,
  4194,
  3711,
  3697,
  2590,
  2436,
  1934,
  1140,
  3494,
  4677,
  2074,
  4093,
  3020,
  3609,
  2145,
  3592,
  8876,
  2578,
  1084,
  2665,
  4283,
  1266,
  4952,
  1728,
  3829,
  3002,
  3210,
  1741,
  2356,
  593,
  1541,
  5888,
  3087,
  2996,
  3622,
  4777,
  4283,
  5963,
  3671,
  443,
  4999,
  5649,
  5890,
  402,
  2410,
  1937,
  5939,
  6039,
  4510,
  4125,
  3741,
  4982,
  2020,
  5542,
  4696,
  5249,
  3744,
  2862,
  5377,
  2714,
  3789,
  3183,
  5134],
 [1449,
  3358,
  2348,
  759,
  1497,
  0,
  444,
  331,
  822,
  56,
  5534,
  837,
  1437,
  3376,
  6078,
  5275,
  5752,
  1775,
  1867,
  5955,
  6762,
  2200,
  2084,
  2224,
  2006,
  6631,
  2038,
  1221,
  5315,
  3100,
  3053,
  674,
  3099,
  4970,
  2822,
  2472,
  691,
  2788,
  1870,
  6352,
  6036,
  1040,
  1364,
  6491,
  1970,
  2230,
  6065,
  2909,
  2263,
  2157,
  4385,
  4371,
  3264,
  3022,
  2520,
  1168,
  4168,
  5351,
  2660,
  4767,
  3694,
  4283,
  2819,
  4266,
  9550,
  2048,
  1614,
  2334,
  4957,
  1852,
  5626,
  2314,
  4503,
  2511,
  3884,
  2415,
  1347,
  1022,
  197,
  6562,
  2325,
  3582,
  3131,
  5451,
  4957,
  2778,
  4345,
  1381,
  5673,
  6323,
  6564,
  1664,
  1623,
  389,
  6613,
  6713,
  5184,
  3472,
  2445,
  5656,
  2606,
  6216,
  5370,
  5923,
  2634,
  1129,
  6051,
  1292,
  2493,
  1317,
  5808],
 [1609,
  3415,
  4061,
  1223,
  1818,
  692,
  0,
  795,
  378,
  532,
  6024,
  1301,
  1927,
  5191,
  6673,
  5870,
  6347,
  2265,
  2331,
  6055,
  6970,
  4352,
  2574,
  4376,
  2496,
  7226,
  2528,
  1711,
  5805,
  3590,
  3543,
  1138,
  5142,
  5460,
  4974,
  4624,
  1181,
  4901,
  2194,
  6947,
  6136,
  1504,
  1854,
  7086,
  2460,
  2720,
  6660,
  4952,
  2753,
  2647,
  4980,
  4966,
  3364,
  3826,
  3324,
  1632,
  5329,
  5451,
  3464,
  4867,
  3794,
  4383,
  2919,
  4931,
  10145,
  4394,
  2474,
  4055,
  5057,
  2656,
  5726,
  3118,
  4603,
  4392,
  4479,
  2515,
  1811,
  1367,
  609,
  7126,
  4477,
  4386,
  5012,
  6046,
  5552,
  3268,
  4940,
  1865,
  5773,
  6423,
  7159,
  1176,
  3800,
  1081,
  6713,
  6391,
  5779,
  5515,
  2935,
  6251,
  3410,
  6316,
  5965,
  6518,
  3124,
  1593,
  6646,
  1782,
  2983,
  1781,
  5908],
 [1118,
  3669,
  2679,
  428,
  1166,
  331,
  681,
  0,
  1059,
  275,
  5865,
  754,
  1768,
  4056,
  5747,
  4944,
  5421,
  1533,
  1784,
  5624,
  6431,
  3781,
  1842,
  2141,
  2337,
  6300,
  1796,
  1552,
  5646,
  2858,
  2811,
  591,
  4007,
  5301,
  2739,
  2389,
  1022,
  3766,
  1787,
  6021,
  5705,
  957,
  1340,
  6160,
  2301,
  2561,
  5734,
  3817,
  2021,
  1915,
  4054,
  4040,
  2933,
  2691,
  2189,
  837,
  3837,
  5020,
  1298,
  4436,
  3363,
  3952,
  2488,
  3935,
  9219,
  1965,
  1283,
  2920,
  4626,
  1521,
  5295,
  1983,
  4172,
  3257,
  3553,
  2084,
  1016,
  691,
  528,
  6231,
  2242,
  3251,
  3877,
  5120,
  4626,
  3109,
  4014,
  1050,
  5342,
  5992,
  6233,
  1333,
  1540,
  584,
  6282,
  6382,
  4853,
  4380,
  2203,
  5325,
  2275,
  5885,
  5039,
  5592,
  2899,
  1046,
  5720,
  1268,
  2251,
  1234,
  5477],
 [1657,
  3463,
  2929,
  1326,
  1866,
  661,
  375,
  898,
  0,
  623,
  6115,
  1404,
  2018,
  3957,
  6068,
  5265,
  5742,
  2356,
  2282,
  5945,
  6752,
  2818,
  2665,
  2842,
  2587,
  6621,
  2619,
  1802,
  5896,
  3681,
  3634,
  1241,
  3680,
  5551,
  3440,
  3090,
  1272,
  3369,
  2285,
  6342,
  6026,
  1607,
  1945,
  6481,
  2551,
  2811,
  6055,
  3490,
  2844,
  2738,
  4375,
  4361,
  3254,
  3874,
  3372,
  1735,
  4158,
  5341,
  3512,
  4757,
  3684,
  4273,
  2809,
  4256,
  9540,
  2666,
  2522,
  4103,
  4947,
  2704,
  5616,
  3166,
  4493,
  4440,
  3874,
  2405,
  1914,
  1589,
  700,
  6552,
  3319,
  4434,
  5060,
  5441,
  4947,
  3359,
  4335,
  1107,
  5663,
  6313,
  6554,
  1066,
  2190,
  1096,
  6603,
  6703,
  5174,
  4053,
  3026,
  5646,
  3458,
  6206,
  5360,
  5913,
  3215,
  1696,
  6041,
  1873,
  3074,
  1884,
  5798],
 [1393,
  3414,
  2404,
  703,
  1441,
  56,
  406,
  275,
  784,
  0,
  5590,
  781,
  1493,
  3432,
  6022,
  5219,
  5696,
  1831,
  1811,
  5899,
  6706,
  2144,
  2140,
  2168,
  2062,
  6575,
  2094,
  1277,
  5371,
  3156,
  3109,
  618,
  3205,
  5026,
  2766,
  2416,
  747,
  2844,
  1814,
  6296,
  5980,
  984,
  1420,
  6435,
  2026,
  2286,
  6009,
  3015,
  2319,
  2213,
  4329,
  4315,
  3208,
  2966,
  2464,
  1112,
  4112,
  5295,
  1573,
  4711,
  3638,
  4227,
  2763,
  4210,
  9494,
  1992,
  1558,
  2278,
  4901,
  1796,
  5570,
  2258,
  4447,
  2455,
  3828,
  2359,
  1291,
  966,
  253,
  6506,
  2269,
  3526,
  3075,
  5395,
  4901,
  2834,
  4289,
  1325,
  5617,
  6267,
  6508,
  1608,
  1567,
  445,
  6557,
  6657,
  5128,
  3578,
  2501,
  5600,
  2550,
  6160,
  5314,
  5867,
  2926,
  1073,
  5995,
  1348,
  2549,
  1261,
  5752],
 [4798,
  5164,
  3630,
  3623,
  4828,
  3087,
  3779,
  3195,
  5452,
  3031,
  0,
  2328,
  1931,
  1085,
  1928,
  3070,
  2290,
  1719,
  2445,
  5573,
  4170,
  2304,
  1593,
  2379,
  1708,
  4426,
  1330,
  2147,
  1355,
  404,
  357,
  2550,
  1622,
  1281,
  2091,
  2028,
  2724,
  1569,
  2448,
  4147,
  5654,
  3248,
  2698,
  1689,
  1448,
  1189,
  2227,
  1265,
  1225,
  1779,
  3060,
  3356,
  3398,
  2981,
  3261,
  4837,
  3719,
  4969,
  3401,
  4385,
  2857,
  3901,
  5705,
  1755,
  8877,
  2666,
  4031,
  2489,
  4575,
  4213,
  5244,
  3368,
  4121,
  1788,
  3582,
  5301,
  3683,
  4731,
  3110,
  4326,
  2141,
  3123,
  2076,
  3198,
  2670,
  1457,
  3289,
  4804,
  5291,
  4674,
  1982,
  5013,
  2854,
  2659,
  5016,
  4044,
  2979,
  1995,
  1563,
  3451,
  3371,
  4619,
  3165,
  3670,
  2000,
  3337,
  1838,
  1858,
  1611,
  2890,
  5426],
 [3465,
  3670,
  2660,
  1728,
  3495,
  1192,
  1411,
  1300,
  1789,
  1136,
  3172,
  0,
  901,
  2290,
  3961,
  3158,
  3635,
  689,
  833,
  4132,
  4258,
  1369,
  998,
  1393,
  1602,
  4514,
  952,
  653,
  3036,
  2014,
  1967,
  510,
  2013,
  3302,
  1991,
  1641,
  435,
  1702,
  836,
  4235,
  4213,
  645,
  496,
  3682,
  1920,
  1833,
  3948,
  1823,
  1177,
  1071,
  2268,
  2254,
  2412,
  1995,
  1928,
  1578,
  2617,
  3528,
  1274,
  2944,
  1871,
  2460,
  4719,
  1958,
  7433,
  1217,
  2698,
  1503,
  3134,
  2880,
  3803,
  2035,
  2680,
  1680,
  1767,
  4315,
  992,
  1991,
  1215,
  4414,
  1494,
  2137,
  2039,
  3334,
  2840,
  2041,
  2228,
  2350,
  3850,
  4500,
  4447,
  3680,
  1405,
  764,
  4790,
  3679,
  3067,
  2386,
  1359,
  3539,
  2038,
  4393,
  3253,
  3806,
  1548,
  734,
  3934,
  424,
  1407,
  547,
  3985],
 [4231,
  3233,
  2223,
  2003,
  4440,
  1467,
  1848,
  1575,
  2226,
  1411,
  2821,
  621,
  0,
  1939,
  4107,
  3304,
  3781,
  338,
  1605,
  4278,
  4404,
  1464,
  647,
  1539,
  1251,
  4660,
  601,
  216,
  2685,
  1663,
  1616,
  930,
  1662,
  2951,
  1251,
  1188,
  793,
  1351,
  1608,
  4381,
  4359,
  1296,
  923,
  3331,
  1382,
  1482,
  3869,
  1472,
  826,
  720,
  2414,
  2400,
  2558,
  2141,
  2421,
  2229,
  2763,
  3674,
  2561,
  3090,
  2017,
  2606,
  4865,
  1607,
  7579,
  1826,
  3191,
  1649,
  3280,
  3373,
  3949,
  2528,
  2826,
  1640,
  1913,
  4461,
  1643,
  2266,
  1523,
  4560,
  1301,
  2283,
  1688,
  3480,
  2986,
  1690,
  2374,
  3964,
  3996,
  4646,
  3624,
  4446,
  2014,
  1039,
  4936,
  3825,
  3213,
  2035,
  1008,
  3685,
  2531,
  4539,
  3399,
  3952,
  1197,
  1385,
  3480,
  477,
  1056,
  981,
  4131],
 [3521,
  4870,
  3860,
  4137,
  3551,
  3234,
  4550,
  2858,
  4175,
  3178,
  2151,
  2337,
  2232,
  0,
  2377,
  1574,
  2051,
  2020,
  1511,
  3288,
  2674,
  1189,
  1094,
  1213,
  2009,
  2930,
  1631,
  1853,
  2015,
  993,
  946,
  2552,
  663,
  2281,
  1194,
  1461,
  2473,
  484,
  1514,
  2651,
  3369,
  2314,
  1764,
  2661,
  1749,
  1490,
  3199,
  180,
  1526,
  1167,
  1201,
  1191,
  2122,
  1704,
  1984,
  3560,
  1554,
  2684,
  2124,
  2100,
  1534,
  1616,
  4429,
  670,
  5849,
  1425,
  2754,
  1212,
  2290,
  2936,
  2959,
  2091,
  1836,
  703,
  1114,
  4025,
  2406,
  3454,
  3257,
  2830,
  1244,
  1561,
  751,
  1738,
  1242,
  1758,
  1243,
  3527,
  3006,
  3656,
  2954,
  3736,
  1613,
  2806,
  3946,
  2416,
  1483,
  1036,
  1086,
  1955,
  2094,
  3549,
  1669,
  2210,
  1089,
  2403,
  2810,
  2159,
  1134,
  1956,
  3141],
 [5894,
  7231,
  6221,
  6510,
  5942,
  5417,
  6923,
  5041,
  6548,
  5361,
  1624,
  4966,
  3555,
  2704,
  0,
  1099,
  512,
  3343,
  3694,
  4847,
  2227,
  3372,
  3294,
  3396,
  3332,
  2483,
  2954,
  3771,
  1134,
  2028,
  1981,
  4735,
  2925,
  1400,
  3994,
  3644,
  4348,
  2684,
  3697,
  2204,
  4928,
  4497,
  3947,
  403,
  3072,
  2813,
  1501,
  2735,
  2849,
  3367,
  2334,
  2630,
  3867,
  3887,
  4167,
  5933,
  2993,
  4243,
  4307,
  3659,
  3326,
  3175,
  6174,
  2816,
  5402,
  3608,
  4937,
  3395,
  3849,
  5309,
  4518,
  4274,
  3395,
  2819,
  2856,
  5770,
  4589,
  5827,
  7248,
  2383,
  3497,
  3744,
  2858,
  645,
  1944,
  3081,
  2563,
  5900,
  4565,
  2731,
  620,
  6109,
  3796,
  4989,
  3073,
  3318,
  1036,
  3298,
  3187,
  1508,
  4277,
  2676,
  1222,
  1151,
  3289,
  4586,
  1386,
  3482,
  3235,
  4139,
  3154],
 [6208,
  8703,
  7156,
  6824,
  6256,
  3811,
  7237,
  3435,
  6862,
  3755,
  2559,
  2914,
  2232,
  1099,
  1542,
  0,
  1216,
  2513,
  2088,
  3241,
  1839,
  1766,
  1689,
  1790,
  2502,
  2095,
  2124,
  2448,
  2069,
  2963,
  2916,
  3129,
  1320,
  2335,
  2388,
  2038,
  3050,
  1079,
  2091,
  1816,
  3322,
  2891,
  2341,
  1858,
  2357,
  2098,
  1432,
  1130,
  2045,
  1762,
  728,
  1024,
  2261,
  2281,
  2561,
  6247,
  1387,
  2637,
  2701,
  2053,
  1720,
  1569,
  4568,
  1210,
  5014,
  2002,
  3331,
  1789,
  2243,
  5623,
  2912,
  2668,
  1789,
  1214,
  1250,
  4164,
  2983,
  6141,
  7562,
  1995,
  1891,
  2138,
  1092,
  818,
  339,
  2366,
  957,
  6214,
  2959,
  2343,
  1931,
  6423,
  2190,
  3383,
  2685,
  1712,
  648,
  1693,
  1681,
  1120,
  2671,
  2288,
  834,
  1290,
  1684,
  2980,
  1418,
  2691,
  1729,
  2533,
  2766],
 [6084,
  8579,
  6852,
  6700,
  6132,
  7399,
  7113,
  4347,
  6738,
  7361,
  2255,
  4272,
  4186,
  2011,
  651,
  912,
  0,
  3974,
  3000,
  2756,
  1715,
  2678,
  2601,
  2702,
  3963,
  1971,
  3585,
  4402,
  1765,
  2659,
  2612,
  4041,
  2232,
  2031,
  3300,
  2950,
  3962,
  1991,
  3003,
  1692,
  3372,
  3803,
  3253,
  1034,
  3703,
  3444,
  2132,
  2042,
  3480,
  2674,
  1640,
  1936,
  3173,
  3193,
  3473,
  6123,
  2299,
  3099,
  3613,
  2965,
  2632,
  2481,
  6366,
  2122,
  4890,
  2914,
  4243,
  2701,
  3155,
  5499,
  2824,
  3580,
  2701,
  2126,
  2162,
  5962,
  3895,
  6017,
  7438,
  1871,
  2803,
  3050,
  2004,
  1166,
  1251,
  3712,
  1869,
  6090,
  3141,
  2219,
  1251,
  6299,
  3102,
  4295,
  2561,
  2609,
  524,
  2605,
  2593,
  996,
  3583,
  2164,
  710,
  1672,
  2596,
  3892,
  2017,
  4113,
  2641,
  3445,
  2642],
 [3620,
  3941,
  2931,
  2384,
  3650,
  1848,
  2556,
  1956,
  4274,
  1792,
  2920,
  1089,
  708,
  1373,
  3769,
  2966,
  3443,
  0,
  1267,
  3940,
  4066,
  1126,
  309,
  1201,
  1409,
  4322,
  759,
  924,
  2784,
  1762,
  1715,
  1311,
  1324,
  3050,
  913,
  850,
  1501,
  1013,
  1270,
  4043,
  4021,
  1301,
  735,
  3430,
  1727,
  1571,
  3756,
  1134,
  984,
  382,
  2076,
  2062,
  2220,
  1803,
  2083,
  3659,
  2153,
  3336,
  2223,
  2752,
  1679,
  2268,
  4527,
  1269,
  7241,
  1488,
  2853,
  1311,
  2942,
  3035,
  3611,
  2190,
  2488,
  1302,
  1575,
  4123,
  2505,
  3553,
  1871,
  4547,
  963,
  1945,
  1350,
  3142,
  2648,
  1789,
  2036,
  3626,
  3658,
  4308,
  4255,
  3835,
  1676,
  1420,
  4598,
  4698,
  2875,
  1697,
  856,
  3347,
  2193,
  4201,
  3061,
  3614,
  859,
  1390,
  3742,
  619,
  904,
  943,
  3793],
 [3058,
  4117,
  3107,
  1808,
  3088,
  1531,
  1938,
  1474,
  2316,
  1475,
  3155,
  826,
  884,
  1725,
  3207,
  2404,
  2881,
  672,
  0,
  3378,
  3504,
  615,
  551,
  639,
  1585,
  3760,
  935,
  1100,
  3831,
  1997,
  1950,
  1168,
  1676,
  4097,
  1237,
  887,
  962,
  1435,
  218,
  3481,
  3459,
  930,
  253,
  3620,
  1903,
  1816,
  3194,
  1486,
  1160,
  812,
  1514,
  1500,
  1658,
  1241,
  1521,
  1863,
  1591,
  2774,
  1661,
  2190,
  1117,
  1706,
  3965,
  1465,
  6679,
  545,
  2291,
  749,
  2380,
  2473,
  3049,
  1628,
  1926,
  926,
  1013,
  3561,
  1277,
  2991,
  1554,
  3985,
  740,
  1383,
  1546,
  2580,
  2086,
  2024,
  1474,
  3064,
  3096,
  3746,
  3693,
  3273,
  733,
  1103,
  4036,
  4136,
  2313,
  2049,
  1394,
  2785,
  1631,
  3639,
  2499,
  3052,
  1397,
  1019,
  3180,
  622,
  1442,
  572,
  3231],
 [5432,
  7927,
  8573,
  6048,
  5480,
  5238,
  6461,
  4862,
  6086,
  5182,
  4993,
  4341,
  4399,
  3516,
  2989,
  2186,
  2663,
  4187,
  3515,
  0,
  1021,
  3193,
  3899,
  3217,
  4793,
  1559,
  4415,
  4615,
  4503,
  4018,
  3971,
  4556,
  3530,
  4769,
  3815,
  3465,
  4477,
  3289,
  3518,
  1280,
  295,
  4318,
  3768,
  3372,
  4774,
  4515,
  3866,
  3340,
  4310,
  3972,
  2758,
  2785,
  3405,
  3708,
  3988,
  5471,
  2235,
  819,
  4128,
  1403,
  2817,
  1887,
  5712,
  2837,
  6461,
  3429,
  4758,
  3216,
  3091,
  4847,
  544,
  4095,
  1667,
  3289,
  3011,
  5308,
  4410,
  5365,
  6786,
  821,
  3318,
  3565,
  3400,
  3252,
  2756,
  4905,
  2718,
  5438,
  861,
  1185,
  3589,
  5647,
  3617,
  4810,
  872,
  1575,
  2139,
  3903,
  3972,
  1631,
  4098,
  475,
  2281,
  3724,
  3975,
  4407,
  3852,
  4137,
  4020,
  3960,
  670],
 [6634,
  9129,
  9775,
  7250,
  6682,
  7949,
  7663,
  8082,
  7288,
  7911,
  3724,
  4525,
  3397,
  2264,
  1968,
  1165,
  1642,
  3793,
  3253,
  1858,
  0,
  2931,
  2854,
  2955,
  3782,
  538,
  3404,
  3613,
  3234,
  2766,
  2719,
  4294,
  2485,
  3500,
  3553,
  3203,
  4215,
  2244,
  3256,
  259,
  1939,
  4056,
  3506,
  2351,
  3522,
  3263,
  2597,
  2295,
  3210,
  2927,
  1893,
  2189,
  4252,
  3446,
  3726,
  6673,
  3082,
  1666,
  3866,
  2250,
  2885,
  2734,
  6916,
  2375,
  5440,
  3167,
  6909,
  2954,
  3408,
  6049,
  1391,
  3833,
  2514,
  2379,
  2415,
  6512,
  4148,
  6567,
  7988,
  438,
  3056,
  3303,
  2257,
  1983,
  1504,
  3531,
  2122,
  6640,
  1708,
  786,
  2568,
  6849,
  3355,
  4548,
  1128,
  1176,
  1118,
  2858,
  2846,
  610,
  3836,
  731,
  1260,
  2455,
  2849,
  4145,
  2583,
  3875,
  2894,
  3698,
  1209],
 [2916,
  4439,
  3429,
  2003,
  2946,
  2045,
  2260,
  1669,
  3570,
  1989,
  3663,
  1148,
  1206,
  1930,
  3412,
  2609,
  3086,
  994,
  322,
  3583,
  3709,
  0,
  633,
  844,
  1907,
  3965,
  1257,
  1422,
  4036,
  2505,
  2458,
  1363,
  1881,
  4302,
  1442,
  1092,
  1284,
  1640,
  325,
  3686,
  3664,
  1125,
  575,
  3825,
  2573,
  2314,
  3399,
  1691,
  1482,
  800,
  1719,
  1705,
  1863,
  1446,
  1379,
  2955,
  1796,
  2979,
  1250,
  2395,
  1322,
  1911,
  4170,
  1670,
  6884,
  668,
  2149,
  954,
  2585,
  2331,
  3254,
  1486,
  2131,
  1131,
  1218,
  3766,
  1420,
  2849,
  2068,
  4190,
  945,
  1588,
  1751,
  2785,
  2291,
  2532,
  1679,
  2922,
  3301,
  3951,
  3898,
  3131,
  856,
  1617,
  4241,
  4341,
  2518,
  2254,
  1599,
  2990,
  1489,
  3844,
  2704,
  3257,
  1602,
  1214,
  3385,
  944,
  1647,
  767,
  3436],
 [3405,
  3890,
  2880,
  2733,
  3435,
  1813,
  2505,
  2399,
  4059,
  1757,
  2465,
  1054,
  657,
  1158,
  2766,
  1963,
  2440,
  906,
  1052,
  3725,
  3063,
  911,
  0,
  986,
  895,
  4107,
  517,
  873,
  2329,
  1307,
  1260,
  1276,
  1109,
  2595,
  698,
  635,
  1450,
  798,
  327,
  3040,
  3806,
  1855,
  712,
  2975,
  1213,
  1126,
  3513,
  919,
  470,
  167,
  1861,
  1847,
  2005,
  1588,
  1868,
  3444,
  1938,
  3121,
  2008,
  2537,
  1464,
  2053,
  4312,
  1054,
  6238,
  1273,
  2638,
  1096,
  2727,
  2820,
  3396,
  1975,
  2273,
  1087,
  1360,
  3908,
  2290,
  3338,
  1836,
  4332,
  748,
  1730,
  1135,
  2927,
  2433,
  1334,
  1821,
  3411,
  3443,
  4093,
  3268,
  3620,
  1461,
  1385,
  4383,
  4483,
  1872,
  1482,
  652,
  2344,
  1978,
  3986,
  2058,
  3399,
  644,
  1944,
  3124,
  584,
  700,
  1497,
  3578],
 [2758,
  5108,
  4022,
  2086,
  2788,
  2128,
  2343,
  1752,
  3412,
  2072,
  2819,
  1231,
  1799,
  1272,
  2907,
  2104,
  2581,
  1587,
  405,
  3078,
  3204,
  264,
  775,
  0,
  1576,
  3460,
  1198,
  2015,
  2683,
  1661,
  1614,
  1446,
  1223,
  2949,
  598,
  248,
  1367,
  912,
  408,
  3181,
  3159,
  1208,
  658,
  3320,
  1729,
  1470,
  2894,
  1033,
  1093,
  848,
  1214,
  1200,
  1358,
  941,
  1221,
  2797,
  1291,
  2474,
  1361,
  1890,
  817,
  1406,
  3665,
  1168,
  6379,
  626,
  1991,
  449,
  2080,
  2173,
  2749,
  1328,
  1626,
  626,
  713,
  3261,
  1643,
  2691,
  2151,
  3685,
  101,
  1083,
  1249,
  2280,
  1786,
  1688,
  1174,
  2764,
  2796,
  3446,
  3393,
  2973,
  814,
  1700,
  3736,
  3836,
  2013,
  1596,
  755,
  2485,
  1331,
  3339,
  2199,
  2752,
  758,
  1297,
  2880,
  1027,
  803,
  850,
  2931],
 [4060,
  4266,
  3256,
  2626,
  4090,
  2090,
  2471,
  2198,
  5130,
  2034,
  2638,
  1590,
  680,
  1756,
  3387,
  3406,
  3749,
  981,
  1707,
  4380,
  4506,
  1566,
  855,
  1641,
  0,
  4762,
  592,
  896,
  2502,
  1480,
  1433,
  1553,
  1978,
  2768,
  1353,
  1290,
  1416,
  1667,
  1710,
  4483,
  4461,
  2510,
  1960,
  3148,
  318,
  578,
  3686,
  1936,
  643,
  1041,
  2516,
  2502,
  2660,
  2243,
  2523,
  4099,
  2593,
  3776,
  2663,
  3192,
  2119,
  2708,
  4967,
  1923,
  7681,
  1928,
  3293,
  1751,
  3382,
  3475,
  4051,
  2630,
  2928,
  1928,
  2015,
  4563,
  2945,
  3993,
  2113,
  4987,
  1403,
  2385,
  2004,
  3582,
  3088,
  1126,
  2476,
  4066,
  4098,
  4748,
  3441,
  4275,
  2116,
  1662,
  5038,
  5138,
  3315,
  2351,
  825,
  3787,
  2633,
  4641,
  3501,
  4054,
  1262,
  2599,
  3297,
  1120,
  873,
  2152,
  4233],
 [7094,
  9589,
  10235,
  7710,
  7142,
  8409,
  8123,
  8542,
  7748,
  8371,
  4184,
  5880,
  3857,
  2724,
  2428,
  1625,
  2102,
  4253,
  4608,
  2104,
  726,
  4286,
  3314,
  4310,
  4242,
  0,
  3864,
  4073,
  3694,
  3226,
  3179,
  5649,
  2945,
  3960,
  4908,
  4558,
  5570,
  2704,
  4611,
  279,
  2185,
  5411,
  4861,
  2811,
  3982,
  3723,
  3057,
  2755,
  3670,
  3387,
  2353,
  2649,
  4498,
  4801,
  5081,
  7133,
  3328,
  1912,
  5221,
  2496,
  3910,
  2980,
  7376,
  2835,
  5900,
  4522,
  7369,
  4309,
  4184,
  6509,
  1637,
  5188,
  2760,
  2839,
  2875,
  6972,
  5503,
  7027,
  8448,
  882,
  4411,
  4658,
  2717,
  2443,
  1964,
  3991,
  2582,
  7100,
  1954,
  1032,
  3028,
  7309,
  4710,
  5903,
  1572,
  1422,
  1578,
  3318,
  3306,
  1070,
  5191,
  1175,
  1720,
  2915,
  3309,
  5500,
  3043,
  5230,
  3354,
  5053,
  1455],
 [3642,
  3834,
  2824,
  2293,
  3672,
  1757,
  2449,
  1865,
  2827,
  1701,
  2220,
  998,
  601,
  1338,
  2969,
  2988,
  3331,
  389,
  1289,
  3962,
  4088,
  1148,
  437,
  1223,
  650,
  4344,
  0,
  817,
  2084,
  1062,
  1015,
  1220,
  1560,
  2350,
  935,
  872,
  1394,
  1249,
  1292,
  4065,
  4043,
  1456,
  937,
  2730,
  968,
  881,
  3268,
  1518,
  225,
  771,
  2098,
  2084,
  2242,
  1825,
  2105,
  3681,
  2175,
  3358,
  2245,
  2774,
  1701,
  2290,
  4549,
  1505,
  7263,
  1510,
  2875,
  1333,
  2964,
  3057,
  3633,
  2212,
  2510,
  1510,
  1597,
  4145,
  2527,
  3575,
  1780,
  4569,
  985,
  1967,
  1586,
  3164,
  2670,
  1089,
  2058,
  3648,
  3680,
  4330,
  3023,
  3857,
  1698,
  1329,
  4620,
  4720,
  2897,
  1933,
  407,
  3369,
  2215,
  4223,
  3083,
  3636,
  844,
  1545,
  2879,
  528,
  455,
  1734,
  3815],
 [4015,
  3017,
  2007,
  1787,
  4224,
  1251,
  1632,
  1359,
  2010,
  1195,
  3037,
  877,
  216,
  2155,
  3535,
  2732,
  3209,
  554,
  1821,
  4494,
  3832,
  1680,
  863,
  1755,
  1467,
  4088,
  817,
  0,
  2901,
  1879,
  1832,
  714,
  1878,
  3167,
  1467,
  1404,
  577,
  1567,
  1190,
  3809,
  4575,
  1080,
  1001,
  3547,
  1166,
  1426,
  4085,
  1688,
  1042,
  936,
  2630,
  2616,
  2774,
  2357,
  2637,
  2196,
  2707,
  3890,
  2777,
  3306,
  2233,
  2822,
  5081,
  1823,
  7007,
  2042,
  3407,
  1865,
  3496,
  3589,
  4165,
  2744,
  3042,
  1856,
  2129,
  4677,
  1427,
  2050,
  1307,
  3988,
  1517,
  2499,
  1904,
  2896,
  2400,
  1906,
  2590,
  4271,
  4212,
  4862,
  3840,
  4230,
  2230,
  823,
  5152,
  5252,
  2641,
  2251,
  1224,
  3113,
  2747,
  4755,
  2827,
  3368,
  1413,
  1169,
  3696,
  693,
  1272,
  1357,
  4347],
 [9412,
  6481,
  5471,
  4113,
  9460,
  3577,
  4269,
  3685,
  10066,
  3521,
  490,
  2818,
  2421,
  1575,
  1269,
  2411,
  1631,
  2209,
  2935,
  4914,
  3511,
  2794,
  2083,
  3463,
  2198,
  3767,
  1820,
  2637,
  0,
  894,
  847,
  3040,
  2238,
  650,
  2581,
  2518,
  3214,
  2059,
  2938,
  3488,
  4995,
  3738,
  3188,
  1030,
  1938,
  1679,
  1568,
  1755,
  1715,
  2269,
  2401,
  2697,
  3934,
  3471,
  4234,
  9451,
  3060,
  4310,
  3891,
  3726,
  3393,
  3242,
  6241,
  2883,
  8218,
  3156,
  4521,
  2979,
  3916,
  8827,
  4585,
  3858,
  3462,
  2278,
  2923,
  5837,
  4173,
  9345,
  3600,
  3667,
  2631,
  3811,
  2326,
  2575,
  2011,
  1947,
  2630,
  9418,
  4632,
  4015,
  1323,
  9627,
  3344,
  3149,
  4357,
  3385,
  2320,
  2611,
  2053,
  2792,
  3861,
  3960,
  2506,
  3047,
  2490,
  3827,
  1179,
  2348,
  2101,
  3380,
  4767],
 [4394,
  4760,
  3750,
  3219,
  4424,
  2683,
  3375,
  2791,
  5048,
  2627,
  1368,
  1924,
  1527,
  681,
  2117,
  1788,
  2479,
  1315,
  2041,
  4159,
  2888,
  1900,
  1189,
  1975,
  1304,
  3144,
  926,
  1743,
  1232,
  0,
  163,
  2146,
  1344,
  1498,
  1687,
  1624,
  2320,
  1165,
  2044,
  2865,
  4240,
  2844,
  2294,
  1878,
  1044,
  785,
  2416,
  861,
  821,
  1375,
  1646,
  1942,
  2994,
  2577,
  2857,
  4433,
  2305,
  3555,
  2997,
  2971,
  2453,
  2487,
  5301,
  1351,
  6063,
  2262,
  3627,
  2085,
  3161,
  3809,
  3830,
  2964,
  2707,
  1384,
  1795,
  4897,
  3279,
  4327,
  2706,
  3044,
  1737,
  2242,
  1432,
  1952,
  1456,
  1053,
  1875,
  4400,
  3877,
  3392,
  2171,
  4609,
  2450,
  2255,
  3734,
  2630,
  1697,
  1717,
  1159,
  2169,
  2967,
  3337,
  1883,
  2424,
  1596,
  2933,
  2027,
  1454,
  1207,
  2486,
  3815],
 [4441,
  4807,
  3797,
  3266,
  4471,
  2730,
  3422,
  2838,
  5095,
  2674,
  1415,
  1971,
  1574,
  728,
  2164,
  1835,
  2526,
  1362,
  2088,
  4206,
  2935,
  1947,
  1236,
  2022,
  1351,
  3191,
  973,
  1790,
  1279,
  47,
  0,
  2193,
  1391,
  1545,
  1734,
  1671,
  2367,
  1212,
  2091,
  2912,
  4287,
  2891,
  2341,
  1925,
  1091,
  832,
  2463,
  908,
  868,
  1422,
  1693,
  1989,
  3041,
  2624,
  2904,
  4480,
  2352,
  3602,
  3044,
  3018,
  2500,
  2534,
  5348,
  1398,
  6110,
  2309,
  3674,
  2132,
  3208,
  3856,
  3877,
  3011,
  2754,
  1431,
  1842,
  4944,
  3326,
  4374,
  2753,
  3091,
  1784,
  2289,
  1479,
  1999,
  1503,
  1100,
  1922,
  4447,
  3924,
  3439,
  2218,
  4656,
  2497,
  2302,
  3781,
  2677,
  1744,
  1764,
  1206,
  2216,
  3014,
  3384,
  1930,
  2471,
  1643,
  2980,
  2074,
  1501,
  1254,
  2533,
  3862],
 [1908,
  3455,
  2445,
  1218,
  1956,
  682,
  1191,
  790,
  1569,
  626,
  3493,
  231,
  1222,
  2636,
  4118,
  3315,
  3792,
  1010,
  1193,
  4289,
  4415,
  1526,
  1319,
  1550,
  1923,
  4671,
  1273,
  1028,
  3357,
  2335,
  2288,
  0,
  2587,
  3623,
  2148,
  1798,
  497,
  2346,
  1196,
  4392,
  4370,
  366,
  817,
  4531,
  2010,
  2154,
  4105,
  2397,
  1498,
  1392,
  2425,
  2411,
  2569,
  2152,
  1135,
  1299,
  2502,
  3685,
  995,
  3101,
  2028,
  2617,
  3278,
  2376,
  7590,
  1374,
  2087,
  1660,
  3291,
  2269,
  3960,
  1424,
  2837,
  1837,
  1924,
  2874,
  713,
  1481,
  705,
  4896,
  1651,
  2294,
  2457,
  3491,
  2997,
  2362,
  2385,
  1840,
  4007,
  4657,
  4604,
  2123,
  949,
  254,
  4947,
  5047,
  3224,
  2960,
  1680,
  3696,
  1437,
  4550,
  3410,
  3963,
  2308,
  455,
  4091,
  745,
  1728,
  643,
  4142],
 [3546,
  5407,
  4397,
  4162,
  3576,
  3330,
  4022,
  2883,
  4200,
  3274,
  2117,
  2571,
  2174,
  553,
  2866,
  1889,
  3228,
  1962,
  1536,
  3313,
  2989,
  1214,
  1119,
  1238,
  1951,
  3245,
  1573,
  2390,
  1981,
  959,
  912,
  2577,
  0,
  2247,
  1219,
  1486,
  2967,
  509,
  1539,
  2966,
  3394,
  2339,
  1789,
  2627,
  1691,
  1432,
  3165,
  733,
  1468,
  1192,
  1747,
  1216,
  2147,
  1729,
  2009,
  3585,
  1579,
  2709,
  2149,
  2125,
  1559,
  1641,
  4454,
  695,
  6164,
  1450,
  2779,
  1237,
  2315,
  2961,
  2984,
  2116,
  1861,
  728,
  1139,
  4050,
  2431,
  3479,
  3353,
  3145,
  1269,
  1586,
  776,
  2053,
  1557,
  1700,
  1268,
  3552,
  3031,
  3493,
  2700,
  3761,
  1638,
  2902,
  3835,
  2731,
  1798,
  373,
  1111,
  2270,
  2119,
  3574,
  1984,
  2525,
  1114,
  2428,
  2776,
  2101,
  1159,
  1981,
  3166],
 [6254,
  5831,
  4821,
  5650,
  6302,
  4891,
  5221,
  5222,
  6695,
  4947,
  1041,
  3369,
  2972,
  2126,
  1562,
  2704,
  1924,
  2760,
  3486,
  5207,
  3804,
  3732,
  2634,
  3756,
  2749,
  4060,
  2371,
  3188,
  551,
  1445,
  1398,
  3591,
  2789,
  0,
  3132,
  3069,
  3765,
  2610,
  3489,
  3781,
  5288,
  4289,
  3739,
  1323,
  2576,
  2317,
  1861,
  2306,
  2266,
  2820,
  2694,
  2990,
  4227,
  4247,
  4527,
  6293,
  3353,
  4603,
  4667,
  4019,
  3686,
  3535,
  6534,
  3176,
  6979,
  3968,
  5297,
  3755,
  4209,
  5669,
  4878,
  4634,
  3755,
  2829,
  3216,
  6130,
  4949,
  6187,
  4896,
  3960,
  3182,
  4104,
  3218,
  2057,
  2304,
  2940,
  2923,
  6260,
  4925,
  4308,
  1396,
  6469,
  4156,
  3700,
  4650,
  3678,
  2613,
  3162,
  2604,
  3085,
  4637,
  4253,
  2799,
  3340,
  3041,
  4378,
  1472,
  2899,
  2652,
  3931,
  5060],
 [3322,
  4784,
  3774,
  2570,
  3352,
  2692,
  3399,
  2316,
  3976,
  2636,
  2571,
  1948,
  1551,
  1024,
  2632,
  1829,
  2306,
  1339,
  969,
  3642,
  2929,
  828,
  527,
  903,
  1328,
  3185,
  950,
  1767,
  2435,
  1413,
  1366,
  2010,
  975,
  2701,
  0,
  471,
  2344,
  664,
  972,
  2906,
  3723,
  1772,
  1222,
  3081,
  1481,
  1222,
  2607,
  785,
  845,
  600,
  1451,
  1441,
  1922,
  1505,
  1785,
  3361,
  1804,
  3038,
  1925,
  2454,
  1381,
  1970,
  4229,
  920,
  6104,
  1190,
  2555,
  1013,
  2644,
  2737,
  3313,
  1892,
  2190,
  953,
  1364,
  3825,
  2207,
  3255,
  2715,
  3085,
  665,
  1811,
  1001,
  1993,
  1497,
  1440,
  1493,
  3328,
  3360,
  4010,
  3106,
  3537,
  1378,
  2264,
  3775,
  2671,
  1738,
  1348,
  507,
  2210,
  1895,
  3903,
  1924,
  2465,
  510,
  1861,
  2593,
  1478,
  555,
  1414,
  3495],
 [3087,
  4784,
  3774,
  2335,
  3117,
  2457,
  2966,
  2081,
  3741,
  2401,
  2571,
  1560,
  1551,
  1024,
  2632,
  1829,
  2306,
  1339,
  734,
  3407,
  2929,
  593,
  527,
  668,
  1328,
  3185,
  950,
  1767,
  2435,
  1413,
  1366,
  1775,
  975,
  2701,
  350,
  0,
  1696,
  664,
  737,
  2906,
  3488,
  1537,
  987,
  3081,
  1481,
  1222,
  2607,
  785,
  845,
  600,
  1543,
  1529,
  1687,
  1270,
  1550,
  3126,
  1620,
  2803,
  1690,
  2219,
  1146,
  1735,
  3994,
  920,
  6104,
  955,
  2320,
  778,
  2409,
  2502,
  3078,
  1657,
  1955,
  953,
  1042,
  3590,
  1972,
  3020,
  2480,
  4014,
  430,
  1412,
  1001,
  1993,
  1497,
  1440,
  1493,
  3093,
  3125,
  3775,
  3106,
  3302,
  1143,
  2029,
  4065,
  4165,
  1738,
  1348,
  507,
  2210,
  1660,
  3668,
  1924,
  2465,
  510,
  1626,
  2593,
  1478,
  555,
  1179,
  3260],
 [2010,
  3364,
  2354,
  1320,
  2058,
  784,
  1065,
  892,
  1443,
  728,
  3349,
  264,
  747,
  2467,
  4138,
  3335,
  3812,
  866,
  1010,
  4309,
  4435,
  1546,
  1175,
  1570,
  1779,
  4691,
  1129,
  531,
  3213,
  2191,
  2144,
  247,
  2190,
  3479,
  2168,
  1818,
  0,
  1879,
  1013,
  4412,
  4390,
  613,
  673,
  3859,
  1513,
  1773,
  4125,
  2000,
  1354,
  1248,
  2445,
  2431,
  2589,
  2172,
  1382,
  1729,
  2522,
  3705,
  1242,
  3121,
  2048,
  2637,
  3380,
  2135,
  7610,
  1394,
  2334,
  1680,
  3311,
  2516,
  3980,
  1671,
  2857,
  1857,
  1944,
  2976,
  960,
  1583,
  807,
  4916,
  1671,
  2314,
  2216,
  3511,
  3017,
  2218,
  2405,
  1942,
  4027,
  4677,
  4152,
  2225,
  1196,
  356,
  4967,
  5067,
  3244,
  2563,
  1536,
  3716,
  1684,
  4570,
  3430,
  3983,
  1725,
  702,
  4008,
  601,
  1584,
  731,
  4162],
 [3305,
  4584,
  3574,
  3921,
  3335,
  3018,
  4334,
  2642,
  3959,
  2962,
  2401,
  2121,
  1351,
  558,
  2166,
  1363,
  1840,
  1632,
  1295,
  3072,
  2463,
  973,
  808,
  997,
  1621,
  2719,
  1243,
  1567,
  2265,
  1243,
  1196,
  2336,
  509,
  2531,
  908,
  845,
  2144,
  0,
  1298,
  2440,
  3153,
  2098,
  1548,
  2567,
  1999,
  1740,
  2141,
  319,
  1164,
  881,
  985,
  975,
  1906,
  1488,
  1768,
  3344,
  1338,
  2468,
  1908,
  1884,
  1318,
  1400,
  4213,
  454,
  5638,
  1209,
  2538,
  996,
  2074,
  2720,
  2743,
  1875,
  1620,
  487,
  898,
  3809,
  2190,
  3238,
  3041,
  2619,
  958,
  1345,
  535,
  1527,
  1031,
  1733,
  1027,
  3311,
  2790,
  2967,
  2640,
  3520,
  1397,
  2590,
  3309,
  2205,
  1272,
  882,
  800,
  1744,
  1878,
  3333,
  1458,
  1999,
  803,
  2187,
  2127,
  1278,
  848,
  1740,
  2925],
 [2703,
  4226,
  3216,
  1710,
  2733,
  1832,
  2341,
  1456,
  3357,
  1776,
  2792,
  1118,
  993,
  1717,
  3199,
  2396,
  2873,
  781,
  109,
  3370,
  3496,
  607,
  327,
  631,
  1222,
  3752,
  844,
  1209,
  3823,
  1634,
  1587,
  1150,
  1668,
  4089,
  1229,
  879,
  1071,
  1427,
  0,
  3473,
  3451,
  912,
  362,
  3612,
  1540,
  1453,
  3186,
  1478,
  797,
  494,
  1506,
  1492,
  1650,
  1233,
  1166,
  2742,
  1583,
  2766,
  1037,
  2182,
  1109,
  1698,
  3957,
  1457,
  6671,
  455,
  1936,
  741,
  2372,
  2118,
  3041,
  1273,
  1918,
  918,
  1005,
  3553,
  1207,
  2636,
  1855,
  3977,
  606,
  1375,
  1538,
  2572,
  2078,
  1661,
  1466,
  2709,
  3088,
  3738,
  3685,
  2918,
  643,
  1404,
  4028,
  4128,
  2305,
  2041,
  1386,
  2777,
  1276,
  3631,
  2491,
  3044,
  1389,
  1001,
  3172,
  731,
  1434,
  554,
  3223],
 [6815,
  9366,
  10012,
  7431,
  6863,
  8130,
  7844,
  7811,
  7469,
  8092,
  3905,
  5101,
  3578,
  2445,
  2149,
  1346,
  1823,
  5001,
  4329,
  1825,
  447,
  4007,
  3035,
  4031,
  3963,
  279,
  3585,
  3794,
  3415,
  2947,
  2900,
  5370,
  2666,
  3681,
  4629,
  4279,
  5291,
  2425,
  4332,
  0,
  1906,
  5132,
  4582,
  2532,
  3703,
  3444,
  2778,
  2476,
  3391,
  3108,
  2074,
  2370,
  4219,
  4522,
  4802,
  6854,
  3049,
  1633,
  4942,
  2217,
  3631,
  2701,
  7097,
  2556,
  5621,
  4243,
  5572,
  4030,
  3905,
  6230,
  1358,
  4909,
  2481,
  2560,
  2596,
  6693,
  5224,
  6748,
  8169,
  603,
  4132,
  4379,
  2438,
  2164,
  1685,
  3712,
  2303,
  6821,
  1675,
  753,
  2749,
  7030,
  4431,
  5624,
  1293,
  1143,
  1299,
  3039,
  3027,
  791,
  4912,
  896,
  1441,
  2636,
  3030,
  5221,
  2764,
  4951,
  3075,
  4774,
  1176],
 [7360,
  9911,
  10557,
  7976,
  7408,
  5177,
  8389,
  4801,
  8014,
  8637,
  4450,
  4280,
  4338,
  2990,
  2694,
  1891,
  2368,
  4126,
  3454,
  772,
  726,
  3132,
  3580,
  3156,
  4732,
  1264,
  4354,
  4554,
  3960,
  3492,
  3445,
  4495,
  3211,
  4226,
  3754,
  3404,
  4416,
  2970,
  3457,
  985,
  0,
  4257,
  3707,
  3077,
  4248,
  3989,
  3323,
  3021,
  4249,
  3653,
  2619,
  2915,
  3344,
  3647,
  3927,
  7399,
  2174,
  758,
  4067,
  1342,
  2756,
  1826,
  5651,
  2776,
  6166,
  3368,
  4697,
  3155,
  3030,
  6775,
  483,
  4034,
  1606,
  3228,
  2950,
  5247,
  4349,
  7293,
  8714,
  526,
  3257,
  3504,
  2983,
  2709,
  2230,
  4257,
  2657,
  7366,
  800,
  1124,
  3294,
  7575,
  3556,
  4749,
  577,
  1514,
  1844,
  3584,
  3911,
  1336,
  4037,
  180,
  1986,
  3181,
  3914,
  4346,
  3309,
  4076,
  3959,
  3899,
  609],
 [1488,
  3852,
  2842,
  798,
  1536,
  1079,
  1588,
  544,
  1966,
  1023,
  4087,
  628,
  1435,
  2354,
  3836,
  3033,
  3510,
  1223,
  911,
  4007,
  4133,
  1244,
  1241,
  1268,
  2844,
  4389,
  1486,
  1425,
  4460,
  2929,
  2882,
  397,
  2305,
  4726,
  1866,
  1516,
  894,
  2064,
  914,
  4110,
  4088,
  0,
  707,
  4249,
  2997,
  2738,
  3823,
  2115,
  1711,
  1408,
  2143,
  2129,
  2287,
  1870,
  769,
  933,
  2220,
  3403,
  629,
  2819,
  1746,
  2335,
  4594,
  2094,
  7308,
  1092,
  1721,
  1378,
  3009,
  1903,
  3678,
  1058,
  2555,
  1555,
  1642,
  4190,
  347,
  1061,
  1102,
  4614,
  1369,
  2012,
  2175,
  3209,
  2715,
  2956,
  2103,
  1420,
  3725,
  4375,
  4322,
  1703,
  667,
  651,
  4665,
  4765,
  2942,
  2678,
  2023,
  3414,
  1071,
  4268,
  3128,
  3681,
  2026,
  89,
  3809,
  1111,
  2071,
  361,
  3860],
 [2969,
  4255,
  3245,
  1638,
  2999,
  1760,
  2269,
  1384,
  2647,
  1704,
  3716,
  1046,
  1022,
  1983,
  3465,
  2662,
  3139,
  810,
  337,
  3636,
  3762,
  873,
  689,
  897,
  1723,
  4018,
  1073,
  1238,
  4089,
  2558,
  2511,
  1078,
  1934,
  4355,
  1495,
  1145,
  1575,
  1693,
  340,
  3739,
  3717,
  840,
  0,
  3878,
  2041,
  2367,
  3452,
  1744,
  1298,
  950,
  1772,
  1758,
  1916,
  1499,
  1432,
  3008,
  1849,
  3032,
  1303,
  2448,
  1375,
  1964,
  4223,
  1723,
  6937,
  721,
  2202,
  1007,
  2638,
  2384,
  3307,
  1539,
  2184,
  1184,
  1271,
  3819,
  1187,
  2902,
  1783,
  4243,
  998,
  1641,
  1804,
  2838,
  2344,
  2585,
  1732,
  2975,
  3354,
  4004,
  3951,
  3184,
  909,
  1332,
  4294,
  4394,
  2571,
  2307,
  1652,
  3043,
  1542,
  3897,
  2757,
  3310,
  1655,
  929,
  3438,
  741,
  1700,
  482,
  3489],
 [6685,
  7107,
  6097,
  7301,
  6733,
  8000,
  7714,
  4917,
  7339,
  7962,
  1500,
  3828,
  3431,
  2287,
  239,
  1188,
  601,
  3219,
  3570,
  3357,
  2316,
  3248,
  2877,
  3272,
  3208,
  2572,
  2830,
  3647,
  1010,
  1904,
  1857,
  4611,
  2508,
  1276,
  3870,
  3520,
  4224,
  2267,
  3573,
  2293,
  3973,
  4373,
  3823,
  0,
  2948,
  2689,
  1377,
  2318,
  2725,
  2950,
  2210,
  2506,
  3743,
  3763,
  4043,
  6724,
  2869,
  4119,
  4183,
  3535,
  3202,
  3051,
  6967,
  2692,
  5491,
  3484,
  4813,
  3271,
  3725,
  6100,
  3425,
  4150,
  3271,
  2402,
  2732,
  6563,
  4465,
  6618,
  8039,
  2472,
  3373,
  3620,
  2734,
  734,
  1527,
  2957,
  2439,
  6691,
  3742,
  2820,
  496,
  6900,
  3672,
  4865,
  3162,
  3210,
  1125,
  2881,
  3063,
  1597,
  4153,
  2765,
  1311,
  1240,
  2872,
  4462,
  1262,
  3358,
  3111,
  4015,
  3243],
 [4343,
  4114,
  3104,
  2756,
  4373,
  2220,
  2601,
  2328,
  4978,
  2164,
  2373,
  1700,
  907,
  1500,
  3122,
  2607,
  3484,
  1298,
  1990,
  4663,
  3707,
  1849,
  1172,
  1924,
  317,
  3963,
  909,
  1153,
  2458,
  1215,
  1168,
  1683,
  2163,
  2384,
  1636,
  1573,
  1546,
  1984,
  1499,
  3684,
  4744,
  2049,
  2243,
  2883,
  0,
  280,
  3421,
  1680,
  960,
  1609,
  2465,
  2785,
  2943,
  2526,
  2806,
  4382,
  2876,
  4059,
  2946,
  3475,
  2402,
  2991,
  5250,
  2170,
  6882,
  2211,
  3576,
  2034,
  3665,
  3758,
  4334,
  2913,
  3211,
  2211,
  2298,
  4846,
  3228,
  4276,
  2243,
  3863,
  1686,
  2668,
  2251,
  2771,
  2275,
  828,
  2759,
  4349,
  4381,
  5031,
  3176,
  4558,
  2399,
  1792,
  5321,
  5421,
  2516,
  2536,
  1142,
  2988,
  2916,
  4924,
  2702,
  3243,
  1545,
  2138,
  3032,
  1437,
  1190,
  2053,
  4516],
 [4083,
  4373,
  3363,
  3015,
  4113,
  2479,
  2860,
  2587,
  5237,
  2423,
  2113,
  1788,
  1391,
  1240,
  2862,
  2347,
  3224,
  1179,
  1730,
  4403,
  3447,
  1589,
  1053,
  1664,
  576,
  3703,
  790,
  1412,
  2198,
  955,
  908,
  1942,
  1903,
  2124,
  1376,
  1313,
  1805,
  1724,
  1380,
  3424,
  4484,
  2533,
  1983,
  2623,
  259,
  0,
  3161,
  1420,
  685,
  1349,
  2205,
  2525,
  2683,
  2266,
  2546,
  4122,
  2616,
  3799,
  2686,
  3215,
  2142,
  2731,
  4990,
  1910,
  6622,
  1951,
  3316,
  1774,
  3405,
  3498,
  4074,
  2653,
  2951,
  1951,
  2038,
  4586,
  2968,
  4016,
  2502,
  3603,
  1426,
  2408,
  1991,
  2511,
  2015,
  568,
  2499,
  4089,
  4121,
  4771,
  2916,
  4298,
  2139,
  2051,
  5061,
  5161,
  2256,
  2276,
  1023,
  2728,
  2656,
  4664,
  2442,
  2983,
  1285,
  2622,
  2772,
  1318,
  1071,
  2175,
  4256],
 [6312,
  8863,
  9509,
  6928,
  6360,
  3916,
  7341,
  3540,
  6966,
  3860,
  2748,
  3019,
  2336,
  1203,
  1646,
  843,
  1320,
  2865,
  2193,
  3346,
  1943,
  1871,
  1793,
  1895,
  2721,
  2199,
  2343,
  2552,
  2258,
  1705,
  1658,
  3234,
  1424,
  2524,
  2493,
  2143,
  3155,
  1183,
  2196,
  1920,
  3427,
  2996,
  2446,
  2047,
  2461,
  2202,
  0,
  1234,
  2149,
  1866,
  833,
  1129,
  2366,
  2386,
  2666,
  6351,
  1492,
  2742,
  2806,
  2158,
  1825,
  1674,
  4673,
  1315,
  5118,
  2107,
  3436,
  1894,
  2348,
  5727,
  3017,
  2773,
  1894,
  1318,
  1355,
  4269,
  3088,
  6245,
  7666,
  2099,
  1996,
  2243,
  1357,
  1007,
  443,
  2470,
  1062,
  6318,
  3064,
  2447,
  2120,
  6527,
  2295,
  3488,
  2789,
  1817,
  752,
  1797,
  1785,
  1224,
  2776,
  2392,
  938,
  1479,
  1788,
  3085,
  1561,
  2796,
  1833,
  2638,
  3199],
 [3371,
  5777,
  4392,
  3987,
  3401,
  3084,
  4400,
  2708,
  4025,
  3028,
  2088,
  2187,
  2169,
  245,
  2314,
  1511,
  1988,
  1957,
  1361,
  3882,
  2611,
  1039,
  944,
  1063,
  1946,
  2867,
  1568,
  2385,
  1952,
  930,
  883,
  2402,
  513,
  2218,
  1044,
  1311,
  2962,
  334,
  1271,
  2588,
  3963,
  2164,
  1614,
  2598,
  1686,
  1427,
  2289,
  0,
  1463,
  1017,
  1369,
  1665,
  2149,
  1554,
  1834,
  3410,
  2028,
  3278,
  1974,
  2694,
  1608,
  2210,
  4456,
  520,
  5786,
  1275,
  2604,
  1062,
  2884,
  2786,
  3553,
  1941,
  2430,
  553,
  927,
  4052,
  2256,
  3304,
  3107,
  2767,
  1094,
  1411,
  601,
  1675,
  1179,
  1695,
  1598,
  3377,
  3600,
  3115,
  2788,
  3586,
  1463,
  2656,
  3457,
  2353,
  1420,
  886,
  936,
  1892,
  1944,
  3060,
  1606,
  2147,
  939,
  2253,
  2275,
  2096,
  984,
  1806,
  3538],
 [3618,
  4441,
  3431,
  2866,
  3648,
  2364,
  3056,
  2472,
  4272,
  2308,
  1995,
  1605,
  1208,
  1113,
  2744,
  2220,
  3106,
  996,
  1265,
  3938,
  3320,
  1124,
  811,
  1199,
  985,
  3576,
  607,
  1424,
  1859,
  837,
  790,
  1827,
  1536,
  2125,
  911,
  848,
  2001,
  1225,
  1138,
  3297,
  4019,
  2068,
  1518,
  2505,
  905,
  646,
  3043,
  1293,
  0,
  884,
  2074,
  2060,
  2218,
  1801,
  2081,
  3657,
  2151,
  3334,
  2221,
  2750,
  1677,
  2266,
  4525,
  1481,
  6495,
  1486,
  2851,
  1309,
  2940,
  3033,
  3609,
  2188,
  2486,
  1486,
  1573,
  4121,
  2503,
  3551,
  2387,
  4545,
  961,
  1943,
  1562,
  2384,
  1888,
  864,
  2034,
  3624,
  3656,
  4306,
  2798,
  3833,
  1674,
  1936,
  4596,
  4696,
  2129,
  1909,
  383,
  2601,
  2191,
  4199,
  2315,
  2856,
  820,
  2157,
  2654,
  1135,
  957,
  1710,
  3791],
 [3238,
  5644,
  3741,
  2486,
  3268,
  2608,
  3117,
  2232,
  3892,
  2552,
  2538,
  1711,
  1518,
  991,
  2599,
  1796,
  2273,
  1306,
  885,
  3558,
  2896,
  744,
  482,
  819,
  1295,
  3152,
  917,
  1734,
  2402,
  1380,
  1333,
  1926,
  942,
  2668,
  531,
  468,
  1847,
  631,
  888,
  2873,
  3639,
  1688,
  1138,
  3000,
  1448,
  1189,
  2574,
  752,
  812,
  0,
  1694,
  1680,
  1838,
  1421,
  1701,
  3277,
  1771,
  2954,
  1841,
  2370,
  1297,
  1886,
  4145,
  887,
  6071,
  1106,
  2471,
  929,
  2560,
  2653,
  3229,
  1808,
  2106,
  920,
  1193,
  3741,
  2123,
  3171,
  2631,
  3052,
  581,
  1563,
  968,
  1960,
  1464,
  1407,
  1654,
  3244,
  3276,
  3926,
  3073,
  3453,
  1294,
  2180,
  4216,
  4316,
  1705,
  1315,
  474,
  2177,
  1811,
  3819,
  1891,
  2432,
  477,
  1777,
  2560,
  1445,
  522,
  1330,
  3411],
 [3560,
  6111,
  6757,
  4176,
  3608,
  3083,
  4589,
  2707,
  4214,
  3027,
  3420,
  2186,
  2244,
  1224,
  2306,
  1503,
  1980,
  2032,
  1360,
  2513,
  3320,
  1038,
  1837,
  1062,
  2638,
  2859,
  2260,
  2460,
  2930,
  1909,
  1862,
  2401,
  1175,
  3196,
  1660,
  1310,
  2322,
  934,
  1363,
  2580,
  2594,
  2163,
  1613,
  2719,
  2665,
  2532,
  2293,
  985,
  2155,
  1910,
  0,
  296,
  1533,
  1553,
  1833,
  3599,
  659,
  1909,
  1973,
  1325,
  992,
  841,
  3840,
  482,
  5778,
  1274,
  2603,
  1061,
  1515,
  2975,
  2184,
  1940,
  1061,
  1134,
  522,
  3436,
  2255,
  3493,
  4914,
  3120,
  1163,
  1410,
  1046,
  1679,
  1185,
  2750,
  229,
  3566,
  2231,
  2881,
  2792,
  3775,
  1462,
  2655,
  3171,
  3271,
  1412,
  1548,
  1817,
  1884,
  1943,
  2774,
  1598,
  2151,
  1820,
  2252,
  2279,
  1963,
  1865,
  1805,
  2366],
 [3560,
  6111,
  6757,
  4176,
  3608,
  3366,
  4589,
  2990,
  4214,
  3310,
  3531,
  2469,
  2527,
  2216,
  2417,
  1614,
  2091,
  2315,
  1643,
  2217,
  3024,
  1321,
  2120,
  1345,
  2921,
  3543,
  2543,
  2743,
  3041,
  2901,
  2854,
  2684,
  2167,
  3307,
  1943,
  1593,
  2605,
  1926,
  1646,
  3264,
  2298,
  2446,
  1896,
  2830,
  3074,
  2815,
  2404,
  1977,
  2438,
  2193,
  724,
  0,
  1533,
  1836,
  2116,
  3599,
  363,
  1613,
  2256,
  1029,
  945,
  545,
  3840,
  611,
  5889,
  1557,
  2886,
  1344,
  1219,
  2975,
  1888,
  2223,
  765,
  1417,
  651,
  3436,
  2538,
  3493,
  4914,
  2824,
  1446,
  1693,
  1175,
  1790,
  1296,
  3033,
  908,
  3566,
  1935,
  2585,
  2903,
  3775,
  1745,
  2938,
  2875,
  2975,
  1523,
  2540,
  2100,
  1995,
  2226,
  2478,
  1709,
  2262,
  2103,
  2535,
  2390,
  2246,
  2148,
  2088,
  2070],
 [3087,
  5638,
  6284,
  3703,
  3135,
  2893,
  4116,
  2517,
  3741,
  2837,
  3922,
  1996,
  2054,
  1743,
  2808,
  2005,
  2482,
  1842,
  1170,
  2691,
  3498,
  848,
  1647,
  872,
  2448,
  4017,
  2070,
  2270,
  3432,
  2428,
  2381,
  2211,
  1694,
  3698,
  1470,
  1120,
  2132,
  1453,
  1173,
  3738,
  2772,
  1973,
  1423,
  3221,
  2601,
  2342,
  2795,
  1504,
  1965,
  1720,
  1115,
  1101,
  0,
  1363,
  1643,
  3126,
  904,
  2087,
  1783,
  1503,
  430,
  1019,
  3367,
  1002,
  6280,
  1084,
  2413,
  871,
  1693,
  2502,
  2362,
  1750,
  1239,
  944,
  620,
  2963,
  2065,
  3020,
  4441,
  3298,
  973,
  1220,
  1564,
  2181,
  1687,
  2560,
  1387,
  3093,
  2409,
  3059,
  3294,
  3302,
  1272,
  2465,
  3349,
  3449,
  1914,
  2067,
  1627,
  2386,
  1753,
  2952,
  2100,
  2653,
  1630,
  2062,
  2781,
  1773,
  1675,
  1615,
  2544],
 [2504,
  4910,
  5556,
  1911,
  2534,
  2033,
  2542,
  1657,
  3158,
  1977,
  4149,
  1319,
  1359,
  1553,
  3035,
  2232,
  2709,
  1147,
  475,
  3206,
  4013,
  658,
  805,
  832,
  2408,
  3588,
  2030,
  1575,
  3659,
  2238,
  2191,
  1351,
  1504,
  3925,
  1430,
  1080,
  1848,
  1263,
  478,
  3309,
  3287,
  1113,
  728,
  3448,
  2561,
  2302,
  3022,
  1314,
  1925,
  972,
  1342,
  1328,
  1486,
  0,
  872,
  2543,
  1419,
  2602,
  732,
  2018,
  945,
  1534,
  3793,
  1293,
  6507,
  150,
  1737,
  523,
  2208,
  1919,
  2877,
  1074,
  1754,
  754,
  841,
  3389,
  902,
  2437,
  2056,
  3813,
  933,
  829,
  1374,
  2408,
  1914,
  2520,
  1302,
  2510,
  2924,
  3574,
  3521,
  2719,
  338,
  1605,
  3864,
  3964,
  2141,
  1877,
  1587,
  2613,
  1077,
  3467,
  2327,
  2880,
  1590,
  1202,
  3008,
  1097,
  1635,
  755,
  3059],
 [1719,
  4125,
  4771,
  2335,
  1749,
  1759,
  2748,
  1383,
  2373,
  1703,
  4679,
  1308,
  1999,
  2083,
  3565,
  2762,
  3239,
  1787,
  1115,
  3736,
  4543,
  1244,
  2403,
  1268,
  2844,
  4118,
  2466,
  2215,
  4189,
  2768,
  2721,
  1077,
  2034,
  4455,
  1866,
  1516,
  1574,
  1793,
  1118,
  3839,
  3817,
  839,
  1155,
  3978,
  3524,
  3265,
  3552,
  1844,
  2759,
  2476,
  1872,
  1858,
  2016,
  718,
  0,
  1758,
  1949,
  3132,
  140,
  2548,
  1475,
  2064,
  2882,
  1823,
  7037,
  664,
  952,
  947,
  2738,
  1134,
  3407,
  289,
  2284,
  1284,
  1371,
  2478,
  422,
  1652,
  3073,
  4343,
  1369,
  1278,
  1904,
  2938,
  2444,
  2956,
  1832,
  1725,
  3454,
  4104,
  4051,
  1934,
  476,
  1331,
  4394,
  4494,
  2671,
  2407,
  2023,
  3143,
  302,
  3997,
  2857,
  3410,
  2026,
  928,
  3538,
  1737,
  2071,
  809,
  3589],
 [2237,
  4643,
  5289,
  1211,
  2267,
  1885,
  3266,
  1449,
  2891,
  1829,
  4444,
  1434,
  2183,
  2601,
  4083,
  3280,
  3757,
  1971,
  1299,
  4254,
  5061,
  1762,
  1629,
  1786,
  3362,
  4636,
  2984,
  2399,
  4707,
  3286,
  3239,
  1203,
  2552,
  4973,
  2384,
  2034,
  1700,
  2311,
  1302,
  4357,
  4335,
  965,
  1339,
  4496,
  4042,
  3783,
  3933,
  2362,
  3277,
  1796,
  2390,
  2376,
  2534,
  1236,
  518,
  0,
  2467,
  3650,
  378,
  3066,
  1993,
  2582,
  3400,
  2341,
  7555,
  848,
  1470,
  1465,
  3256,
  1652,
  3925,
  807,
  2802,
  1802,
  1889,
  2996,
  548,
  1474,
  1908,
  4861,
  1887,
  1796,
  2422,
  3458,
  2962,
  3474,
  2350,
  2243,
  3972,
  4622,
  4569,
  2452,
  660,
  1457,
  4912,
  5012,
  3189,
  2925,
  2541,
  3661,
  820,
  4515,
  3375,
  3928,
  2544,
  1054,
  4056,
  1921,
  2589,
  993,
  4107],
 [3197,
  5748,
  6394,
  3813,
  3245,
  3003,
  4226,
  2627,
  3851,
  2947,
  3522,
  2106,
  2164,
  1853,
  2408,
  1605,
  2082,
  1952,
  1280,
  2336,
  3143,
  958,
  1757,
  982,
  2558,
  2961,
  2180,
  2380,
  3032,
  2538,
  2491,
  2321,
  1804,
  3298,
  1580,
  1230,
  2363,
  1563,
  1283,
  2682,
  2417,
  2083,
  1533,
  2821,
  2711,
  2452,
  2395,
  1614,
  2075,
  1830,
  715,
  701,
  1170,
  1473,
  1753,
  3236,
  0,
  1732,
  1893,
  1148,
  582,
  664,
  3477,
  602,
  5880,
  1194,
  2523,
  981,
  1338,
  2612,
  2007,
  1860,
  884,
  1054,
  642,
  3073,
  2175,
  3130,
  4551,
  2943,
  1083,
  1330,
  1166,
  1781,
  1287,
  2670,
  1032,
  3203,
  2054,
  2704,
  2894,
  3412,
  1382,
  2575,
  2994,
  3094,
  1514,
  2177,
  1737,
  1986,
  1863,
  2597,
  1700,
  2253,
  1740,
  2172,
  2381,
  1902,
  1785,
  1725,
  2189],
 [4613,
  7164,
  7810,
  5229,
  4661,
  4419,
  5642,
  4043,
  5267,
  4363,
  4746,
  3522,
  3580,
  3271,
  3379,
  2576,
  3053,
  3368,
  2696,
  604,
  1411,
  2374,
  3173,
  2398,
  3974,
  1930,
  3596,
  3796,
  4256,
  3954,
  3907,
  3737,
  3220,
  4522,
  2996,
  2646,
  3779,
  2979,
  2699,
  1651,
  685,
  3499,
  2949,
  4045,
  4127,
  3868,
  3619,
  3030,
  3491,
  3246,
  1939,
  1966,
  2586,
  2889,
  3169,
  4652,
  1416,
  0,
  3309,
  584,
  1998,
  1068,
  4893,
  2018,
  6851,
  2610,
  3939,
  2397,
  2272,
  4028,
  275,
  3276,
  848,
  2470,
  2192,
  4489,
  3591,
  4546,
  5967,
  1211,
  2499,
  2746,
  2582,
  3005,
  2511,
  4086,
  1899,
  4619,
  322,
  972,
  4118,
  4828,
  2798,
  3991,
  1262,
  1362,
  2738,
  3593,
  3153,
  2021,
  3279,
  865,
  2671,
  3477,
  3156,
  3588,
  3605,
  3318,
  3201,
  3141,
  457],
 [1859,
  4265,
  4911,
  2475,
  1889,
  1619,
  2888,
  1243,
  2513,
  1563,
  4066,
  1168,
  1917,
  2223,
  3705,
  2902,
  3379,
  1705,
  1033,
  3876,
  4683,
  1384,
  1363,
  1408,
  2984,
  4258,
  2606,
  2133,
  4329,
  2908,
  2861,
  937,
  2174,
  4595,
  2006,
  1656,
  1434,
  1933,
  1036,
  3979,
  3957,
  699,
  1073,
  4118,
  3664,
  3405,
  3555,
  1984,
  2899,
  2616,
  2012,
  1998,
  2156,
  858,
  140,
  1898,
  2089,
  3272,
  0,
  2688,
  1615,
  2204,
  3022,
  1963,
  7177,
  582,
  1092,
  1087,
  2878,
  1274,
  3547,
  429,
  2424,
  1424,
  1511,
  2618,
  282,
  1792,
  3213,
  4483,
  1509,
  1418,
  2044,
  3078,
  2584,
  3096,
  1972,
  1865,
  3594,
  4244,
  4191,
  2074,
  394,
  1191,
  4534,
  4634,
  2811,
  2547,
  2163,
  3283,
  442,
  4137,
  2997,
  3550,
  2166,
  788,
  3678,
  1655,
  2211,
  727,
  3729],
 [4029,
  6580,
  7226,
  4645,
  4077,
  3835,
  5058,
  3459,
  4683,
  3779,
  4162,
  2938,
  2996,
  2687,
  3048,
  2245,
  2722,
  2784,
  2112,
  1188,
  1995,
  1790,
  2589,
  1814,
  3390,
  2514,
  3012,
  3212,
  3672,
  3370,
  3323,
  3153,
  2636,
  3938,
  2412,
  2062,
  3195,
  2395,
  2115,
  2235,
  1269,
  2915,
  2365,
  3461,
  3543,
  3284,
  3035,
  2446,
  2907,
  2662,
  1355,
  1382,
  2002,
  2305,
  2585,
  4068,
  832,
  584,
  2725,
  0,
  1414,
  484,
  4309,
  1434,
  6520,
  2026,
  3355,
  1813,
  190,
  3444,
  859,
  2692,
  264,
  1886,
  1474,
  3905,
  3007,
  3962,
  5383,
  1795,
  1915,
  2162,
  1998,
  2421,
  1927,
  3502,
  1315,
  4035,
  906,
  1556,
  3534,
  4244,
  2214,
  3407,
  1846,
  1946,
  2154,
  3009,
  2569,
  2626,
  2695,
  1449,
  2340,
  2893,
  2572,
  3004,
  3021,
  2734,
  2617,
  2557,
  1041],
 [3167,
  5718,
  6364,
  3783,
  3215,
  2973,
  4196,
  2597,
  3821,
  2917,
  3492,
  2076,
  2134,
  2017,
  2378,
  1575,
  2052,
  1922,
  1250,
  2261,
  3068,
  928,
  1727,
  952,
  2528,
  2931,
  2150,
  2350,
  3002,
  1999,
  1952,
  2291,
  1265,
  3268,
  1550,
  1200,
  2333,
  1024,
  1253,
  2652,
  2342,
  2053,
  1503,
  2791,
  2681,
  2422,
  2365,
  1075,
  2045,
  1800,
  685,
  671,
  1140,
  1443,
  1723,
  3206,
  474,
  1657,
  1863,
  1073,
  0,
  589,
  3447,
  572,
  5850,
  1164,
  2493,
  951,
  1263,
  2582,
  1932,
  1830,
  809,
  1024,
  612,
  3043,
  2145,
  3100,
  4521,
  2868,
  1053,
  1300,
  1136,
  1751,
  1257,
  2640,
  645,
  3173,
  1979,
  2629,
  2864,
  3382,
  1352,
  2545,
  2919,
  3019,
  1484,
  2147,
  1707,
  1956,
  1833,
  2522,
  1670,
  2223,
  1710,
  2142,
  2351,
  1872,
  1755,
  1695,
  2114],
 [3545,
  6096,
  6742,
  4161,
  3593,
  3351,
  4574,
  2975,
  4199,
  3295,
  3678,
  2454,
  2512,
  2201,
  2564,
  1761,
  2238,
  2300,
  1628,
  1672,
  2479,
  1306,
  2105,
  1330,
  2906,
  2998,
  2528,
  2728,
  3188,
  2886,
  2839,
  2669,
  2152,
  3454,
  1928,
  1578,
  2711,
  1911,
  1631,
  2719,
  1753,
  2431,
  1881,
  2977,
  3059,
  2800,
  2551,
  1962,
  2423,
  2178,
  871,
  898,
  1518,
  1821,
  2101,
  3584,
  348,
  1068,
  2241,
  484,
  930,
  0,
  3825,
  950,
  6036,
  1542,
  2871,
  1329,
  674,
  2960,
  1343,
  2208,
  220,
  1402,
  990,
  3421,
  2523,
  3478,
  4899,
  2279,
  1431,
  1678,
  1514,
  1937,
  1443,
  3018,
  831,
  3551,
  1390,
  2040,
  3050,
  3760,
  1730,
  2923,
  2330,
  2430,
  1670,
  2525,
  2085,
  2142,
  2211,
  1933,
  1856,
  2409,
  2088,
  2520,
  2537,
  2250,
  2133,
  2073,
  1525],
 [2502,
  5053,
  5699,
  3118,
  2550,
  3817,
  3531,
  3498,
  3156,
  3779,
  4367,
  2441,
  2499,
  2188,
  3253,
  2450,
  2927,
  2287,
  1615,
  3136,
  3943,
  1293,
  2092,
  1317,
  2893,
  3806,
  2515,
  2715,
  3877,
  2873,
  2826,
  2656,
  2139,
  4143,
  1915,
  1565,
  2698,
  1898,
  1618,
  3527,
  3217,
  2418,
  1868,
  3666,
  3046,
  2787,
  3240,
  1949,
  2410,
  2165,
  1560,
  1546,
  445,
  1808,
  2088,
  2541,
  1349,
  2532,
  2228,
  1948,
  875,
  1464,
  0,
  1447,
  6725,
  1529,
  2858,
  1316,
  2138,
  1917,
  2807,
  2195,
  1684,
  1389,
  1065,
  2378,
  2510,
  2435,
  3856,
  3743,
  1418,
  1665,
  2009,
  2626,
  2132,
  3005,
  1520,
  2508,
  2854,
  3504,
  3739,
  2717,
  1717,
  2910,
  3794,
  3894,
  2359,
  2512,
  2072,
  2831,
  2198,
  3397,
  2545,
  3098,
  2075,
  2507,
  3226,
  2237,
  2120,
  2060,
  2989],
 [3479,
  6030,
  3828,
  4095,
  3527,
  2989,
  4508,
  2613,
  4133,
  2933,
  2585,
  2092,
  1605,
  742,
  2195,
  1392,
  1869,
  1886,
  1266,
  2943,
  2492,
  944,
  1062,
  968,
  1875,
  2748,
  1497,
  1821,
  2449,
  1427,
  1380,
  2307,
  693,
  2715,
  1162,
  1216,
  2349,
  452,
  1269,
  2469,
  3024,
  2069,
  1519,
  2641,
  2183,
  1924,
  2215,
  503,
  1418,
  1135,
  430,
  726,
  1452,
  1459,
  1739,
  3518,
  1089,
  2339,
  1879,
  1755,
  1002,
  1271,
  3759,
  0,
  5667,
  1180,
  2509,
  967,
  1945,
  2894,
  2614,
  1846,
  1491,
  587,
  532,
  3355,
  2161,
  3412,
  4833,
  3550,
  1212,
  1316,
  564,
  1601,
  1107,
  1987,
  659,
  3485,
  2661,
  3311,
  2714,
  3694,
  1368,
  2561,
  3601,
  1946,
  1301,
  1066,
  1054,
  1773,
  1849,
  3204,
  1487,
  2073,
  1057,
  2158,
  2201,
  1532,
  1102,
  1711,
  2796],
 [1194,
  3745,
  4391,
  1810,
  1242,
  2087,
  2223,
  2190,
  1848,
  2471,
  7726,
  2488,
  3975,
  3664,
  6122,
  3932,
  5796,
  3763,
  3091,
  4612,
  5419,
  2769,
  3568,
  2793,
  4369,
  5288,
  3991,
  4191,
  7236,
  4349,
  4302,
  2257,
  3615,
  7502,
  3391,
  3041,
  3120,
  3374,
  3094,
  5009,
  4693,
  2019,
  3344,
  6505,
  4522,
  4263,
  4722,
  3425,
  3886,
  3641,
  3042,
  3028,
  1921,
  3284,
  2375,
  1233,
  2825,
  4008,
  2515,
  3424,
  2351,
  2940,
  1476,
  2923,
  0,
  3005,
  1469,
  2792,
  3614,
  609,
  4283,
  2169,
  3160,
  2865,
  2541,
  1072,
  1762,
  1127,
  2548,
  5219,
  2894,
  3141,
  3485,
  4108,
  3614,
  4481,
  3002,
  1200,
  4330,
  4980,
  6722,
  1409,
  3193,
  2511,
  5270,
  5370,
  3835,
  3988,
  3548,
  4313,
  2461,
  4873,
  4027,
  4580,
  3551,
  2108,
  4708,
  3713,
  3596,
  3536,
  4465],
 [2374,
  4780,
  5426,
  1887,
  2404,
  2009,
  2518,
  1633,
  3028,
  1953,
  3372,
  1295,
  1335,
  1529,
  3011,
  2208,
  2685,
  1123,
  451,
  3182,
  3308,
  634,
  781,
  808,
  2384,
  3564,
  2006,
  1551,
  3236,
  2214,
  2167,
  1327,
  1480,
  3502,
  1406,
  1056,
  1824,
  1239,
  454,
  3285,
  3263,
  1089,
  704,
  3424,
  2537,
  2278,
  2998,
  1290,
  1901,
  948,
  1318,
  1304,
  1462,
  483,
  722,
  2413,
  1667,
  2578,
  582,
  1994,
  921,
  1510,
  3769,
  1269,
  6483,
  0,
  1607,
  499,
  2184,
  1789,
  2853,
  944,
  1730,
  730,
  817,
  3365,
  752,
  2307,
  2032,
  3789,
  909,
  1162,
  1350,
  2384,
  1890,
  2496,
  1278,
  2380,
  2900,
  3550,
  3497,
  2589,
  188,
  1581,
  3840,
  2729,
  2117,
  1853,
  1563,
  2589,
  947,
  3443,
  2303,
  2856,
  1566,
  1178,
  2984,
  1073,
  1611,
  731,
  3035],
 [984,
  3173,
  3819,
  1613,
  797,
  2299,
  2013,
  2432,
  1638,
  2261,
  4790,
  2388,
  5333,
  2947,
  4429,
  3626,
  4103,
  3102,
  2430,
  5066,
  4726,
  2108,
  3267,
  2132,
  3708,
  4982,
  3330,
  5117,
  4654,
  3632,
  3585,
  2157,
  2898,
  4920,
  2730,
  2380,
  2910,
  2657,
  2478,
  4703,
  5147,
  1919,
  2683,
  4842,
  5423,
  4129,
  4416,
  2708,
  3623,
  3340,
  2736,
  2722,
  2375,
  1582,
  1080,
  1036,
  3085,
  4462,
  1220,
  3878,
  2805,
  3394,
  1930,
  2687,
  7901,
  2150,
  0,
  1811,
  4068,
  412,
  4737,
  874,
  3614,
  2148,
  2235,
  1526,
  1502,
  930,
  2338,
  5673,
  2233,
  2142,
  2768,
  3802,
  3308,
  3820,
  2696,
  1003,
  4784,
  5434,
  4915,
  1199,
  1556,
  2411,
  5724,
  4147,
  3535,
  3271,
  2887,
  4007,
  1166,
  5327,
  3721,
  4274,
  2890,
  2008,
  4402,
  3052,
  2935,
  1889,
  4919],
 [2309,
  4715,
  5361,
  2925,
  2339,
  2517,
  3338,
  2141,
  2963,
  2461,
  3282,
  1803,
  1843,
  1439,
  2921,
  2118,
  2595,
  1631,
  959,
  3092,
  3218,
  600,
  1759,
  624,
  2200,
  3474,
  1822,
  2059,
  3146,
  2124,
  2077,
  1835,
  1390,
  3412,
  1222,
  872,
  2332,
  1149,
  962,
  3195,
  3173,
  1597,
  1212,
  3334,
  2880,
  2621,
  2908,
  1200,
  2115,
  1832,
  1228,
  1214,
  1372,
  492,
  772,
  2348,
  1577,
  2488,
  912,
  1904,
  831,
  1420,
  3679,
  1179,
  6393,
  634,
  1542,
  0,
  2094,
  1724,
  2763,
  879,
  1640,
  640,
  727,
  3275,
  1194,
  2242,
  3663,
  3374,
  725,
  634,
  1260,
  2294,
  1800,
  2312,
  1188,
  2315,
  2810,
  3460,
  3407,
  2524,
  822,
  2089,
  3750,
  2639,
  2027,
  1763,
  1379,
  2499,
  882,
  3353,
  2213,
  2766,
  1382,
  1686,
  2894,
  1581,
  1427,
  1239,
  2945],
 [5245,
  7796,
  8442,
  5861,
  5293,
  5051,
  6274,
  4675,
  5899,
  4995,
  5198,
  4154,
  4212,
  3721,
  3797,
  2994,
  3471,
  4000,
  3328,
  1022,
  1829,
  3006,
  4311,
  3030,
  4606,
  2348,
  4228,
  4428,
  4708,
  4223,
  4176,
  4369,
  3942,
  4974,
  3628,
  3278,
  4411,
  3682,
  3331,
  2069,
  1103,
  4131,
  3581,
  4180,
  4979,
  4720,
  4071,
  3752,
  4123,
  4365,
  3278,
  3574,
  3218,
  3521,
  3801,
  5284,
  2048,
  418,
  3941,
  1216,
  2630,
  1700,
  5525,
  2650,
  7269,
  3242,
  4571,
  3029,
  0,
  4660,
  693,
  3908,
  1480,
  3102,
  2778,
  5121,
  4223,
  5178,
  6599,
  1629,
  3131,
  3378,
  3714,
  3457,
  2961,
  4988,
  2531,
  5251,
  740,
  1390,
  4397,
  5460,
  3430,
  4623,
  1680,
  1780,
  3188,
  4296,
  3785,
  2439,
  3911,
  1283,
  3089,
  3929,
  3788,
  4220,
  4057,
  3950,
  3833,
  3773,
  875],
 [585,
  3136,
  3782,
  1201,
  633,
  1478,
  1614,
  1581,
  1239,
  1862,
  5476,
  1879,
  5296,
  3633,
  7014,
  4521,
  6688,
  5634,
  3680,
  5201,
  6008,
  3358,
  3991,
  3382,
  5422,
  5877,
  4580,
  5080,
  5948,
  4318,
  4271,
  1648,
  3584,
  6214,
  3980,
  3630,
  2511,
  3343,
  3683,
  5598,
  5282,
  1410,
  1958,
  5737,
  5386,
  5646,
  5311,
  3394,
  4475,
  4026,
  3631,
  3617,
  2510,
  2268,
  1142,
  624,
  3414,
  4597,
  1002,
  4013,
  2940,
  3529,
  2065,
  3512,
  8796,
  1472,
  860,
  2497,
  4203,
  0,
  4872,
  1560,
  3749,
  2834,
  3130,
  1661,
  1153,
  518,
  1939,
  5808,
  3483,
  2828,
  3454,
  4697,
  4203,
  5070,
  3591,
  591,
  4919,
  5569,
  5810,
  800,
  1284,
  1902,
  5859,
  5959,
  4430,
  3957,
  4137,
  4902,
  1852,
  5462,
  4616,
  5169,
  4140,
  1499,
  5297,
  2165,
  4185,
  1612,
  5054],
 [4888,
  7439,
  8085,
  5504,
  4936,
  4694,
  5917,
  4318,
  5542,
  4638,
  4505,
  3797,
  3855,
  3028,
  3242,
  2439,
  2916,
  3643,
  2971,
  467,
  1274,
  2649,
  3282,
  2673,
  4249,
  1655,
  3871,
  4071,
  4015,
  3530,
  3483,
  4012,
  3495,
  4281,
  3271,
  2921,
  4054,
  3254,
  2974,
  1376,
  548,
  3774,
  3224,
  3804,
  4286,
  4027,
  3378,
  3305,
  3766,
  3521,
  2214,
  2241,
  2861,
  3164,
  3444,
  4927,
  1691,
  275,
  3584,
  859,
  2273,
  1343,
  5168,
  2293,
  6714,
  2885,
  4214,
  2672,
  2547,
  4303,
  0,
  3551,
  1123,
  2745,
  2421,
  4764,
  3866,
  4821,
  6242,
  1074,
  2774,
  3021,
  2857,
  2764,
  2268,
  4361,
  2174,
  4894,
  317,
  697,
  3877,
  5103,
  3073,
  4266,
  1125,
  1087,
  2495,
  3868,
  3428,
  1884,
  3554,
  728,
  2534,
  3236,
  3431,
  3863,
  3364,
  3593,
  3476,
  3416,
  182],
 [1430,
  3836,
  4482,
  2046,
  1460,
  2323,
  2459,
  2426,
  2084,
  2707,
  5279,
  2877,
  3803,
  3436,
  4918,
  4115,
  4592,
  3591,
  2919,
  5089,
  5215,
  2597,
  3756,
  2621,
  4197,
  5471,
  3819,
  5780,
  5143,
  4121,
  4074,
  2646,
  3387,
  5409,
  3219,
  2869,
  3143,
  3146,
  2967,
  5192,
  5170,
  2408,
  3172,
  5331,
  4877,
  4618,
  4905,
  3197,
  4112,
  3829,
  3225,
  3211,
  3038,
  2071,
  1569,
  1469,
  3574,
  4485,
  1709,
  3901,
  2828,
  3417,
  2593,
  3176,
  8390,
  2639,
  663,
  2300,
  4091,
  845,
  4760,
  0,
  3637,
  2637,
  2724,
  2189,
  1991,
  1363,
  2784,
  5696,
  2722,
  2631,
  3257,
  4291,
  3797,
  4309,
  3185,
  1436,
  4807,
  5457,
  5404,
  1645,
  2045,
  2900,
  5747,
  4636,
  4024,
  3760,
  3376,
  4496,
  1655,
  5350,
  4210,
  4763,
  3379,
  2497,
  4891,
  3541,
  3424,
  2378,
  4942],
 [3765,
  6316,
  6962,
  4381,
  3813,
  3571,
  4794,
  3195,
  4419,
  3515,
  3898,
  2674,
  2732,
  2423,
  2784,
  1981,
  2458,
  2520,
  1848,
  1452,
  2259,
  1526,
  2159,
  1550,
  3126,
  2778,
  2748,
  2948,
  3408,
  3106,
  3059,
  2889,
  2372,
  3674,
  2148,
  1798,
  2931,
  2131,
  1851,
  2499,
  1533,
  2651,
  2101,
  3197,
  3279,
  3020,
  2771,
  2182,
  2643,
  2326,
  1091,
  1118,
  1738,
  2041,
  2321,
  3804,
  568,
  848,
  2461,
  264,
  1150,
  220,
  4045,
  1170,
  6256,
  1762,
  3091,
  1549,
  454,
  3180,
  1123,
  2428,
  0,
  1622,
  1344,
  3641,
  2743,
  3698,
  5119,
  2059,
  1651,
  1898,
  1615,
  2157,
  1663,
  3238,
  1051,
  3771,
  1170,
  1820,
  3270,
  3980,
  1950,
  3143,
  2110,
  2210,
  1890,
  2745,
  2305,
  2362,
  2431,
  1713,
  2076,
  2629,
  2308,
  2740,
  2757,
  2470,
  2353,
  2293,
  1305],
 [2818,
  5224,
  5870,
  3434,
  2848,
  2531,
  3847,
  2155,
  3472,
  2475,
  2642,
  1634,
  1662,
  799,
  2251,
  1448,
  1925,
  1480,
  808,
  3316,
  2548,
  486,
  1119,
  510,
  1932,
  2804,
  1554,
  1878,
  2506,
  1484,
  1437,
  1849,
  750,
  2772,
  1108,
  758,
  1891,
  509,
  811,
  2525,
  3397,
  1611,
  1061,
  2652,
  2240,
  1981,
  2226,
  560,
  1475,
  1192,
  1070,
  1438,
  1596,
  1001,
  1281,
  2857,
  1801,
  2712,
  1421,
  2128,
  1055,
  1644,
  3903,
  539,
  5723,
  722,
  2051,
  509,
  2318,
  2233,
  2987,
  1388,
  1864,
  0,
  951,
  3499,
  1703,
  2751,
  2554,
  2704,
  611,
  858,
  620,
  1612,
  1116,
  2044,
  1112,
  2824,
  3034,
  3052,
  2725,
  3033,
  910,
  2103,
  3394,
  2290,
  1357,
  1123,
  1111,
  1829,
  1391,
  2997,
  1543,
  2084,
  1114,
  1700,
  2212,
  1430,
  1159,
  1253,
  3169],
 [3038,
  5589,
  6235,
  3654,
  3086,
  2561,
  4067,
  2185,
  3692,
  2505,
  3254,
  1664,
  1722,
  1411,
  2560,
  1757,
  2234,
  1510,
  838,
  2731,
  3538,
  516,
  1149,
  540,
  2116,
  3113,
  1738,
  1938,
  3184,
  2096,
  2049,
  1879,
  1362,
  3450,
  1138,
  788,
  1921,
  1121,
  841,
  2834,
  2812,
  1641,
  1091,
  2973,
  2269,
  2010,
  2547,
  1172,
  1633,
  1316,
  867,
  853,
  1011,
  1031,
  1311,
  3077,
  944,
  2127,
  1451,
  1543,
  470,
  1059,
  3318,
  1042,
  6032,
  752,
  2081,
  539,
  1733,
  2453,
  2402,
  1418,
  1279,
  612,
  0,
  2914,
  1733,
  2971,
  4392,
  3338,
  641,
  888,
  1232,
  1933,
  1439,
  2228,
  827,
  3044,
  2449,
  3099,
  3046,
  3253,
  940,
  2133,
  3389,
  3489,
  1666,
  1735,
  1295,
  2138,
  1421,
  2992,
  1852,
  2405,
  1298,
  1730,
  2533,
  1460,
  1343,
  1283,
  2584],
 [2906,
  5457,
  6103,
  3522,
  2954,
  4221,
  3935,
  3902,
  3560,
  4183,
  4435,
  2845,
  2903,
  2592,
  3657,
  2854,
  3331,
  2691,
  2019,
  3540,
  4347,
  1697,
  2330,
  1721,
  3297,
  4210,
  2919,
  3119,
  4281,
  3277,
  3230,
  3060,
  2543,
  4547,
  2319,
  1969,
  3102,
  2302,
  2022,
  3931,
  3621,
  2822,
  2272,
  4070,
  3450,
  3191,
  3644,
  2353,
  2814,
  2497,
  1964,
  1950,
  849,
  2212,
  2492,
  2945,
  1753,
  2936,
  2632,
  2352,
  1279,
  1868,
  404,
  1851,
  7129,
  1933,
  3262,
  1720,
  2542,
  2321,
  3211,
  2599,
  2088,
  1793,
  1469,
  0,
  2914,
  2839,
  4260,
  4147,
  1822,
  2069,
  2413,
  3030,
  2536,
  3409,
  2236,
  2912,
  3258,
  3908,
  4143,
  3121,
  2121,
  3314,
  4198,
  4298,
  2763,
  2916,
  2476,
  3235,
  2602,
  3801,
  2949,
  3502,
  2479,
  2911,
  3630,
  2641,
  2524,
  2464,
  3393],
 [2141,
  4547,
  5193,
  1215,
  2171,
  1337,
  1846,
  961,
  2795,
  1281,
  4348,
  886,
  1649,
  2505,
  3987,
  3184,
  3661,
  1437,
  1169,
  4158,
  4284,
  1666,
  1499,
  1690,
  2394,
  4540,
  1700,
  1401,
  4212,
  3190,
  3143,
  655,
  2456,
  4478,
  2288,
  1938,
  1152,
  2215,
  1172,
  4261,
  4239,
  417,
  965,
  4400,
  3946,
  3687,
  3974,
  2266,
  1969,
  1666,
  2294,
  2280,
  2438,
  1140,
  422,
  2180,
  2643,
  3554,
  282,
  2970,
  1897,
  2486,
  3304,
  2245,
  7459,
  752,
  1374,
  1369,
  3160,
  1556,
  3829,
  711,
  2706,
  1706,
  1793,
  2900,
  0,
  2074,
  1360,
  4765,
  1791,
  1700,
  2326,
  3360,
  2866,
  3378,
  2254,
  2147,
  3876,
  4526,
  4473,
  2356,
  564,
  909,
  4816,
  3705,
  3093,
  2829,
  2445,
  3565,
  724,
  4419,
  3279,
  3832,
  2448,
  506,
  3960,
  1172,
  2493,
  619,
  4011],
 [427,
  2978,
  3624,
  1369,
  475,
  1284,
  1456,
  1387,
  1081,
  1704,
  5208,
  1893,
  5138,
  3365,
  6746,
  4253,
  6420,
  4084,
  3412,
  4933,
  5740,
  3090,
  3723,
  3114,
  5264,
  5609,
  4312,
  4922,
  5680,
  4050,
  4003,
  1995,
  3316,
  5946,
  3712,
  3362,
  2353,
  3075,
  3415,
  5330,
  5014,
  1757,
  3665,
  5469,
  5228,
  5488,
  5043,
  3126,
  4207,
  3890,
  3363,
  3349,
  2242,
  2000,
  1498,
  792,
  3146,
  4329,
  1638,
  3745,
  2672,
  3261,
  1797,
  3244,
  8528,
  1640,
  592,
  2229,
  3935,
  830,
  4604,
  1292,
  3481,
  2566,
  2862,
  1393,
  1340,
  0,
  1781,
  5540,
  3215,
  2560,
  3186,
  4429,
  3935,
  4802,
  3629,
  397,
  4651,
  5301,
  5542,
  642,
  1452,
  1673,
  5591,
  5691,
  4162,
  3689,
  3869,
  4634,
  1584,
  5194,
  4348,
  4901,
  3872,
  1846,
  5029,
  4034,
  3917,
  1785,
  4786],
 [1799,
  3239,
  2229,
  1109,
  1847,
  350,
  975,
  681,
  1353,
  406,
  5415,
  982,
  1318,
  3257,
  5936,
  3907,
  4384,
  1656,
  1582,
  6305,
  7112,
  2782,
  1965,
  2142,
  1887,
  5263,
  1919,
  1102,
  5196,
  2981,
  2934,
  819,
  2980,
  4851,
  2569,
  2390,
  572,
  2669,
  1585,
  4984,
  6386,
  1185,
  1245,
  5968,
  1851,
  2111,
  6506,
  2790,
  2144,
  2038,
  3017,
  3003,
  3614,
  2580,
  2036,
  1518,
  4518,
  5701,
  1896,
  5117,
  4044,
  4633,
  3169,
  2925,
  8182,
  1966,
  1964,
  2252,
  5307,
  2202,
  5976,
  2325,
  4853,
  2429,
  2516,
  2765,
  1697,
  1372,
  0,
  6912,
  2619,
  3932,
  3006,
  4083,
  3589,
  2659,
  2977,
  1731,
  6023,
  6673,
  5990,
  2014,
  1768,
  479,
  6963,
  7063,
  3816,
  3353,
  2326,
  4288,
  2956,
  6566,
  4002,
  4555,
  2515,
  1274,
  5846,
  1173,
  2374,
  1462,
  6158],
 [6834,
  9385,
  10031,
  7450,
  6882,
  7727,
  7863,
  7830,
  7488,
  8111,
  3772,
  4279,
  3578,
  2464,
  2168,
  1365,
  1842,
  3859,
  3453,
  1159,
  200,
  3131,
  3035,
  3155,
  3848,
  738,
  3470,
  3794,
  3282,
  2966,
  2919,
  4494,
  2666,
  3548,
  3753,
  3403,
  4536,
  2425,
  3456,
  459,
  1879,
  4256,
  3706,
  2551,
  3722,
  3463,
  2797,
  2476,
  3391,
  3108,
  2093,
  2389,
  4192,
  3646,
  3926,
  6873,
  3022,
  1606,
  4066,
  2190,
  3604,
  2674,
  7116,
  2575,
  5640,
  3367,
  7109,
  3154,
  3608,
  6249,
  1331,
  4033,
  2454,
  2579,
  2615,
  6712,
  7421,
  6767,
  8188,
  0,
  3256,
  3503,
  2457,
  2183,
  1704,
  3731,
  2322,
  6840,
  1648,
  830,
  2768,
  7049,
  3555,
  4748,
  964,
  1220,
  1318,
  3039,
  3027,
  810,
  4036,
  567,
  1460,
  2655,
  3030,
  4345,
  2783,
  3505,
  3075,
  3898,
  1149],
 [2657,
  5063,
  5709,
  3273,
  2687,
  2208,
  3686,
  1832,
  3311,
  2152,
  3057,
  1311,
  1369,
  1324,
  2806,
  2003,
  2480,
  1157,
  485,
  2977,
  3103,
  163,
  796,
  238,
  1814,
  3359,
  1436,
  1585,
  2921,
  1899,
  1852,
  1526,
  1275,
  3187,
  836,
  486,
  1568,
  1034,
  488,
  3080,
  3058,
  1288,
  738,
  3219,
  1967,
  1708,
  2793,
  1085,
  1266,
  963,
  1113,
  1099,
  1257,
  840,
  1120,
  2696,
  1190,
  2373,
  1260,
  1789,
  716,
  1305,
  3564,
  1064,
  6278,
  525,
  1890,
  348,
  1979,
  2072,
  2648,
  1227,
  1525,
  525,
  612,
  3160,
  1542,
  2590,
  2231,
  3584,
  0,
  982,
  1145,
  2179,
  1685,
  1926,
  1073,
  2663,
  2695,
  3345,
  3292,
  2872,
  713,
  1780,
  3635,
  3735,
  1912,
  1648,
  993,
  2384,
  1230,
  3238,
  2098,
  2651,
  996,
  1377,
  2779,
  1107,
  1041,
  930,
  2830],
 [2301,
  4707,
  5353,
  2917,
  2331,
  2677,
  3330,
  2301,
  2955,
  2621,
  3434,
  1963,
  1958,
  1591,
  3073,
  2270,
  2747,
  1746,
  1074,
  3244,
  3370,
  752,
  1385,
  776,
  2352,
  3626,
  1974,
  2174,
  3298,
  2276,
  2229,
  1995,
  1542,
  3564,
  1374,
  1024,
  2492,
  1301,
  1122,
  3347,
  3325,
  1757,
  1327,
  3486,
  3032,
  2773,
  3060,
  1352,
  2267,
  1984,
  1380,
  1366,
  1524,
  484,
  764,
  2340,
  1457,
  2640,
  904,
  2056,
  983,
  1572,
  3831,
  1331,
  6545,
  794,
  1534,
  455,
  2246,
  1716,
  2915,
  871,
  1792,
  792,
  879,
  3427,
  1186,
  2234,
  3655,
  3851,
  877,
  0,
  1412,
  2446,
  1952,
  2464,
  1340,
  2307,
  2962,
  3612,
  3559,
  2516,
  982,
  2249,
  3902,
  4002,
  2179,
  1915,
  1531,
  2651,
  874,
  3505,
  2365,
  2918,
  1534,
  1846,
  3046,
  1696,
  1579,
  1399,
  3097],
 [6297,
  8848,
  9494,
  6913,
  6345,
  3379,
  7326,
  3003,
  6951,
  3323,
  2733,
  2482,
  1847,
  880,
  1631,
  828,
  1305,
  2128,
  1656,
  3199,
  1928,
  1334,
  1304,
  1358,
  2117,
  2184,
  1739,
  2063,
  2243,
  1382,
  1335,
  2697,
  935,
  2509,
  1404,
  1606,
  2739,
  694,
  1659,
  1905,
  3280,
  2459,
  1909,
  2032,
  2138,
  1879,
  1606,
  745,
  1660,
  1377,
  686,
  982,
  2219,
  1849,
  2129,
  6336,
  1345,
  2595,
  2269,
  2011,
  1678,
  1527,
  4526,
  815,
  5103,
  1570,
  2899,
  1357,
  2201,
  5712,
  2870,
  2236,
  1747,
  848,
  1208,
  4122,
  2551,
  6230,
  7651,
  2084,
  1454,
  1706,
  0,
  992,
  496,
  2229,
  915,
  6303,
  2917,
  2432,
  2105,
  6512,
  1758,
  2951,
  2774,
  1670,
  737,
  1308,
  1296,
  1209,
  2239,
  2377,
  923,
  1464,
  1299,
  2548,
  1592,
  1774,
  1344,
  2101,
  2855],
 [5041,
  7592,
  6372,
  5657,
  5089,
  4564,
  6070,
  4188,
  5695,
  4508,
  1775,
  3667,
  2965,
  1851,
  599,
  1491,
  961,
  3494,
  2841,
  3994,
  2591,
  2519,
  2422,
  2543,
  3483,
  2847,
  3105,
  3181,
  1285,
  2179,
  2132,
  3882,
  2053,
  1551,
  3141,
  2791,
  3924,
  1812,
  2844,
  2568,
  4075,
  3644,
  3094,
  1074,
  3223,
  2964,
  648,
  1863,
  3000,
  2495,
  1481,
  1777,
  3014,
  3034,
  3314,
  5080,
  2140,
  3390,
  3454,
  2806,
  2473,
  2322,
  5321,
  1963,
  5766,
  2755,
  4084,
  2542,
  2996,
  4456,
  3665,
  3421,
  2542,
  1966,
  2003,
  4917,
  3736,
  4974,
  6395,
  2747,
  2644,
  2891,
  2005,
  0,
  1091,
  3232,
  1710,
  5047,
  3712,
  3095,
  1147,
  5256,
  2943,
  4136,
  3437,
  2465,
  1400,
  2426,
  2414,
  1872,
  3424,
  3040,
  1586,
  506,
  2417,
  3733,
  634,
  3463,
  2462,
  3286,
  3847],
 [6105,
  6099,
  4097,
  6721,
  6153,
  3406,
  7134,
  3030,
  6759,
  3350,
  2420,
  2509,
  1874,
  760,
  1439,
  636,
  1113,
  2155,
  1683,
  3007,
  1736,
  1361,
  1331,
  1385,
  2144,
  1992,
  1766,
  2090,
  2051,
  1262,
  1215,
  2724,
  962,
  2317,
  1431,
  1633,
  2766,
  721,
  1686,
  1713,
  3088,
  2486,
  1936,
  1840,
  2018,
  1759,
  1414,
  772,
  1687,
  1404,
  494,
  790,
  2027,
  1876,
  2156,
  6144,
  1153,
  2403,
  2296,
  1819,
  1486,
  1335,
  4334,
  842,
  4911,
  1597,
  2926,
  1384,
  2009,
  5520,
  2678,
  2263,
  1555,
  875,
  1016,
  3930,
  2578,
  6038,
  7459,
  1892,
  1481,
  1733,
  753,
  800,
  0,
  2027,
  723,
  6111,
  2725,
  2240,
  1913,
  6320,
  1785,
  2978,
  2582,
  1478,
  545,
  1335,
  1323,
  1017,
  2266,
  2185,
  731,
  1272,
  1326,
  2575,
  1400,
  1801,
  1371,
  2128,
  2860],
 [4090,
  5056,
  4046,
  3090,
  4120,
  2554,
  3246,
  2662,
  4744,
  2498,
  2467,
  1795,
  1398,
  1585,
  3495,
  2692,
  3169,
  1186,
  1737,
  4410,
  3792,
  1596,
  1060,
  1671,
  1175,
  4048,
  797,
  1614,
  2331,
  1309,
  1262,
  2017,
  2008,
  2597,
  1383,
  1320,
  2191,
  1697,
  1740,
  3769,
  4491,
  2540,
  1990,
  2977,
  1047,
  788,
  3515,
  1765,
  692,
  1356,
  2546,
  2532,
  2690,
  2273,
  2553,
  4129,
  2623,
  3806,
  2693,
  3222,
  2149,
  2738,
  4997,
  1953,
  6967,
  1958,
  3323,
  1781,
  3412,
  3505,
  4081,
  2660,
  2958,
  1958,
  2045,
  4593,
  2975,
  4023,
  2577,
  5017,
  1433,
  2415,
  2034,
  2856,
  2360,
  0,
  2506,
  4096,
  4128,
  4778,
  3270,
  4305,
  2146,
  2126,
  5068,
  5168,
  2601,
  2381,
  1030,
  3073,
  2663,
  4671,
  2787,
  3328,
  1292,
  2629,
  3126,
  1325,
  1078,
  2182,
  4263],
 [3331,
  5882,
  6528,
  3947,
  3379,
  2854,
  4360,
  2478,
  3985,
  2798,
  3191,
  1957,
  2015,
  995,
  2077,
  1274,
  1751,
  1803,
  1131,
  2587,
  2374,
  809,
  1442,
  833,
  2409,
  2630,
  2031,
  2231,
  2701,
  1680,
  1633,
  2172,
  946,
  2967,
  1431,
  1081,
  2214,
  705,
  1134,
  2351,
  2668,
  1934,
  1384,
  2490,
  2436,
  2303,
  2064,
  756,
  1926,
  1609,
  384,
  370,
  1304,
  1324,
  1604,
  3370,
  733,
  1983,
  1744,
  1399,
  763,
  915,
  3611,
  253,
  5549,
  1045,
  2374,
  832,
  1589,
  2746,
  2258,
  1711,
  1135,
  905,
  293,
  3207,
  2026,
  3264,
  4685,
  2530,
  934,
  1181,
  817,
  1450,
  956,
  2521,
  0,
  3337,
  2305,
  2955,
  2563,
  3546,
  1233,
  2426,
  3245,
  1795,
  1183,
  1319,
  1588,
  1655,
  1714,
  2848,
  1369,
  1922,
  1591,
  2023,
  2050,
  1753,
  1636,
  1576,
  2440],
 [670,
  3426,
  4072,
  935,
  949,
  887,
  799,
  990,
  424,
  831,
  5603,
  1496,
  2442,
  3760,
  7141,
  4648,
  6815,
  2780,
  3807,
  5328,
  6135,
  3485,
  4118,
  3509,
  3011,
  6004,
  3043,
  2226,
  6075,
  4445,
  4398,
  1333,
  3711,
  6341,
  4107,
  3757,
  1696,
  3470,
  3810,
  5725,
  5409,
  1699,
  1992,
  5864,
  2975,
  5936,
  5438,
  3521,
  3268,
  3162,
  3758,
  3744,
  2637,
  2395,
  1893,
  1187,
  3541,
  4724,
  2033,
  4140,
  3067,
  3656,
  2192,
  3639,
  8923,
  1912,
  987,
  2624,
  4330,
  1225,
  4999,
  1687,
  3876,
  2961,
  3257,
  1788,
  1735,
  640,
  1124,
  5935,
  3610,
  2955,
  3581,
  4824,
  4330,
  5197,
  4024,
  0,
  5046,
  5696,
  5937,
  449,
  1847,
  1276,
  5986,
  6086,
  4557,
  4084,
  4264,
  5029,
  1979,
  5589,
  4743,
  5296,
  4267,
  1788,
  5424,
  1920,
  4312,
  1976,
  5181],
 [4935,
  7486,
  8132,
  5551,
  4983,
  4741,
  5964,
  4365,
  5589,
  4685,
  4822,
  3844,
  3902,
  3345,
  3421,
  2618,
  3095,
  3690,
  3018,
  646,
  1453,
  2696,
  3329,
  2720,
  4296,
  1972,
  3918,
  4118,
  4332,
  3847,
  3800,
  4059,
  3542,
  4598,
  3318,
  2968,
  4101,
  3301,
  3021,
  1693,
  727,
  3821,
  3271,
  4121,
  4603,
  4190,
  3695,
  3352,
  3813,
  3496,
  2261,
  2288,
  2908,
  3211,
  3491,
  4974,
  1738,
  322,
  3631,
  906,
  2320,
  1390,
  5215,
  2340,
  6893,
  2932,
  4261,
  2719,
  2594,
  4350,
  317,
  3598,
  1170,
  2792,
  2514,
  4811,
  3913,
  4868,
  6289,
  1253,
  2821,
  3068,
  2904,
  3081,
  2585,
  4408,
  2221,
  4941,
  0,
  1014,
  4194,
  5150,
  3120,
  4313,
  1304,
  1404,
  2812,
  3915,
  3475,
  2063,
  3601,
  907,
  2713,
  3553,
  3478,
  3910,
  3681,
  3621,
  3523,
  3463,
  499],
 [5585,
  8136,
  8782,
  6201,
  5633,
  5391,
  6614,
  5015,
  6239,
  5335,
  3808,
  4494,
  3445,
  2331,
  2692,
  2081,
  2366,
  4340,
  3668,
  1164,
  916,
  3346,
  2902,
  3370,
  3715,
  1076,
  3337,
  3661,
  3318,
  2833,
  2786,
  4709,
  2533,
  3584,
  3968,
  3618,
  4751,
  2292,
  3671,
  797,
  1245,
  4471,
  3921,
  3107,
  3589,
  3330,
  2681,
  2343,
  3258,
  2975,
  1888,
  2184,
  3558,
  3861,
  4141,
  5624,
  2388,
  972,
  4281,
  1556,
  2970,
  2040,
  5865,
  2370,
  6164,
  3582,
  4911,
  3369,
  3244,
  5000,
  697,
  4248,
  1820,
  2446,
  2410,
  5461,
  4563,
  5518,
  6939,
  716,
  3471,
  3718,
  2324,
  2067,
  1571,
  3598,
  2117,
  5591,
  1014,
  0,
  3180,
  5800,
  3770,
  4963,
  1822,
  390,
  1798,
  2906,
  2894,
  1526,
  4251,
  1425,
  1984,
  2539,
  2897,
  4560,
  2667,
  3372,
  2942,
  4113,
  515],
 [5560,
  6623,
  5613,
  6176,
  5608,
  4103,
  6589,
  4707,
  6214,
  4047,
  1016,
  3344,
  2947,
  2101,
  868,
  2010,
  1230,
  2735,
  3360,
  4513,
  3110,
  3038,
  2609,
  3062,
  2724,
  3366,
  2346,
  3163,
  526,
  1420,
  1373,
  4401,
  2572,
  792,
  3660,
  3310,
  3740,
  2331,
  3363,
  3087,
  4594,
  4163,
  3613,
  629,
  2464,
  2205,
  1167,
  2281,
  2241,
  3014,
  2000,
  2296,
  3533,
  3553,
  3833,
  5599,
  2659,
  3909,
  3973,
  3325,
  2992,
  2841,
  5840,
  2482,
  6285,
  3274,
  4603,
  3061,
  3515,
  4975,
  4184,
  3940,
  3061,
  3134,
  2522,
  5436,
  4255,
  5493,
  5688,
  3266,
  3163,
  3410,
  2524,
  2174,
  1610,
  2473,
  2229,
  5566,
  4231,
  3614,
  0,
  5775,
  3462,
  3675,
  3956,
  2984,
  1919,
  2945,
  2579,
  2391,
  3943,
  3559,
  2105,
  2646,
  2936,
  4252,
  778,
  2874,
  2627,
  3805,
  4366],
 [373,
  2924,
  3570,
  1315,
  421,
  1688,
  1402,
  1821,
  1027,
  1650,
  5154,
  2172,
  5084,
  3311,
  6692,
  4199,
  6366,
  4030,
  3358,
  4879,
  5686,
  3036,
  3669,
  3060,
  5210,
  5555,
  4258,
  4868,
  5626,
  3996,
  3949,
  1941,
  3262,
  5892,
  3658,
  3308,
  2299,
  3021,
  3361,
  5276,
  4960,
  1703,
  3611,
  5415,
  5174,
  5434,
  4989,
  3072,
  4153,
  3836,
  3309,
  3295,
  2188,
  1946,
  1444,
  738,
  3092,
  4275,
  1584,
  3691,
  2618,
  3207,
  1743,
  3190,
  8474,
  1586,
  538,
  2175,
  3881,
  776,
  4550,
  1238,
  3427,
  2512,
  2808,
  1339,
  1286,
  306,
  1727,
  5486,
  3161,
  2506,
  3132,
  4375,
  3881,
  4748,
  3575,
  379,
  4597,
  5247,
  5488,
  0,
  1398,
  2123,
  5537,
  5637,
  4108,
  3635,
  3815,
  4580,
  1530,
  5140,
  4294,
  4847,
  3818,
  1792,
  4975,
  3980,
  3863,
  1731,
  4732],
 [2562,
  4968,
  5614,
  1498,
  2592,
  1620,
  2129,
  1244,
  3216,
  1564,
  3560,
  1169,
  1679,
  1717,
  3199,
  2396,
  2873,
  1467,
  639,
  3370,
  3496,
  822,
  969,
  996,
  1864,
  3752,
  1486,
  1895,
  3424,
  2402,
  2355,
  938,
  1668,
  3690,
  1594,
  1244,
  1435,
  1427,
  642,
  3473,
  3451,
  700,
  884,
  3612,
  2182,
  2466,
  3186,
  1478,
  1439,
  1136,
  1506,
  1492,
  1650,
  671,
  476,
  2601,
  1583,
  2766,
  394,
  2182,
  1109,
  1698,
  3957,
  1457,
  6671,
  188,
  1795,
  687,
  2372,
  1977,
  3041,
  1132,
  1918,
  918,
  1005,
  3553,
  564,
  2495,
  1643,
  3977,
  1097,
  1350,
  1538,
  2572,
  2078,
  2684,
  1466,
  2568,
  3088,
  3738,
  3685,
  2777,
  0,
  1192,
  4028,
  4128,
  2305,
  2041,
  1751,
  2777,
  778,
  3631,
  2491,
  3044,
  1754,
  789,
  3172,
  1155,
  1799,
  538,
  3223],
 [1666,
  3400,
  2390,
  976,
  1714,
  440,
  790,
  548,
  1168,
  384,
  3656,
  484,
  1222,
  2774,
  4439,
  3636,
  4113,
  1173,
  1514,
  4610,
  4736,
  1847,
  1482,
  1871,
  2086,
  4992,
  1436,
  1006,
  3520,
  2498,
  2451,
  321,
  2908,
  3786,
  2469,
  2119,
  475,
  2186,
  1517,
  4713,
  4691,
  687,
  980,
  4166,
  1988,
  2248,
  4289,
  2718,
  1661,
  1555,
  2746,
  2732,
  3481,
  2473,
  1456,
  1385,
  3095,
  4006,
  1316,
  3422,
  2349,
  2938,
  3036,
  2697,
  7911,
  1458,
  1831,
  1981,
  3612,
  2069,
  4281,
  1745,
  3158,
  2158,
  2245,
  2632,
  1034,
  1239,
  488,
  5217,
  1972,
  2615,
  2778,
  3814,
  3318,
  2525,
  2706,
  1598,
  4328,
  4978,
  4927,
  1881,
  1270,
  0,
  5268,
  5368,
  3545,
  3281,
  1843,
  4017,
  2823,
  4871,
  3731,
  4286,
  2629,
  776,
  4414,
  908,
  1891,
  964,
  4463],
 [5627,
  8178,
  8824,
  6243,
  5675,
  6942,
  6656,
  5056,
  6281,
  5377,
  5188,
  4536,
  4594,
  3711,
  3184,
  2381,
  2858,
  4382,
  3710,
  195,
  1216,
  3388,
  4021,
  3412,
  4988,
  1754,
  4610,
  4810,
  4298,
  4213,
  4166,
  4750,
  3913,
  4564,
  4010,
  3660,
  4793,
  3993,
  3713,
  1475,
  490,
  4513,
  3963,
  3567,
  4969,
  4710,
  3922,
  4044,
  4505,
  4188,
  3268,
  2980,
  3600,
  3903,
  4183,
  5666,
  2430,
  1014,
  4323,
  1598,
  3012,
  2082,
  5907,
  3032,
  6656,
  3624,
  4953,
  3411,
  3286,
  5042,
  739,
  4290,
  1862,
  3484,
  3206,
  5503,
  4605,
  5560,
  6981,
  1016,
  3513,
  3760,
  3596,
  3447,
  2951,
  5100,
  2913,
  5633,
  1056,
  1380,
  3784,
  5842,
  3812,
  5005,
  0,
  1770,
  2334,
  4286,
  4167,
  1826,
  4293,
  670,
  2476,
  3919,
  4170,
  4601,
  4047,
  4332,
  4215,
  4155,
  865],
 [5895,
  8446,
  9092,
  6511,
  5943,
  7210,
  6924,
  5324,
  6549,
  7172,
  4260,
  4987,
  3897,
  2783,
  3194,
  2391,
  2868,
  4650,
  3978,
  1474,
  1226,
  3656,
  4289,
  3680,
  4167,
  1386,
  3789,
  4113,
  3770,
  3285,
  3238,
  5018,
  2985,
  4036,
  4278,
  3928,
  5061,
  2744,
  3981,
  1107,
  1555,
  4780,
  4231,
  3559,
  4041,
  3782,
  2994,
  2795,
  3710,
  3427,
  2340,
  2636,
  3868,
  4171,
  4451,
  5934,
  2698,
  1282,
  4591,
  1866,
  3280,
  2350,
  6175,
  2822,
  6666,
  3892,
  5221,
  3679,
  3554,
  5310,
  1007,
  4558,
  2130,
  3752,
  2862,
  5771,
  4873,
  5828,
  7249,
  1026,
  3781,
  4028,
  2776,
  2519,
  2023,
  4050,
  2569,
  5901,
  1324,
  310,
  3632,
  6110,
  4080,
  5081,
  2132,
  0,
  2250,
  3358,
  3346,
  1836,
  4561,
  1735,
  2486,
  2991,
  3349,
  4869,
  3119,
  4600,
  3394,
  4423,
  825],
 [5979,
  8530,
  9176,
  6595,
  6027,
  7294,
  7008,
  6975,
  6633,
  7256,
  2917,
  3424,
  2723,
  1609,
  1313,
  510,
  987,
  3004,
  2598,
  2232,
  1191,
  2276,
  2180,
  2300,
  2993,
  1447,
  2615,
  2939,
  2427,
  2111,
  2064,
  3638,
  1811,
  2693,
  2898,
  2548,
  3681,
  1570,
  2601,
  1168,
  2848,
  3400,
  2851,
  1696,
  2867,
  2608,
  1942,
  1621,
  2536,
  2253,
  1238,
  1534,
  2771,
  2791,
  3071,
  6018,
  1897,
  2575,
  3211,
  3159,
  2230,
  2079,
  6261,
  1720,
  4785,
  2512,
  6254,
  2299,
  2753,
  5394,
  2300,
  3178,
  2299,
  1724,
  1760,
  5857,
  3493,
  5912,
  7333,
  1347,
  2401,
  2648,
  1602,
  1328,
  849,
  2876,
  1467,
  5985,
  2617,
  1695,
  1913,
  6194,
  2700,
  3701,
  2037,
  2085,
  0,
  2184,
  2172,
  472,
  3181,
  1640,
  605,
  1800,
  2175,
  3489,
  1928,
  2650,
  2220,
  3043,
  2118],
 [4311,
  4962,
  3952,
  3421,
  4341,
  2885,
  3577,
  2993,
  4965,
  2829,
  1672,
  2126,
  1729,
  790,
  2421,
  1897,
  2374,
  1517,
  2301,
  4268,
  2997,
  1979,
  1391,
  2003,
  1506,
  3253,
  1128,
  1945,
  1536,
  514,
  467,
  2348,
  373,
  1802,
  1889,
  1826,
  2522,
  1274,
  2304,
  2974,
  4349,
  2584,
  2065,
  2182,
  1246,
  987,
  2720,
  970,
  1023,
  1862,
  1755,
  2051,
  3288,
  2494,
  2774,
  4350,
  2414,
  3664,
  2914,
  3080,
  2747,
  2596,
  5595,
  1460,
  6172,
  2215,
  3544,
  2002,
  3270,
  3726,
  3939,
  2881,
  2816,
  1493,
  2277,
  5191,
  3196,
  4244,
  2908,
  3153,
  1939,
  2351,
  1541,
  2061,
  1565,
  1255,
  1984,
  4317,
  3986,
  3501,
  2475,
  4526,
  2403,
  2457,
  3843,
  2739,
  1806,
  0,
  1361,
  2278,
  2884,
  3446,
  1992,
  2533,
  1879,
  2673,
  2331,
  1656,
  1409,
  2273,
  3924],
 [3582,
  4277,
  3267,
  2736,
  3612,
  2200,
  2892,
  2308,
  4236,
  2144,
  2064,
  1441,
  1044,
  1182,
  2813,
  2289,
  2766,
  832,
  1229,
  3902,
  3389,
  1088,
  775,
  1163,
  821,
  3645,
  443,
  1260,
  1928,
  906,
  859,
  1663,
  1500,
  2194,
  875,
  812,
  1837,
  1189,
  1232,
  3366,
  3983,
  1899,
  1482,
  2574,
  974,
  715,
  3112,
  1362,
  338,
  848,
  2038,
  2024,
  2182,
  1765,
  2045,
  3621,
  2115,
  3298,
  2185,
  2714,
  1641,
  2230,
  4489,
  1445,
  6564,
  1450,
  2815,
  1273,
  2904,
  2997,
  3573,
  2152,
  2450,
  1450,
  1537,
  4085,
  2467,
  3515,
  2223,
  3545,
  925,
  1907,
  1526,
  2453,
  1957,
  933,
  1998,
  3588,
  3620,
  4270,
  2867,
  3797,
  1638,
  1772,
  4560,
  4660,
  2198,
  1873,
  0,
  2670,
  2155,
  4163,
  2384,
  2925,
  784,
  1988,
  2723,
  971,
  724,
  1674,
  3755],
 [6183,
  8734,
  9380,
  6799,
  6231,
  7076,
  7212,
  7179,
  6837,
  7460,
  3121,
  3628,
  2927,
  1813,
  1517,
  714,
  1191,
  3208,
  2802,
  1760,
  719,
  2480,
  2384,
  2504,
  3197,
  975,
  2819,
  3143,
  2631,
  2315,
  2268,
  3842,
  2015,
  2897,
  3102,
  2752,
  3885,
  1774,
  2805,
  696,
  2376,
  3604,
  3055,
  1900,
  3071,
  2812,
  2146,
  1825,
  2740,
  2457,
  1442,
  1738,
  2975,
  2995,
  3275,
  6222,
  2101,
  2103,
  3415,
  2687,
  2434,
  3171,
  6465,
  1924,
  4989,
  2716,
  4045,
  2503,
  2957,
  5598,
  1828,
  3382,
  2951,
  1928,
  1964,
  6061,
  3697,
  6116,
  7537,
  875,
  2605,
  2852,
  1806,
  1532,
  1053,
  3080,
  1671,
  6189,
  2145,
  1223,
  2117,
  6398,
  2904,
  3905,
  1565,
  1613,
  667,
  2388,
  2376,
  0,
  3385,
  1168,
  809,
  2004,
  2379,
  3693,
  2132,
  2854,
  2424,
  3247,
  1646],
 [2217,
  4623,
  5269,
  2833,
  2247,
  2439,
  3246,
  2063,
  2871,
  2383,
  3624,
  1988,
  2644,
  1781,
  3263,
  2460,
  2937,
  2137,
  1309,
  3434,
  4241,
  942,
  1575,
  966,
  2542,
  3816,
  2164,
  2860,
  3488,
  2466,
  2419,
  1757,
  1732,
  3754,
  1564,
  1214,
  2254,
  1491,
  1312,
  3537,
  3515,
  1519,
  1517,
  3676,
  3222,
  2963,
  3250,
  1542,
  2457,
  2174,
  1570,
  1556,
  1714,
  416,
  680,
  2256,
  1647,
  2830,
  820,
  2246,
  1173,
  1762,
  4021,
  1521,
  6735,
  984,
  1450,
  645,
  2436,
  1632,
  3105,
  787,
  1982,
  982,
  1069,
  3617,
  1102,
  2150,
  3571,
  4041,
  1067,
  976,
  1602,
  2636,
  2142,
  2654,
  1530,
  2223,
  3152,
  3802,
  3749,
  2432,
  1172,
  2011,
  4092,
  4192,
  2369,
  2105,
  1721,
  2841,
  0,
  3695,
  2555,
  3108,
  1724,
  1608,
  3236,
  1886,
  1769,
  1589,
  3287],
 [7180,
  9731,
  10377,
  7796,
  7228,
  8495,
  8209,
  8176,
  7834,
  8457,
  4118,
  4434,
  3924,
  2810,
  2514,
  1711,
  2188,
  3924,
  3608,
  710,
  546,
  3286,
  3381,
  3310,
  4194,
  1084,
  3816,
  4140,
  3628,
  3312,
  3265,
  4648,
  3012,
  3894,
  3908,
  3558,
  4691,
  2771,
  3611,
  805,
  1185,
  4410,
  3861,
  2897,
  4068,
  3809,
  3143,
  2822,
  3737,
  3454,
  2439,
  2735,
  3498,
  3801,
  4081,
  7219,
  2328,
  912,
  4221,
  1496,
  2910,
  1980,
  7462,
  2921,
  5986,
  3522,
  4851,
  3309,
  3184,
  6595,
  637,
  4188,
  1760,
  3382,
  2961,
  7058,
  4503,
  7113,
  8534,
  346,
  3411,
  3658,
  2803,
  2529,
  2050,
  4077,
  2668,
  7186,
  954,
  1176,
  3114,
  7395,
  3710,
  4711,
  515,
  1566,
  1664,
  3385,
  3373,
  1156,
  4191,
  0,
  1806,
  3001,
  3376,
  4499,
  3129,
  3851,
  3421,
  4053,
  763],
 [5374,
  7925,
  8571,
  5990,
  5422,
  6267,
  6403,
  6370,
  6028,
  6651,
  2312,
  6847,
  3182,
  2068,
  708,
  969,
  382,
  4031,
  7271,
  2731,
  1690,
  6949,
  2639,
  6973,
  4020,
  1946,
  3642,
  3398,
  1822,
  2716,
  2669,
  6616,
  2270,
  2088,
  7571,
  3007,
  7300,
  2029,
  7274,
  1667,
  3347,
  6378,
  7524,
  1091,
  3760,
  3501,
  2189,
  2080,
  3537,
  2712,
  1697,
  1993,
  6101,
  7464,
  5931,
  5413,
  2356,
  3074,
  5791,
  3022,
  6531,
  2538,
  5656,
  2179,
  4180,
  7185,
  5649,
  6972,
  3212,
  4789,
  2799,
  6349,
  2758,
  2183,
  2219,
  5252,
  5961,
  5307,
  6728,
  1846,
  7074,
  7321,
  2061,
  1223,
  1308,
  3769,
  1926,
  5380,
  3116,
  2194,
  1308,
  5589,
  6073,
  6870,
  2536,
  2584,
  499,
  2643,
  2631,
  971,
  6641,
  2139,
  0,
  1729,
  2634,
  6467,
  2074,
  3109,
  2679,
  6406,
  2617],
 [5299,
  7850,
  5866,
  5915,
  5347,
  4821,
  6328,
  4445,
  5953,
  4765,
  1269,
  3597,
  3200,
  2109,
  807,
  1749,
  1169,
  2988,
  3099,
  4252,
  2849,
  2777,
  2680,
  2801,
  2977,
  3105,
  2599,
  3416,
  779,
  1673,
  1626,
  4139,
  2311,
  1045,
  3399,
  3049,
  3993,
  2070,
  3102,
  2826,
  4333,
  3901,
  3352,
  568,
  2717,
  2458,
  906,
  2121,
  2494,
  2753,
  1739,
  2035,
  3272,
  3292,
  3572,
  5338,
  2398,
  3648,
  3712,
  3064,
  2731,
  2580,
  5579,
  2221,
  6024,
  3013,
  4342,
  2800,
  3254,
  4714,
  3923,
  3679,
  2800,
  2224,
  2261,
  5175,
  3994,
  5232,
  6653,
  3005,
  2902,
  3149,
  2263,
  1913,
  1349,
  2726,
  1968,
  5305,
  3970,
  3353,
  641,
  5514,
  3201,
  4393,
  3695,
  2723,
  1658,
  2684,
  2672,
  2130,
  3682,
  3298,
  1844,
  0,
  2675,
  3990,
  892,
  3127,
  2720,
  3618,
  4105],
 [3561,
  4384,
  3374,
  2843,
  3591,
  2307,
  2999,
  2415,
  4215,
  2251,
  2346,
  1548,
  1151,
  1464,
  3710,
  2907,
  3384,
  939,
  1208,
  3881,
  4688,
  1067,
  754,
  1142,
  928,
  4263,
  550,
  1367,
  2210,
  1188,
  1141,
  1770,
  1479,
  2476,
  854,
  791,
  1944,
  1168,
  1211,
  3984,
  3962,
  2006,
  1487,
  2856,
  1246,
  1159,
  3394,
  1289,
  503,
  827,
  2017,
  2003,
  2161,
  1744,
  2024,
  3600,
  2094,
  3277,
  2164,
  2693,
  1620,
  2209,
  4468,
  1424,
  7182,
  1429,
  2794,
  1252,
  2883,
  2976,
  3552,
  2131,
  2429,
  1429,
  1516,
  4064,
  2446,
  3494,
  2330,
  4488,
  904,
  1886,
  1505,
  3085,
  2589,
  1215,
  1977,
  3567,
  3599,
  4249,
  3149,
  3776,
  1617,
  1879,
  4539,
  4639,
  2816,
  1852,
  282,
  3288,
  2134,
  4142,
  3002,
  3557,
  0,
  2095,
  3005,
  1078,
  137,
  1653,
  3734],
 [1399,
  3941,
  2931,
  709,
  1447,
  786,
  1677,
  455,
  2055,
  730,
  4176,
  717,
  1618,
  2443,
  3925,
  3122,
  3599,
  1406,
  1000,
  4096,
  4903,
  1333,
  1330,
  1357,
  2225,
  4478,
  1669,
  1514,
  4040,
  3018,
  2971,
  486,
  2394,
  4306,
  1955,
  1605,
  983,
  2153,
  1003,
  4199,
  4177,
  89,
  796,
  4340,
  2543,
  2827,
  3775,
  2204,
  1800,
  1497,
  2232,
  2218,
  2376,
  1959,
  680,
  844,
  2309,
  3492,
  540,
  2908,
  1835,
  2424,
  2769,
  2183,
  7397,
  944,
  1632,
  1467,
  3098,
  1814,
  3767,
  969,
  2644,
  1644,
  1731,
  2365,
  258,
  972,
  983,
  4703,
  1458,
  2101,
  2264,
  3300,
  2804,
  3045,
  2192,
  1331,
  3814,
  4464,
  4413,
  1614,
  756,
  740,
  4754,
  4854,
  3031,
  2767,
  2112,
  3503,
  982,
  4357,
  3217,
  3772,
  2115,
  0,
  3900,
  1141,
  2160,
  450,
  3949],
 [5253,
  7804,
  8450,
  5869,
  5301,
  4775,
  6282,
  4399,
  5907,
  4719,
  3608,
  3879,
  3177,
  2063,
  2506,
  1703,
  2180,
  3458,
  3053,
  4206,
  2803,
  2731,
  2634,
  2755,
  3447,
  3059,
  3069,
  3393,
  3118,
  2565,
  2518,
  4093,
  2265,
  3384,
  3353,
  3003,
  4136,
  2024,
  3056,
  2780,
  4287,
  3855,
  3306,
  2907,
  3321,
  3062,
  860,
  2075,
  2990,
  2707,
  1693,
  1989,
  3226,
  3246,
  3526,
  5292,
  2352,
  3602,
  3666,
  3018,
  2685,
  2534,
  5533,
  2175,
  5978,
  2967,
  4296,
  2754,
  3208,
  4668,
  3877,
  3633,
  2754,
  2178,
  2215,
  5129,
  3948,
  5186,
  6607,
  2959,
  2856,
  3103,
  2217,
  1867,
  1303,
  3330,
  1922,
  5259,
  3924,
  3307,
  2980,
  5468,
  3155,
  4347,
  3649,
  2677,
  1612,
  2638,
  2626,
  2084,
  3636,
  3252,
  1798,
  2339,
  2629,
  3944,
  0,
  3104,
  2674,
  3572,
  4059],
 [3885,
  3710,
  2700,
  1765,
  3915,
  1229,
  1738,
  1337,
  2116,
  1173,
  2748,
  470,
  477,
  1866,
  3246,
  2443,
  2920,
  265,
  746,
  4205,
  3543,
  1391,
  574,
  1466,
  1178,
  3799,
  528,
  693,
  2612,
  1590,
  1543,
  692,
  1589,
  2878,
  1178,
  1115,
  660,
  1278,
  749,
  3520,
  4286,
  928,
  409,
  3258,
  1496,
  1409,
  3796,
  1399,
  753,
  647,
  2341,
  2327,
  2485,
  2068,
  2348,
  1861,
  2418,
  3601,
  2488,
  3017,
  1944,
  2533,
  4792,
  1534,
  6718,
  1753,
  3118,
  1576,
  3207,
  3300,
  3876,
  2455,
  2753,
  1567,
  1840,
  4388,
  1275,
  2028,
  1252,
  3699,
  1228,
  2210,
  1615,
  2607,
  2111,
  1617,
  2301,
  2387,
  3923,
  4573,
  3551,
  4100,
  1941,
  801,
  4863,
  4963,
  2352,
  1962,
  935,
  2824,
  2458,
  4466,
  2538,
  3079,
  1124,
  1017,
  3407,
  0,
  983,
  617,
  4058],
 [3424,
  4247,
  3237,
  2706,
  3454,
  2170,
  2862,
  2278,
  4078,
  2114,
  2209,
  1411,
  1014,
  1327,
  2958,
  2770,
  3247,
  802,
  1071,
  3744,
  4551,
  930,
  617,
  1005,
  791,
  4126,
  413,
  1230,
  2073,
  1051,
  1004,
  1633,
  1342,
  2339,
  717,
  654,
  1807,
  1031,
  1074,
  3847,
  3825,
  1869,
  1288,
  2719,
  1109,
  1022,
  3257,
  1152,
  366,
  690,
  1880,
  1866,
  2024,
  1607,
  1887,
  3463,
  1957,
  3140,
  2027,
  2556,
  1483,
  2072,
  4331,
  1287,
  7045,
  1292,
  2657,
  1115,
  2746,
  2839,
  3415,
  1994,
  2292,
  1292,
  1379,
  3927,
  2309,
  3357,
  2193,
  4351,
  767,
  1749,
  1368,
  2946,
  2452,
  1078,
  1840,
  3430,
  3462,
  4112,
  3012,
  3639,
  1480,
  1742,
  4402,
  4502,
  2679,
  1715,
  145,
  3151,
  1997,
  4005,
  2865,
  3418,
  626,
  1958,
  2868,
  941,
  0,
  1516,
  3597],
 [3326,
  4051,
  3041,
  1156,
  3356,
  1278,
  1787,
  902,
  2165,
  1222,
  3726,
  564,
  1074,
  1993,
  3475,
  2672,
  3149,
  862,
  550,
  3646,
  3772,
  883,
  880,
  907,
  1775,
  4028,
  1125,
  1290,
  3590,
  2568,
  2521,
  596,
  1944,
  3856,
  1505,
  1155,
  1093,
  1703,
  553,
  3749,
  3727,
  358,
  346,
  3888,
  2093,
  2377,
  3462,
  1754,
  1350,
  1047,
  1782,
  1768,
  1926,
  1509,
  1789,
  1291,
  1859,
  3042,
  727,
  2458,
  1385,
  1974,
  4233,
  1733,
  6947,
  911,
  2559,
  1017,
  2648,
  2741,
  3317,
  1896,
  2194,
  1194,
  1281,
  3829,
  705,
  1419,
  1301,
  4253,
  1008,
  1651,
  1814,
  2848,
  2354,
  2595,
  1742,
  3332,
  3364,
  4014,
  3961,
  3541,
  538,
  850,
  4304,
  4404,
  2581,
  2317,
  1662,
  3053,
  1899,
  3907,
  2767,
  3322,
  1665,
  447,
  3448,
  617,
  1710,
  0,
  3499],
 [5070,
  7621,
  8267,
  5686,
  5118,
  6385,
  6099,
  6066,
  5724,
  6347,
  4323,
  3979,
  3960,
  2846,
  3203,
  2400,
  2877,
  4442,
  3153,
  649,
  1235,
  2831,
  3417,
  2855,
  4431,
  1473,
  4053,
  4176,
  3833,
  3348,
  3301,
  4193,
  3048,
  4099,
  3453,
  3103,
  4115,
  2807,
  3156,
  1194,
  730,
  3955,
  3406,
  3622,
  4104,
  3845,
  3196,
  2858,
  3948,
  3490,
  2403,
  2699,
  3043,
  3346,
  3626,
  5109,
  1873,
  457,
  3766,
  1041,
  2455,
  1525,
  5350,
  2475,
  6675,
  3067,
  4396,
  2854,
  2729,
  4485,
  182,
  3733,
  1305,
  2927,
  2515,
  4946,
  4048,
  5003,
  6424,
  1035,
  2956,
  3203,
  2839,
  2582,
  2086,
  4113,
  2356,
  5076,
  499,
  515,
  3695,
  5285,
  3255,
  4522,
  1307,
  905,
  2313,
  3421,
  3610,
  1845,
  3736,
  910,
  2495,
  3054,
  3613,
  4119,
  3182,
  3887,
  3658,
  3672,
  0]]
