[[0,
  3971,
  2510,
  2285,
  3686,
  1479,
  1781,
  2067,
  1995,
  1263,
  1253,
  5364,
  4704,
  4931,
  4638,
  4707,
  4835,
  4791,
  5005,
  1688,
  4030,
  4856,
  2466,
  3438,
  4370,
  3440,
  2052,
  4458,
  4552,
  4830,
  2440],
 [3166,
  0,
  1818,
  1593,
  917,
  2154,
  1612,
  1444,
  1303,
  2553,
  2262,
  6126,
  5466,
  5693,
  5400,
  5469,
  5597,
  5553,
  5767,
  2454,
  4792,
  5618,
  2717,
  4200,
  5132,
  4202,
  2303,
  5220,
  1832,
  5592,
  3202],
 [2728,
  2910,
  0,
  392,
  2625,
  1716,
  1174,
  1006,
  697,
  2115,
  1824,
  7719,
  7059,
  7286,
  6993,
  7062,
  7190,
  7146,
  7360,
  4047,
  6385,
  7211,
  4310,
  5793,
  6725,
  5795,
  3896,
  6813,
  2055,
  7185,
  4795],
 [2953,
  3135,
  225,
  0,
  2850,
  1941,
  1399,
  1231,
  922,
  2340,
  2049,
  7944,
  7284,
  7511,
  7218,
  7287,
  7415,
  7371,
  7585,
  4272,
  6610,
  7436,
  4535,
  6018,
  6950,
  6020,
  4121,
  7038,
  2280,
  7410,
  5020],
 [3811,
  645,
  2463,
  2238,
  0,
  2799,
  2257,
  2089,
  1948,
  3198,
  2907,
  6771,
  6111,
  6338,
  6045,
  6114,
  6242,
  6198,
  6412,
  3099,
  5437,
  6263,
  3362,
  4845,
  5777,
  4847,
  2948,
  5865,
  2477,
  6237,
  3847],
 [1149,
  3264,
  1803,
  1578,
  2979,
  0,
  889,
  1360,
  1288,
  495,
  499,
  6078,
  5418,
  5645,
  5352,
  5421,
  5549,
  5505,
  5719,
  2402,
  4744,
  5570,
  3180,
  4152,
  5084,
  4154,
  2766,
  5172,
  3411,
  5544,
  3154],
 [1998,
  2641,
  1180,
  955,
  2356,
  542,
  0,
  737,
  665,
  1037,
  657,
  6214,
  5554,
  5781,
  5488,
  5557,
  5685,
  5641,
  5855,
  2538,
  4880,
  5706,
  3316,
  4288,
  5220,
  4290,
  2902,
  5308,
  2767,
  5680,
  3290],
 [2174,
  1904,
  1665,
  1440,
  1619,
  1273,
  1459,
  0,
  1150,
  1768,
  1308,
  6390,
  5730,
  5957,
  5664,
  5733,
  5861,
  5817,
  6031,
  2714,
  5056,
  5882,
  3492,
  4464,
  5396,
  6304,
  3078,
  5484,
  2485,
  5856,
  3466],
 [2416,
  2598,
  515,
  290,
  2313,
  1404,
  862,
  694,
  0,
  1803,
  1512,
  8234,
  7574,
  7801,
  7508,
  7577,
  7705,
  7661,
  7875,
  3408,
  6900,
  7726,
  4825,
  6308,
  7240,
  6998,
  4411,
  7328,
  2570,
  7700,
  5310],
 [654,
  3649,
  2188,
  1963,
  3364,
  1157,
  1459,
  1745,
  1673,
  0,
  1231,
  5583,
  4923,
  5150,
  4857,
  4926,
  5054,
  5010,
  5224,
  1907,
  4249,
  5075,
  2685,
  3657,
  4589,
  3659,
  2271,
  4677,
  4230,
  5049,
  2659],
 [2012,
  2820,
  1359,
  1134,
  2535,
  717,
  698,
  916,
  844,
  1082,
  0,
  6228,
  5568,
  5795,
  5502,
  5571,
  5699,
  5655,
  5869,
  2552,
  4894,
  5720,
  3330,
  4302,
  5234,
  4304,
  2916,
  5322,
  2781,
  5694,
  3304],
 [5070,
  6911,
  8729,
  8504,
  6626,
  5870,
  6399,
  6866,
  6826,
  6365,
  5926,
  0,
  554,
  456,
  1337,
  784,
  912,
  985,
  631,
  4761,
  1199,
  1182,
  5197,
  2771,
  2186,
  2729,
  4783,
  1205,
  7166,
  1156,
  4170],
 [4528,
  6369,
  8187,
  7962,
  6084,
  5328,
  5857,
  6324,
  6284,
  5823,
  5384,
  668,
  0,
  235,
  795,
  242,
  370,
  443,
  962,
  4219,
  1016,
  1583,
  4655,
  2229,
  1644,
  2187,
  4241,
  663,
  6624,
  1207,
  3628],
 [5166,
  7007,
  8825,
  8600,
  6722,
  5966,
  6495,
  6962,
  6922,
  6461,
  6022,
  433,
  650,
  0,
  1433,
  880,
  1008,
  1081,
  727,
  4857,
  1254,
  1278,
  5293,
  2867,
  2282,
  2825,
  4879,
  1278,
  7262,
  1252,
  4266],
 [3733,
  5574,
  7392,
  7167,
  5289,
  4533,
  5062,
  5529,
  5489,
  5028,
  4589,
  1680,
  1020,
  1247,
  0,
  1023,
  1151,
  1107,
  1262,
  3424,
  318,
  1113,
  3860,
  1434,
  849,
  1392,
  3446,
  774,
  5829,
  737,
  2833],
 [4286,
  6127,
  7945,
  7720,
  5842,
  5086,
  5615,
  6082,
  6042,
  5581,
  5142,
  1299,
  667,
  866,
  553,
  0,
  128,
  754,
  1102,
  3977,
  871,
  1666,
  4413,
  1987,
  1402,
  1945,
  3999,
  421,
  6382,
  1290,
  3386],
 [4158,
  5999,
  7817,
  7592,
  5714,
  4958,
  5487,
  5954,
  5914,
  5453,
  5014,
  1171,
  539,
  738,
  425,
  542,
  0,
  626,
  974,
  3849,
  743,
  1538,
  4285,
  1859,
  1274,
  1817,
  3871,
  293,
  6254,
  1162,
  3258],
 [4817,
  6658,
  8476,
  8251,
  6373,
  5617,
  6146,
  6613,
  6573,
  6112,
  5673,
  1188,
  528,
  755,
  1084,
  531,
  659,
  0,
  1482,
  4508,
  1536,
  2103,
  4944,
  2518,
  1933,
  2476,
  4530,
  937,
  6913,
  1727,
  3917],
 [4863,
  6704,
  8522,
  8297,
  6419,
  5663,
  6192,
  6659,
  6619,
  6158,
  5719,
  758,
  953,
  902,
  1293,
  1183,
  1311,
  1384,
  0,
  4554,
  944,
  551,
  4990,
  2564,
  1979,
  2522,
  4576,
  1161,
  6959,
  525,
  3963],
 [1700,
  3542,
  3971,
  3746,
  3257,
  2500,
  3029,
  3496,
  3456,
  2995,
  2556,
  3676,
  3016,
  3243,
  2950,
  3019,
  3147,
  3103,
  3317,
  0,
  2342,
  3168,
  1828,
  1750,
  2682,
  1752,
  1414,
  2770,
  3797,
  3142,
  752],
 [3889,
  5730,
  7548,
  7323,
  5445,
  4689,
  5218,
  5685,
  5645,
  5184,
  4745,
  1334,
  999,
  901,
  1063,
  1229,
  1357,
  1430,
  944,
  3580,
  0,
  795,
  4016,
  1590,
  1005,
  1548,
  3602,
  930,
  5985,
  419,
  2989],
 [4714,
  6555,
  8373,
  8148,
  6270,
  5514,
  6043,
  6510,
  6470,
  6009,
  5570,
  1309,
  1504,
  1468,
  1858,
  1734,
  1862,
  1935,
  551,
  4405,
  795,
  0,
  4841,
  2415,
  1830,
  2373,
  4427,
  2001,
  6810,
  376,
  3814],
 [2878,
  1714,
  3532,
  3307,
  1429,
  3678,
  3326,
  3158,
  3017,
  4173,
  3734,
  6241,
  5581,
  5808,
  5515,
  5584,
  5712,
  5668,
  5882,
  2569,
  4907,
  5733,
  0,
  4315,
  5247,
  4317,
  2418,
  5335,
  1969,
  5707,
  3317],
 [3816,
  5657,
  7475,
  7250,
  5372,
  4616,
  5145,
  5612,
  5572,
  5111,
  4672,
  1926,
  1266,
  1493,
  1200,
  1269,
  1397,
  1353,
  1567,
  3507,
  592,
  1418,
  3943,
  0,
  932,
  1475,
  3529,
  1020,
  5912,
  1392,
  2916],
 [2884,
  4725,
  6543,
  6318,
  4440,
  3684,
  4213,
  4680,
  4640,
  4179,
  3740,
  2511,
  1851,
  2078,
  1785,
  1854,
  1982,
  1938,
  2152,
  2575,
  1177,
  2003,
  3011,
  585,
  0,
  543,
  2597,
  1605,
  4980,
  1977,
  1984],
 [2341,
  4182,
  4612,
  4387,
  3897,
  3141,
  3670,
  4137,
  4097,
  3636,
  3197,
  4365,
  3705,
  3932,
  3639,
  3708,
  3836,
  3792,
  4006,
  2032,
  3031,
  3857,
  2468,
  2439,
  3371,
  0,
  2054,
  3459,
  4437,
  3831,
  1441],
 [1743,
  2128,
  3946,
  3721,
  1843,
  2543,
  3740,
  3572,
  3431,
  3038,
  2599,
  5110,
  4450,
  4677,
  4384,
  4453,
  4581,
  4537,
  4751,
  1434,
  3776,
  4602,
  414,
  3184,
  4116,
  3186,
  0,
  4204,
  2383,
  4576,
  2186],
 [4535,
  6376,
  8194,
  7969,
  6091,
  5335,
  5864,
  6331,
  6291,
  5830,
  5391,
  906,
  246,
  473,
  802,
  249,
  377,
  333,
  1200,
  4226,
  1254,
  1821,
  4662,
  2236,
  1651,
  2194,
  4248,
  0,
  6631,
  1445,
  3635],
 [2301,
  3969,
  4572,
  4347,
  3684,
  3101,
  3630,
  4097,
  4057,
  3596,
  3157,
  5664,
  5004,
  5231,
  4938,
  5007,
  5135,
  5091,
  5305,
  1992,
  4330,
  5156,
  2255,
  3738,
  4670,
  3740,
  1841,
  4758,
  0,
  5130,
  2740],
 [4688,
  6529,
  8347,
  8122,
  6244,
  5488,
  6017,
  6484,
  6444,
  5983,
  5544,
  1525,
  1190,
  1092,
  1482,
  1420,
  1548,
  1621,
  525,
  4379,
  419,
  376,
  4815,
  2389,
  1804,
  2347,
  4401,
  1349,
  6784,
  0,
  3788],
 [3341,
  5182,
  5612,
  5387,
  4897,
  4141,
  4670,
  5137,
  5097,
  4636,
  4197,
  2924,
  2264,
  2491,
  2198,
  2267,
  2395,
  2351,
  2565,
  3032,
  1590,
  2416,
  3468,
  998,
  1930,
  1000,
  3054,
  2018,
  5437,
  2390,
  0]]
