[[0,
  646,
  3319,
  4262,
  5067,
  4257,
  3941,
  1867,
  2853,
  5208,
  4261,
  2830,
  3393,
  3264,
  5136,
  2630,
  2048,
  1462,
  3799,
  4454,
  1794,
  3093,
  3633,
  4081,
  1989,
  4503,
  2901,
  4222,
  2058,
  4596,
  4702,
  2461,
  3774,
  3012,
  3487,
  3074,
  1790,
  2535,
  2310,
  2434,
  3689,
  3589,
  1318,
  2040,
  2353,
  1832,
  3282,
  4353,
  2355,
  2063,
  1489,
  3345,
  3790,
  2442,
  2634,
  3281,
  2556,
  2852,
  2553,
  3760,
  1741,
  4370,
  176,
  2507,
  3554,
  4187,
  2452,
  3666,
  2682,
  4555,
  3053,
  1155,
  2342,
  3624,
  2295,
  3772,
  2435,
  4152,
  3147,
  4483,
  2867,
  1870,
  3389,
  4013],
 [667,
  0,
  2673,
  3616,
  4421,
  3611,
  4103,
  1221,
  2207,
  4562,
  3615,
  2184,
  2747,
  2618,
  4490,
  1984,
  1402,
  1476,
  3153,
  3808,
  1808,
  2447,
  2987,
  3435,
  1343,
  3857,
  2255,
  3576,
  1412,
  3950,
  4056,
  1815,
  3128,
  2366,
  2841,
  2428,
  1144,
  1889,
  1664,
  1788,
  3043,
  2943,
  672,
  1394,
  1707,
  1186,
  2636,
  3707,
  1709,
  1417,
  843,
  2699,
  3144,
  1796,
  1988,
  2635,
  1910,
  2206,
  1907,
  3114,
  1095,
  3724,
  843,
  1861,
  2908,
  3541,
  1806,
  3020,
  2036,
  3909,
  2407,
  509,
  1696,
  2978,
  1649,
  3126,
  1789,
  3506,
  2501,
  3837,
  2221,
  1884,
  2743,
  3367],
 [2674,
  2667,
  0,
  1841,
  2562,
  4382,
  4874,
  1992,
  2978,
  2703,
  1756,
  2955,
  3093,
  3442,
  3961,
  2755,
  2173,
  3483,
  3924,
  1949,
  3815,
  2154,
  3758,
  4206,
  2114,
  4220,
  2292,
  3047,
  2183,
  2091,
  2197,
  2586,
  1269,
  3412,
  982,
  1824,
  1319,
  2317,
  2247,
  462,
  3814,
  1319,
  1740,
  1123,
  1223,
  2254,
  292,
  1618,
  2777,
  2485,
  1911,
  2095,
  1285,
  1463,
  1913,
  2031,
  2338,
  347,
  1304,
  1922,
  2163,
  4495,
  2850,
  1786,
  1716,
  2349,
  2577,
  3040,
  2807,
  3380,
  521,
  1826,
  1621,
  1119,
  1796,
  1502,
  2560,
  2977,
  642,
  4608,
  2250,
  3891,
  987,
  1528],
 [4516,
  4509,
  1842,
  0,
  3396,
  5209,
  5701,
  3834,
  5356,
  3537,
  2590,
  4700,
  3927,
  4276,
  4795,
  4872,
  4015,
  5325,
  4751,
  2783,
  5657,
  2988,
  4585,
  5033,
  3956,
  5054,
  3126,
  3881,
  4025,
  2925,
  3031,
  3625,
  2103,
  4246,
  1820,
  1865,
  3161,
  2358,
  2489,
  2304,
  4641,
  1360,
  3582,
  2965,
  2707,
  3184,
  2134,
  2072,
  3549,
  3940,
  3753,
  2625,
  1180,
  2542,
  2361,
  2072,
  2379,
  2189,
  2383,
  2190,
  3361,
  5187,
  4692,
  2488,
  2307,
  1906,
  3616,
  3874,
  3846,
  4214,
  1730,
  3668,
  2700,
  1957,
  2740,
  1057,
  4402,
  3811,
  1670,
  5435,
  3084,
  5733,
  1536,
  1300],
 [4806,
  4772,
  3043,
  3710,
  0,
  1813,
  2305,
  2805,
  1960,
  141,
  1745,
  1304,
  531,
  880,
  1399,
  1476,
  1884,
  3604,
  1355,
  1938,
  3590,
  1605,
  1189,
  1637,
  2351,
  1658,
  1898,
  485,
  1828,
  1365,
  2631,
  1400,
  3287,
  850,
  2938,
  4834,
  3373,
  4512,
  4287,
  3505,
  1245,
  4329,
  3474,
  3623,
  4009,
  3988,
  3335,
  4849,
  3913,
  4219,
  3645,
  5402,
  3238,
  3761,
  3355,
  5041,
  3935,
  3390,
  3872,
  4932,
  3897,
  1791,
  4982,
  3826,
  4726,
  4683,
  1449,
  478,
  1214,
  818,
  3564,
  3560,
  3661,
  3072,
  3530,
  4026,
  1711,
  415,
  2871,
  2039,
  1864,
  4012,
  4030,
  4035],
 [3796,
  4174,
  3928,
  4595,
  2325,
  0,
  492,
  2017,
  1348,
  2466,
  2630,
  1081,
  1519,
  2189,
  757,
  1253,
  2026,
  3006,
  468,
  2823,
  2992,
  2136,
  734,
  176,
  2371,
  498,
  2341,
  1373,
  2036,
  2250,
  3516,
  1843,
  4172,
  1838,
  3823,
  4439,
  2761,
  3900,
  3675,
  4390,
  568,
  5214,
  2862,
  3011,
  3397,
  3376,
  4220,
  5734,
  3899,
  3607,
  3033,
  6287,
  4123,
  3149,
  3341,
  5926,
  3921,
  4275,
  3260,
  5817,
  3285,
  365,
  3972,
  3214,
  5611,
  5568,
  1892,
  1787,
  1657,
  1706,
  4449,
  2948,
  3049,
  3957,
  2918,
  4911,
  1488,
  1303,
  3756,
  226,
  2307,
  3414,
  4915,
  4920],
 [3779,
  3745,
  4420,
  5087,
  2817,
  492,
  0,
  2509,
  1840,
  2958,
  3122,
  1573,
  2011,
  2681,
  1249,
  1745,
  2518,
  2577,
  960,
  3315,
  2563,
  2628,
  1226,
  668,
  2863,
  990,
  2833,
  1865,
  2528,
  2742,
  4008,
  2335,
  4664,
  2330,
  4315,
  4931,
  3253,
  4392,
  4167,
  4882,
  1060,
  5706,
  3354,
  3503,
  3889,
  3868,
  4712,
  6226,
  4391,
  4099,
  3525,
  6779,
  4615,
  3641,
  3833,
  6418,
  4413,
  4767,
  3752,
  6309,
  3777,
  857,
  3955,
  3706,
  6103,
  6060,
  2384,
  2279,
  2149,
  2198,
  4941,
  3440,
  3541,
  4449,
  3410,
  5403,
  1980,
  1795,
  4248,
  266,
  2799,
  2985,
  5407,
  5412],
 [1813,
  1806,
  2307,
  3250,
  3539,
  2622,
  3114,
  0,
  1218,
  3680,
  2317,
  963,
  1526,
  1397,
  3501,
  763,
  181,
  2622,
  2164,
  2510,
  2954,
  1226,
  1392,
  2446,
  354,
  2868,
  1034,
  2587,
  191,
  3464,
  2758,
  594,
  2762,
  1145,
  2475,
  2456,
  778,
  1917,
  1692,
  1422,
  2054,
  2487,
  879,
  1028,
  1414,
  1393,
  2239,
  3251,
  1916,
  1624,
  1050,
  2727,
  2778,
  1166,
  1358,
  2767,
  1938,
  1840,
  1277,
  2658,
  1302,
  2735,
  1989,
  1231,
  2452,
  3085,
  585,
  1799,
  815,
  2920,
  2010,
  965,
  1066,
  2612,
  935,
  2670,
  568,
  2517,
  2135,
  2848,
  1000,
  3030,
  2443,
  3001],
 [2448,
  2441,
  2942,
  3885,
  3037,
  2120,
  2612,
  845,
  0,
  3178,
  3342,
  1264,
  2231,
  1859,
  2999,
  1064,
  1026,
  2639,
  1662,
  3535,
  2625,
  2071,
  1496,
  1944,
  1317,
  2366,
  1879,
  2085,
  1036,
  2962,
  4228,
  1439,
  3397,
  1607,
  3110,
  3091,
  1413,
  2552,
  2327,
  2057,
  1552,
  3122,
  1514,
  1663,
  2049,
  2028,
  2874,
  3886,
  2551,
  2259,
  1685,
  3362,
  3413,
  1801,
  1993,
  3402,
  2573,
  2475,
  1912,
  3293,
  1937,
  2233,
  2624,
  1866,
  3087,
  3720,
  1430,
  2499,
  1660,
  2418,
  2645,
  1600,
  1701,
  3247,
  1570,
  3305,
  869,
  2015,
  2770,
  2346,
  1845,
  3047,
  3078,
  3636],
 [4681,
  4647,
  2902,
  3569,
  1299,
  1688,
  2180,
  1856,
  1835,
  0,
  1604,
  1179,
  390,
  739,
  1258,
  1351,
  1743,
  3479,
  1230,
  1797,
  3465,
  1464,
  1064,
  1512,
  2210,
  1517,
  1757,
  344,
  1687,
  1224,
  2490,
  1259,
  3146,
  709,
  2797,
  4693,
  3248,
  4387,
  4162,
  3364,
  1120,
  4188,
  3349,
  3498,
  3884,
  3863,
  3194,
  4708,
  4386,
  4094,
  3520,
  5261,
  3097,
  3636,
  3828,
  4900,
  4408,
  3249,
  3747,
  4791,
  3772,
  1650,
  4857,
  3701,
  4585,
  4542,
  1308,
  337,
  1073,
  677,
  3423,
  3435,
  3536,
  2931,
  3405,
  3885,
  1586,
  274,
  2730,
  1914,
  1723,
  3887,
  3889,
  3894],
 [5539,
  6254,
  2865,
  3532,
  1482,
  3295,
  3787,
  4287,
  3442,
  1623,
  0,
  2786,
  2013,
  2362,
  2881,
  2958,
  3366,
  5086,
  2837,
  193,
  5072,
  2645,
  2671,
  3119,
  3833,
  3140,
  2783,
  1967,
  3310,
  1187,
  441,
  2882,
  3109,
  2332,
  2760,
  4656,
  4184,
  5149,
  5280,
  3327,
  2727,
  4151,
  4605,
  3988,
  4088,
  4990,
  3157,
  4671,
  5642,
  5350,
  4776,
  5224,
  3060,
  4454,
  4904,
  4863,
  5170,
  3212,
  4295,
  4754,
  5028,
  3273,
  5715,
  4777,
  4548,
  4505,
  2931,
  1960,
  2696,
  2300,
  3386,
  4691,
  4612,
  2894,
  4661,
  3848,
  3193,
  1897,
  2693,
  3521,
  2741,
  5494,
  3852,
  3857],
 [2777,
  2770,
  3651,
  4318,
  2048,
  1081,
  1573,
  964,
  602,
  2189,
  2353,
  0,
  1242,
  1340,
  2010,
  200,
  973,
  3082,
  623,
  2546,
  3068,
  1627,
  457,
  905,
  1318,
  1327,
  1826,
  1096,
  983,
  1973,
  3239,
  1334,
  3895,
  1088,
  3546,
  3420,
  1742,
  2881,
  2656,
  2386,
  513,
  3451,
  1843,
  1992,
  2378,
  2357,
  3943,
  4215,
  2880,
  2588,
  2014,
  3691,
  3846,
  2130,
  2322,
  3731,
  2902,
  2804,
  2241,
  3622,
  2266,
  1194,
  2953,
  2195,
  3416,
  4049,
  1377,
  1510,
  1148,
  1429,
  2974,
  1929,
  2030,
  3680,
  1899,
  3634,
  435,
  1026,
  3479,
  1307,
  1792,
  3490,
  3407,
  3965],
 [3279,
  4486,
  2907,
  3574,
  1304,
  1527,
  2019,
  1466,
  1674,
  1445,
  1609,
  1018,
  0,
  875,
  1263,
  1190,
  1353,
  3318,
  1069,
  1802,
  3304,
  1162,
  903,
  1351,
  1820,
  1522,
  1367,
  349,
  1297,
  1229,
  2495,
  869,
  3151,
  319,
  2802,
  3922,
  2244,
  3383,
  3158,
  2888,
  959,
  4193,
  2345,
  2494,
  2880,
  2859,
  3199,
  4713,
  3382,
  3090,
  2516,
  5266,
  3102,
  2632,
  2824,
  4233,
  3404,
  3306,
  2743,
  4124,
  2768,
  1655,
  3455,
  2697,
  3918,
  4547,
  918,
  641,
  683,
  682,
  3428,
  2431,
  2532,
  2936,
  2401,
  3890,
  1475,
  279,
  2735,
  1753,
  1333,
  3726,
  3894,
  3899],
 [3212,
  3205,
  2876,
  3543,
  1141,
  1849,
  2341,
  1399,
  2020,
  1282,
  1578,
  1340,
  1045,
  0,
  1902,
  1512,
  1286,
  3664,
  1391,
  1771,
  3650,
  725,
  1225,
  1673,
  1753,
  2161,
  843,
  988,
  1230,
  1198,
  2019,
  802,
  3120,
  556,
  2771,
  3855,
  2177,
  3316,
  3091,
  2821,
  1281,
  4162,
  2278,
  2427,
  2813,
  2792,
  3168,
  4682,
  3315,
  3023,
  2449,
  4126,
  3071,
  2565,
  2757,
  4166,
  3337,
  3239,
  2676,
  4057,
  2701,
  2294,
  3388,
  2630,
  3851,
  4516,
  851,
  402,
  616,
  1321,
  3397,
  2364,
  2465,
  2905,
  2334,
  3859,
  1408,
  918,
  2704,
  2075,
  809,
  4072,
  3863,
  3868],
 [5523,
  5489,
  3644,
  4311,
  2041,
  757,
  1249,
  2698,
  2677,
  2182,
  2346,
  1398,
  1232,
  1902,
  0,
  1570,
  2585,
  4321,
  785,
  2539,
  4307,
  2394,
  1051,
  681,
  3052,
  259,
  2599,
  914,
  2529,
  1966,
  3232,
  2101,
  3888,
  1551,
  3539,
  5435,
  4090,
  5229,
  5004,
  4106,
  885,
  4930,
  4191,
  4340,
  4726,
  4705,
  3936,
  5450,
  5228,
  4936,
  4362,
  6003,
  3839,
  4478,
  4670,
  5642,
  5250,
  3991,
  4589,
  5533,
  4614,
  392,
  5699,
  4543,
  5327,
  5284,
  2150,
  1500,
  1915,
  581,
  4165,
  4277,
  4378,
  3673,
  4247,
  4627,
  1805,
  1016,
  3472,
  983,
  2565,
  4729,
  4631,
  4636],
 [2577,
  2570,
  3071,
  4014,
  2220,
  1253,
  1745,
  764,
  636,
  2361,
  2525,
  200,
  1414,
  1512,
  2182,
  0,
  773,
  3254,
  795,
  2718,
  3240,
  1818,
  629,
  1077,
  1118,
  1499,
  1626,
  1268,
  783,
  2145,
  3411,
  1186,
  3526,
  1112,
  3239,
  3220,
  1542,
  2681,
  2456,
  2186,
  685,
  3251,
  1643,
  1792,
  2178,
  2157,
  3003,
  4015,
  2680,
  2388,
  1814,
  3491,
  3542,
  1930,
  2122,
  3531,
  2702,
  2604,
  2041,
  3422,
  2066,
  1366,
  2753,
  1995,
  3216,
  3849,
  1177,
  1682,
  1407,
  1601,
  2774,
  1729,
  1830,
  3376,
  1699,
  3434,
  235,
  1198,
  2899,
  1479,
  1592,
  3662,
  3207,
  3765],
 [1926,
  1919,
  2420,
  3363,
  2924,
  1957,
  2449,
  113,
  1331,
  3065,
  3362,
  904,
  1628,
  1499,
  2886,
  704,
  0,
  2735,
  1499,
  3555,
  3067,
  1348,
  1333,
  1781,
  467,
  2203,
  1156,
  1972,
  313,
  2849,
  3803,
  716,
  2875,
  1247,
  2588,
  2569,
  891,
  2030,
  1805,
  1535,
  1389,
  2600,
  992,
  1141,
  1527,
  1506,
  2352,
  3364,
  2029,
  1737,
  1163,
  2840,
  2891,
  1279,
  1471,
  2880,
  2051,
  1953,
  1390,
  2771,
  1415,
  2070,
  2102,
  1344,
  2565,
  3198,
  707,
  1901,
  937,
  2305,
  2123,
  1078,
  1179,
  2725,
  1048,
  2783,
  509,
  1902,
  2248,
  2183,
  1122,
  3143,
  2556,
  3114],
 [2161,
  2127,
  4800,
  5743,
  4576,
  3659,
  2815,
  3439,
  2594,
  4717,
  4881,
  3382,
  3770,
  4440,
  4538,
  3554,
  3620,
  0,
  3201,
  5074,
  332,
  4437,
  3035,
  3483,
  3470,
  3905,
  4473,
  3624,
  3630,
  4501,
  5767,
  4639,
  5255,
  4089,
  4968,
  4555,
  3271,
  4016,
  3791,
  3915,
  3091,
  5070,
  2799,
  3521,
  3834,
  3313,
  4763,
  5834,
  3836,
  3536,
  2970,
  4826,
  5271,
  3923,
  4115,
  4762,
  4037,
  4333,
  4034,
  5241,
  3222,
  3772,
  2337,
  3988,
  5035,
  5668,
  4024,
  4038,
  4453,
  3957,
  4534,
  2636,
  3823,
  5105,
  3776,
  5253,
  3463,
  3554,
  4628,
  3885,
  4439,
  408,
  4870,
  5494],
 [3372,
  4301,
  3470,
  4137,
  1867,
  468,
  960,
  1559,
  1489,
  2008,
  2172,
  623,
  1061,
  1731,
  973,
  795,
  1568,
  3133,
  0,
  2365,
  3119,
  1678,
  276,
  292,
  1913,
  714,
  1883,
  915,
  1578,
  1792,
  3058,
  1385,
  3714,
  1380,
  3365,
  5261,
  2337,
  3476,
  3251,
  3932,
  110,
  4756,
  2438,
  2587,
  2973,
  2952,
  3762,
  5276,
  3475,
  3183,
  2609,
  5829,
  3665,
  2725,
  2917,
  5468,
  3497,
  3817,
  2836,
  5359,
  2861,
  581,
  3548,
  2790,
  5153,
  5110,
  1434,
  1329,
  1199,
  1248,
  3991,
  2524,
  2625,
  3499,
  2494,
  4453,
  1030,
  845,
  3298,
  694,
  1849,
  3541,
  4457,
  4462],
 [4299,
  4292,
  1625,
  2292,
  1165,
  2978,
  3470,
  3970,
  3125,
  1306,
  214,
  2469,
  1696,
  2045,
  2564,
  2641,
  3049,
  4769,
  2520,
  0,
  4755,
  1727,
  2354,
  2802,
  3739,
  2823,
  1865,
  1650,
  2993,
  694,
  248,
  2565,
  1869,
  2015,
  1520,
  3416,
  2944,
  3909,
  4040,
  2087,
  2410,
  2911,
  3365,
  2748,
  2848,
  3750,
  1917,
  3431,
  4402,
  4110,
  3536,
  3984,
  1820,
  3214,
  3664,
  3623,
  3930,
  1972,
  3055,
  3514,
  3788,
  2956,
  4475,
  3537,
  3308,
  3265,
  2614,
  1643,
  2379,
  1983,
  2146,
  3451,
  3372,
  1654,
  3421,
  2608,
  2876,
  1580,
  1453,
  3204,
  1823,
  5177,
  2612,
  2617],
 [1955,
  1921,
  4594,
  5537,
  4370,
  3453,
  2609,
  3233,
  2388,
  4511,
  4675,
  3176,
  3564,
  4234,
  4332,
  3348,
  3414,
  382,
  2995,
  4868,
  0,
  4231,
  2829,
  3277,
  3264,
  3699,
  4267,
  3418,
  3424,
  4295,
  5561,
  4433,
  5049,
  3883,
  4762,
  4349,
  3065,
  3810,
  3585,
  3709,
  2885,
  4864,
  2593,
  3315,
  3628,
  3107,
  4557,
  5628,
  3630,
  3330,
  2764,
  4620,
  5065,
  3717,
  3909,
  4556,
  3831,
  4127,
  3828,
  5035,
  3016,
  3566,
  2131,
  3782,
  4829,
  5462,
  3818,
  3832,
  4247,
  3751,
  4328,
  2430,
  3617,
  4899,
  3570,
  5047,
  3257,
  3348,
  4422,
  3679,
  4233,
  84,
  4664,
  5288],
 [3177,
  3170,
  2405,
  3072,
  1866,
  2136,
  2628,
  1364,
  2307,
  2007,
  1269,
  1627,
  1224,
  725,
  2409,
  1799,
  1251,
  3951,
  1678,
  1462,
  3937,
  0,
  1512,
  1960,
  1718,
  2668,
  326,
  1495,
  1195,
  1604,
  1710,
  825,
  2649,
  843,
  2300,
  4196,
  2142,
  3281,
  3056,
  2867,
  1568,
  3691,
  2243,
  2392,
  2778,
  2757,
  2697,
  4211,
  3280,
  2988,
  2414,
  4764,
  2600,
  2530,
  2722,
  4403,
  3302,
  2752,
  2641,
  4294,
  2666,
  2249,
  3353,
  2595,
  4088,
  4045,
  816,
  1127,
  903,
  1828,
  2926,
  2329,
  2430,
  2434,
  2299,
  3388,
  1695,
  1425,
  2233,
  2362,
  284,
  4359,
  3392,
  3397],
 [3206,
  4135,
  3304,
  3971,
  1701,
  734,
  1226,
  1393,
  1323,
  1842,
  2006,
  457,
  895,
  1565,
  1663,
  629,
  1402,
  2967,
  276,
  2199,
  2953,
  1512,
  0,
  558,
  1747,
  980,
  1717,
  749,
  1412,
  1626,
  2892,
  1219,
  3548,
  1214,
  3199,
  5095,
  2171,
  3310,
  3085,
  3766,
  166,
  4590,
  2272,
  2421,
  2807,
  2786,
  3596,
  5110,
  3309,
  3017,
  2443,
  5663,
  3499,
  2559,
  2751,
  5302,
  3331,
  3651,
  2670,
  5193,
  2695,
  847,
  3382,
  2624,
  4987,
  4944,
  1268,
  1163,
  1033,
  1082,
  3825,
  2358,
  2459,
  3333,
  2328,
  4287,
  864,
  679,
  3132,
  960,
  1683,
  3375,
  4291,
  4296],
 [3620,
  3998,
  3752,
  4419,
  2149,
  176,
  668,
  1841,
  1172,
  2290,
  2454,
  905,
  1343,
  2013,
  681,
  1077,
  1850,
  2830,
  292,
  2647,
  2816,
  1960,
  558,
  0,
  2195,
  422,
  2165,
  1197,
  1860,
  2074,
  3340,
  1667,
  3996,
  1662,
  3647,
  5543,
  2585,
  3724,
  3499,
  4214,
  392,
  5038,
  2686,
  2835,
  3221,
  3200,
  4044,
  5558,
  3723,
  3431,
  2857,
  6111,
  3947,
  2973,
  3165,
  5750,
  3745,
  4099,
  3084,
  5641,
  3109,
  289,
  3796,
  3038,
  5435,
  5392,
  1716,
  1611,
  1481,
  1530,
  4273,
  2772,
  2873,
  3781,
  2742,
  4735,
  1312,
  1127,
  3580,
  402,
  2131,
  3238,
  4739,
  4744],
 [2485,
  2478,
  2979,
  3922,
  3185,
  2268,
  2760,
  672,
  864,
  3326,
  3490,
  973,
  2379,
  1568,
  3147,
  773,
  681,
  2787,
  1810,
  3683,
  2773,
  1726,
  1644,
  2092,
  0,
  2514,
  1534,
  2233,
  691,
  3110,
  4376,
  1094,
  3434,
  1316,
  3147,
  3128,
  1450,
  2589,
  2364,
  2094,
  1700,
  3159,
  1551,
  1700,
  2086,
  2065,
  2911,
  3923,
  2588,
  2296,
  1722,
  3399,
  3450,
  1838,
  2030,
  3439,
  2610,
  2512,
  1949,
  3330,
  1974,
  2381,
  2661,
  1903,
  3124,
  3757,
  1085,
  2647,
  1315,
  2566,
  2682,
  1637,
  1738,
  3284,
  1607,
  3342,
  578,
  2163,
  2807,
  2494,
  1500,
  3195,
  3115,
  3673],
 [4042,
  4420,
  3903,
  4570,
  2300,
  498,
  990,
  2075,
  1594,
  2441,
  2605,
  1139,
  1491,
  2161,
  259,
  1311,
  2844,
  3252,
  526,
  2798,
  3238,
  2653,
  792,
  422,
  2429,
  0,
  2858,
  1173,
  2094,
  2225,
  3491,
  2360,
  4147,
  1810,
  3798,
  5694,
  3007,
  4146,
  3921,
  4365,
  626,
  5189,
  3108,
  3257,
  3643,
  3622,
  4195,
  5709,
  4145,
  3853,
  3279,
  6262,
  4098,
  3395,
  3587,
  5901,
  4167,
  4250,
  3506,
  5792,
  3531,
  133,
  4218,
  3460,
  5586,
  5543,
  2409,
  1759,
  2174,
  840,
  4424,
  3194,
  3295,
  3932,
  3164,
  4886,
  1546,
  1275,
  3731,
  724,
  2824,
  3660,
  4890,
  4895],
 [3098,
  3091,
  2419,
  3086,
  2089,
  2328,
  2820,
  1285,
  2499,
  2230,
  1283,
  1819,
  1416,
  917,
  2601,
  1991,
  1172,
  4143,
  1870,
  1476,
  4129,
  192,
  1704,
  2152,
  1639,
  2860,
  0,
  1687,
  1116,
  1618,
  1724,
  746,
  2663,
  1035,
  2314,
  4210,
  2063,
  3202,
  2977,
  2881,
  1760,
  3705,
  2164,
  2313,
  2699,
  2678,
  2711,
  4225,
  3201,
  2909,
  2335,
  4778,
  2614,
  2451,
  2643,
  4417,
  3223,
  2766,
  2562,
  4308,
  2587,
  2441,
  3274,
  2516,
  4102,
  4059,
  737,
  1319,
  967,
  2020,
  2940,
  2250,
  2351,
  2448,
  2220,
  3402,
  1681,
  1617,
  2247,
  2554,
  205,
  4551,
  3406,
  3411],
 [4609,
  4575,
  2730,
  3397,
  1127,
  1616,
  2108,
  1784,
  1763,
  1268,
  1432,
  1107,
  318,
  988,
  914,
  1279,
  1671,
  3407,
  1158,
  1625,
  3393,
  1480,
  992,
  1440,
  2138,
  1173,
  1685,
  0,
  1615,
  1052,
  2318,
  1187,
  2974,
  637,
  2625,
  4521,
  3176,
  4315,
  4090,
  3192,
  1048,
  4016,
  3277,
  3426,
  3812,
  3791,
  3022,
  4536,
  4314,
  4022,
  3448,
  5089,
  2925,
  3564,
  3756,
  4728,
  4336,
  3077,
  3675,
  4619,
  3700,
  1306,
  4785,
  3629,
  4413,
  4370,
  1236,
  586,
  1001,
  333,
  3251,
  3363,
  3464,
  2759,
  3333,
  3713,
  1514,
  102,
  2558,
  1842,
  1651,
  3815,
  3717,
  3722],
 [2076,
  2069,
  2570,
  3513,
  2561,
  2247,
  2739,
  263,
  1481,
  2702,
  2126,
  1054,
  1335,
  1206,
  2520,
  854,
  150,
  2885,
  1789,
  2319,
  3217,
  1035,
  1623,
  2071,
  617,
  2779,
  843,
  1606,
  0,
  2486,
  2567,
  403,
  3025,
  954,
  2738,
  2719,
  1041,
  2180,
  1955,
  1685,
  1679,
  2750,
  1142,
  1291,
  1677,
  1656,
  2502,
  3514,
  2179,
  1887,
  1313,
  2990,
  3041,
  1429,
  1621,
  3030,
  2201,
  2103,
  1540,
  2921,
  1565,
  2360,
  2252,
  1494,
  2715,
  3348,
  394,
  1608,
  624,
  1939,
  2273,
  1228,
  1329,
  2875,
  1198,
  2933,
  659,
  1536,
  2398,
  2473,
  809,
  3293,
  2706,
  3264],
 [4352,
  4345,
  1678,
  2345,
  961,
  2774,
  3266,
  3766,
  2921,
  1102,
  380,
  2265,
  1492,
  1841,
  2360,
  2437,
  2845,
  4565,
  2316,
  573,
  4551,
  1780,
  2150,
  2598,
  3792,
  2619,
  1918,
  1446,
  2789,
  0,
  821,
  2361,
  1922,
  1811,
  1573,
  3469,
  2997,
  3962,
  4093,
  2140,
  2206,
  2964,
  3418,
  2801,
  2901,
  3803,
  1970,
  3484,
  4455,
  4163,
  3589,
  4037,
  1873,
  3267,
  3717,
  3676,
  3983,
  2025,
  3108,
  3567,
  3841,
  2752,
  4528,
  3590,
  3361,
  3318,
  2410,
  1439,
  2175,
  1779,
  2199,
  3504,
  3425,
  1707,
  3474,
  2661,
  2672,
  1376,
  1506,
  3000,
  1876,
  4973,
  2665,
  2670],
 [4547,
  4540,
  1873,
  2540,
  1413,
  3226,
  3718,
  4218,
  3373,
  1554,
  462,
  2717,
  1944,
  2293,
  2812,
  2889,
  3297,
  5017,
  2768,
  248,
  5003,
  1975,
  2602,
  3050,
  3987,
  3071,
  2113,
  1898,
  3241,
  942,
  0,
  2813,
  2117,
  2263,
  1768,
  3664,
  3192,
  4157,
  4288,
  2335,
  2658,
  3159,
  3613,
  2996,
  3096,
  3998,
  2165,
  3679,
  4650,
  4358,
  3784,
  4232,
  2068,
  3462,
  3912,
  3871,
  4178,
  2220,
  3303,
  3762,
  4036,
  3204,
  4723,
  3785,
  3556,
  3513,
  2862,
  1891,
  2627,
  2231,
  2394,
  3699,
  3620,
  1902,
  3669,
  2856,
  3124,
  1828,
  1701,
  3452,
  2071,
  5425,
  2860,
  2865],
 [2410,
  2403,
  2917,
  3584,
  2158,
  1844,
  2336,
  597,
  2015,
  2299,
  1781,
  1335,
  932,
  803,
  2117,
  1188,
  484,
  3659,
  1386,
  1974,
  3645,
  690,
  1220,
  1668,
  951,
  2376,
  498,
  1203,
  428,
  2083,
  2222,
  0,
  3161,
  551,
  2812,
  3053,
  1375,
  2514,
  2289,
  2019,
  1276,
  3084,
  1476,
  1625,
  2011,
  1990,
  2836,
  3848,
  2513,
  2221,
  1647,
  3324,
  3112,
  1763,
  1955,
  3364,
  2535,
  2437,
  1874,
  3255,
  1899,
  1957,
  2586,
  1828,
  3049,
  3682,
  49,
  1205,
  221,
  1536,
  2607,
  1562,
  1663,
  2946,
  1532,
  3267,
  993,
  1133,
  2745,
  2070,
  464,
  4067,
  3040,
  3598],
 [4042,
  4035,
  1368,
  2035,
  1293,
  3106,
  3598,
  2061,
  3253,
  1434,
  487,
  2597,
  1824,
  2173,
  2692,
  2769,
  1948,
  4897,
  2648,
  680,
  4883,
  885,
  2482,
  2930,
  2415,
  2951,
  1023,
  1778,
  1892,
  822,
  928,
  1522,
  0,
  2143,
  1263,
  3159,
  2687,
  3652,
  3783,
  1830,
  2538,
  2654,
  3108,
  2491,
  2591,
  3493,
  1660,
  3174,
  4145,
  3853,
  3279,
  3727,
  1563,
  2957,
  3407,
  3366,
  3673,
  1715,
  2798,
  3257,
  3531,
  3084,
  4218,
  3280,
  3051,
  3008,
  1513,
  1771,
  1743,
  2111,
  1889,
  3194,
  3115,
  1397,
  3164,
  2351,
  3004,
  1708,
  1196,
  3332,
  981,
  5305,
  2355,
  2360],
 [2960,
  2953,
  3210,
  3877,
  1607,
  1597,
  2089,
  1147,
  1977,
  1748,
  1912,
  1088,
  381,
  556,
  1566,
  1118,
  1034,
  3621,
  1139,
  2105,
  3607,
  843,
  973,
  1421,
  1501,
  1825,
  1048,
  652,
  978,
  1532,
  2798,
  550,
  3454,
  0,
  3105,
  3603,
  1925,
  3064,
  2839,
  2569,
  1029,
  4496,
  2026,
  2175,
  2561,
  2540,
  3502,
  5016,
  3063,
  2771,
  2197,
  3874,
  3405,
  2313,
  2505,
  3914,
  3085,
  2987,
  2424,
  3805,
  2449,
  1958,
  3136,
  2378,
  3599,
  4850,
  599,
  944,
  364,
  985,
  3731,
  2112,
  2213,
  3239,
  2082,
  4193,
  1156,
  582,
  3038,
  1823,
  1014,
  4029,
  4197,
  4202],
 [3202,
  3195,
  528,
  1189,
  2065,
  3878,
  4370,
  2520,
  4025,
  2206,
  1259,
  3369,
  2596,
  2945,
  3464,
  3541,
  2701,
  4011,
  3420,
  1452,
  4343,
  1657,
  3254,
  3702,
  2642,
  3723,
  1795,
  2550,
  2711,
  1594,
  1700,
  2294,
  772,
  2915,
  0,
  2313,
  1847,
  2806,
  2775,
  990,
  3310,
  1808,
  2268,
  1651,
  1751,
  2782,
  820,
  2328,
  3305,
  3013,
  2439,
  2881,
  717,
  1991,
  2441,
  2520,
  2827,
  875,
  1832,
  2411,
  2691,
  3856,
  3378,
  2314,
  2205,
  2162,
  2285,
  2543,
  2515,
  2883,
  1049,
  2354,
  2149,
  551,
  2324,
  1505,
  3088,
  2480,
  356,
  4104,
  1753,
  4419,
  1515,
  1520],
 [3015,
  3562,
  2036,
  2103,
  4712,
  4990,
  5482,
  2600,
  3586,
  4853,
  3906,
  3563,
  5243,
  5592,
  6111,
  3363,
  2781,
  3824,
  4532,
  4099,
  4156,
  4304,
  4366,
  4814,
  2722,
  6370,
  4442,
  5197,
  2791,
  4241,
  4347,
  3194,
  3419,
  5562,
  3136,
  0,
  2523,
  750,
  881,
  2063,
  4422,
  796,
  2081,
  1920,
  1689,
  1576,
  1641,
  1277,
  1941,
  2332,
  1971,
  271,
  2496,
  1725,
  1201,
  464,
  771,
  1948,
  1424,
  824,
  1753,
  6503,
  3191,
  1328,
  941,
  1111,
  3185,
  5190,
  3415,
  5530,
  1412,
  2167,
  1780,
  3273,
  1781,
  979,
  3168,
  5127,
  2986,
  5216,
  4400,
  4232,
  950,
  1222],
 [1490,
  1483,
  1984,
  2927,
  3732,
  3198,
  3690,
  808,
  1794,
  3873,
  2926,
  1771,
  2334,
  2205,
  4077,
  1571,
  989,
  2299,
  2740,
  3119,
  2631,
  2034,
  2574,
  3022,
  930,
  3444,
  1842,
  3163,
  999,
  3261,
  3367,
  1402,
  2439,
  1953,
  2152,
  2133,
  0,
  1594,
  1369,
  1099,
  2630,
  2164,
  556,
  705,
  1091,
  1070,
  1916,
  2928,
  1593,
  1301,
  727,
  2404,
  2455,
  843,
  1035,
  2444,
  1615,
  1517,
  954,
  2335,
  979,
  3311,
  1666,
  908,
  2129,
  2762,
  1393,
  2607,
  1623,
  3496,
  1687,
  642,
  743,
  2289,
  612,
  2347,
  1376,
  3093,
  1812,
  3424,
  1808,
  2707,
  2120,
  2678],
 [2359,
  2352,
  2418,
  1917,
  4508,
  4334,
  4826,
  1944,
  2930,
  4649,
  3702,
  2907,
  3470,
  3341,
  5213,
  2707,
  2125,
  3168,
  3876,
  3895,
  3500,
  3170,
  3710,
  4158,
  2066,
  4580,
  2978,
  4299,
  2135,
  4037,
  4143,
  2538,
  3215,
  3089,
  2932,
  663,
  1867,
  0,
  225,
  2445,
  3766,
  1178,
  1425,
  2117,
  1497,
  920,
  2023,
  1942,
  1285,
  1676,
  1315,
  934,
  2292,
  1069,
  545,
  870,
  115,
  2330,
  1180,
  1349,
  1097,
  4447,
  2535,
  672,
  1143,
  1776,
  2529,
  4986,
  2759,
  4632,
  1794,
  1511,
  1124,
  3069,
  1307,
  1361,
  2512,
  4229,
  2782,
  4560,
  2944,
  3576,
  1332,
  1604],
 [2134,
  2127,
  2519,
  2018,
  4609,
  4109,
  4601,
  1719,
  2705,
  4750,
  3803,
  2682,
  3245,
  3116,
  4988,
  2482,
  1900,
  2943,
  3651,
  3996,
  3275,
  2945,
  3485,
  3933,
  1841,
  4355,
  2753,
  4074,
  1910,
  4138,
  4244,
  2313,
  3316,
  2864,
  3033,
  764,
  1642,
  225,
  0,
  2546,
  3541,
  1279,
  1200,
  1892,
  1272,
  695,
  2124,
  2043,
  986,
  1180,
  1090,
  1035,
  2393,
  844,
  320,
  971,
  246,
  2431,
  955,
  1450,
  872,
  4222,
  2310,
  447,
  1244,
  1877,
  2304,
  3518,
  2534,
  4407,
  1895,
  1286,
  899,
  3170,
  1082,
  1462,
  2287,
  4004,
  2883,
  4335,
  2719,
  3351,
  1433,
  1705],
 [2212,
  2205,
  1404,
  2347,
  3152,
  3920,
  4412,
  1530,
  2516,
  3293,
  2346,
  2493,
  3683,
  2927,
  4551,
  2293,
  1711,
  3021,
  3462,
  2539,
  3353,
  2756,
  3296,
  3744,
  1652,
  4166,
  2564,
  3637,
  1721,
  2681,
  2787,
  2124,
  1859,
  2675,
  1572,
  1780,
  857,
  2316,
  2091,
  0,
  3352,
  1757,
  1278,
  661,
  761,
  1792,
  1318,
  2471,
  2315,
  2023,
  1449,
  2051,
  1875,
  1102,
  1757,
  1987,
  2337,
  937,
  943,
  1878,
  1701,
  4033,
  2388,
  1630,
  1672,
  2305,
  2115,
  3630,
  2345,
  3970,
  1089,
  1364,
  1465,
  1709,
  1334,
  1890,
  2098,
  3815,
  1232,
  4146,
  2530,
  3429,
  1425,
  2098],
 [3262,
  4191,
  3360,
  4027,
  1757,
  568,
  1060,
  1449,
  1379,
  1898,
  2062,
  513,
  951,
  1621,
  1073,
  685,
  1458,
  3023,
  110,
  2255,
  3007,
  1568,
  166,
  392,
  1803,
  814,
  1773,
  805,
  1468,
  1682,
  2948,
  1275,
  3604,
  1270,
  3255,
  5151,
  2227,
  3366,
  3141,
  3822,
  0,
  4646,
  2328,
  2477,
  2863,
  2842,
  3652,
  5166,
  3365,
  3073,
  2499,
  5719,
  3555,
  2615,
  2807,
  5358,
  3387,
  3707,
  2726,
  5249,
  2751,
  681,
  3438,
  2680,
  5043,
  5000,
  1324,
  1219,
  1089,
  1138,
  3881,
  2414,
  2515,
  3389,
  2384,
  4343,
  920,
  735,
  3188,
  794,
  1739,
  3429,
  4347,
  4352],
 [3419,
  3966,
  1418,
  917,
  3508,
  5321,
  5813,
  2975,
  3961,
  3649,
  2702,
  4812,
  4039,
  4388,
  4907,
  3738,
  3156,
  4228,
  4863,
  2895,
  4560,
  3100,
  4697,
  5145,
  3097,
  5166,
  3238,
  3993,
  3166,
  3037,
  3143,
  3569,
  2215,
  4358,
  1932,
  661,
  2302,
  1154,
  1285,
  1445,
  4753,
  0,
  2485,
  1734,
  1503,
  1980,
  1023,
  299,
  2345,
  2736,
  2375,
  932,
  1292,
  1606,
  1157,
  868,
  1175,
  1330,
  1447,
  759,
  2157,
  5299,
  3595,
  1284,
  553,
  449,
  3560,
  3986,
  3790,
  4326,
  794,
  2571,
  1764,
  2069,
  1804,
  361,
  3543,
  3923,
  1782,
  5547,
  3196,
  4636,
  332,
  604],
 [1443,
  1436,
  2671,
  3227,
  4282,
  3472,
  3964,
  1082,
  2068,
  4423,
  3476,
  2045,
  2608,
  2479,
  4351,
  1845,
  1263,
  2252,
  3014,
  3669,
  2584,
  2308,
  2848,
  3296,
  1204,
  3718,
  2116,
  3437,
  1273,
  3811,
  3917,
  1676,
  2989,
  2227,
  2702,
  1973,
  1005,
  1434,
  1209,
  1649,
  2904,
  2488,
  0,
  1255,
  1552,
  514,
  2247,
  3252,
  1037,
  745,
  171,
  2244,
  2686,
  1124,
  1316,
  2180,
  1455,
  2067,
  1235,
  2659,
  423,
  3585,
  1619,
  1189,
  2453,
  3086,
  1667,
  2881,
  1897,
  3770,
  2018,
  595,
  1024,
  2839,
  1362,
  2671,
  1650,
  3367,
  2362,
  3698,
  2082,
  2660,
  2354,
  2914],
 [1930,
  1923,
  1279,
  2222,
  3027,
  3638,
  4130,
  1248,
  2234,
  3168,
  2221,
  2211,
  3558,
  3907,
  4426,
  2011,
  1429,
  2739,
  3180,
  2414,
  3071,
  2619,
  3014,
  3462,
  1370,
  4685,
  2282,
  3512,
  1439,
  2556,
  2662,
  1842,
  1734,
  2393,
  1447,
  1709,
  575,
  2034,
  1809,
  394,
  3070,
  1918,
  996,
  0,
  479,
  1510,
  1479,
  2400,
  2033,
  1741,
  1167,
  1980,
  1750,
  907,
  1475,
  1916,
  2055,
  812,
  796,
  1807,
  1419,
  3751,
  2106,
  1348,
  1601,
  2234,
  1833,
  3505,
  2063,
  3845,
  1250,
  1082,
  1183,
  1584,
  1052,
  1819,
  1816,
  3442,
  1107,
  3864,
  2715,
  3147,
  1586,
  1973],
 [2063,
  2056,
  1594,
  2222,
  3342,
  3771,
  4263,
  1381,
  2367,
  3483,
  2536,
  2344,
  2907,
  2778,
  4650,
  2144,
  1562,
  2872,
  3313,
  2729,
  3204,
  2607,
  3147,
  3595,
  1503,
  4017,
  2415,
  3736,
  1572,
  2871,
  2977,
  1975,
  2049,
  2526,
  1762,
  1578,
  708,
  1485,
  1260,
  709,
  3203,
  1505,
  1129,
  315,
  0,
  1012,
  1261,
  2269,
  1789,
  1497,
  1300,
  1849,
  1700,
  428,
  926,
  1785,
  1506,
  1127,
  317,
  1676,
  1189,
  3884,
  2239,
  799,
  1470,
  2103,
  1966,
  3820,
  2196,
  4069,
  1032,
  1215,
  634,
  1899,
  553,
  1688,
  1949,
  3666,
  1422,
  3997,
  2381,
  3280,
  1368,
  1909],
 [1653,
  1646,
  2157,
  2713,
  4492,
  3682,
  4174,
  1292,
  2278,
  4633,
  3686,
  2255,
  2818,
  2689,
  4561,
  2055,
  1473,
  2462,
  3224,
  3879,
  2794,
  2518,
  3058,
  3506,
  1414,
  3928,
  2326,
  3647,
  1483,
  4021,
  4127,
  1886,
  3199,
  2437,
  2912,
  1459,
  1215,
  920,
  695,
  1859,
  3114,
  1974,
  811,
  1465,
  1038,
  0,
  1733,
  2738,
  777,
  485,
  395,
  1730,
  2172,
  610,
  802,
  1666,
  941,
  2277,
  721,
  2145,
  177,
  3795,
  1829,
  675,
  1939,
  2572,
  1877,
  3091,
  2107,
  3980,
  1504,
  805,
  510,
  3049,
  848,
  2157,
  1860,
  3577,
  2572,
  3908,
  2292,
  2870,
  1840,
  2400],
 [2634,
  2627,
  774,
  1549,
  2522,
  4342,
  4834,
  1952,
  2938,
  2663,
  1716,
  2915,
  3053,
  3402,
  3921,
  2715,
  2133,
  3443,
  3884,
  1909,
  3775,
  2114,
  3711,
  4166,
  2074,
  4180,
  2252,
  3007,
  2143,
  2051,
  2157,
  2546,
  1229,
  3372,
  942,
  1532,
  1279,
  2025,
  1955,
  422,
  3774,
  1027,
  1700,
  1083,
  1183,
  1707,
  0,
  1326,
  2484,
  2192,
  1871,
  1803,
  1027,
  1171,
  1621,
  1739,
  2046,
  307,
  1012,
  1630,
  1884,
  4313,
  2810,
  1494,
  1424,
  2057,
  2537,
  3000,
  2767,
  3340,
  229,
  1786,
  1329,
  1079,
  1369,
  1210,
  2520,
  2937,
  602,
  4568,
  2210,
  3851,
  695,
  1236],
 [3639,
  4186,
  1638,
  1137,
  3728,
  5541,
  6033,
  3195,
  4181,
  3869,
  2922,
  5032,
  4259,
  4608,
  5127,
  3958,
  3376,
  4448,
  5083,
  3115,
  4780,
  3320,
  4917,
  5365,
  3317,
  5386,
  3458,
  4213,
  3386,
  3257,
  3363,
  3789,
  2435,
  4578,
  2152,
  881,
  2522,
  1374,
  1505,
  1665,
  4973,
  220,
  2705,
  1954,
  1723,
  2200,
  1243,
  0,
  2565,
  2956,
  2595,
  1152,
  1512,
  1826,
  1377,
  1088,
  1395,
  1550,
  1667,
  979,
  2377,
  5519,
  3815,
  1504,
  773,
  371,
  3780,
  4206,
  4010,
  4546,
  1014,
  2791,
  1984,
  2289,
  2024,
  581,
  3763,
  4143,
  2002,
  5767,
  3416,
  4856,
  552,
  824],
 [1628,
  1621,
  2912,
  3306,
  4965,
  4155,
  4647,
  1765,
  2751,
  5106,
  4159,
  2728,
  3291,
  3162,
  5034,
  2528,
  1946,
  2437,
  3697,
  4352,
  2769,
  2991,
  3531,
  3979,
  1887,
  4401,
  2799,
  4120,
  1956,
  4494,
  4600,
  2359,
  3672,
  2910,
  3385,
  2052,
  1688,
  1513,
  1094,
  2332,
  3587,
  2567,
  1216,
  1938,
  1793,
  755,
  2488,
  3331,
  0,
  391,
  868,
  2323,
  2927,
  1365,
  1557,
  2259,
  1534,
  2750,
  1476,
  2738,
  650,
  4268,
  1804,
  1430,
  2532,
  3165,
  2350,
  3564,
  2580,
  4453,
  2259,
  1278,
  1265,
  3522,
  1603,
  2750,
  2333,
  4050,
  3045,
  4381,
  2765,
  2845,
  2721,
  2993],
 [1735,
  1578,
  2521,
  3077,
  4574,
  3764,
  4256,
  1374,
  2360,
  4715,
  3768,
  2337,
  2900,
  2771,
  4643,
  2137,
  1555,
  2544,
  3306,
  3961,
  2876,
  2600,
  3140,
  3588,
  1496,
  4010,
  2408,
  3729,
  1565,
  4103,
  4209,
  1968,
  3281,
  2519,
  2994,
  1823,
  1297,
  1284,
  1059,
  1941,
  3196,
  2338,
  825,
  1547,
  1402,
  364,
  2097,
  3102,
  643,
  0,
  477,
  2094,
  2536,
  974,
  1166,
  2030,
  1305,
  2359,
  1085,
  2509,
  259,
  3877,
  1911,
  1039,
  2303,
  2936,
  1959,
  3173,
  2189,
  4062,
  1868,
  887,
  874,
  3131,
  1212,
  2521,
  1942,
  3659,
  2654,
  3990,
  2374,
  2952,
  2204,
  2764],
 [1728,
  1817,
  2500,
  3056,
  4567,
  3757,
  4249,
  1367,
  2353,
  4708,
  3761,
  2330,
  2893,
  2764,
  4636,
  2130,
  1548,
  2537,
  3299,
  3954,
  2869,
  2593,
  3133,
  3581,
  1489,
  4003,
  2401,
  3722,
  1558,
  4096,
  4202,
  1961,
  3274,
  2512,
  2987,
  1802,
  1290,
  1263,
  1038,
  1934,
  3189,
  2317,
  1154,
  1540,
  1381,
  343,
  2076,
  3081,
  866,
  574,
  0,
  2073,
  2515,
  953,
  1145,
  2009,
  1284,
  2352,
  1064,
  2488,
  252,
  3870,
  1904,
  1018,
  2282,
  2915,
  1952,
  3166,
  2182,
  4055,
  1847,
  880,
  853,
  3124,
  1191,
  2500,
  1935,
  3652,
  2647,
  3983,
  2367,
  2945,
  2183,
  2743],
 [3046,
  3593,
  2067,
  1566,
  4157,
  5021,
  5513,
  2631,
  3617,
  4298,
  3351,
  3594,
  4688,
  5037,
  5556,
  3394,
  2812,
  3855,
  4563,
  3544,
  4187,
  3749,
  4397,
  4845,
  2753,
  5815,
  3887,
  4642,
  2822,
  3686,
  3792,
  3225,
  2864,
  5007,
  2581,
  495,
  2554,
  781,
  912,
  2094,
  4453,
  827,
  2112,
  1951,
  1720,
  1607,
  1672,
  1161,
  1972,
  2363,
  2002,
  0,
  1941,
  1756,
  1232,
  495,
  802,
  1979,
  1455,
  708,
  1784,
  5134,
  3222,
  1359,
  792,
  995,
  3216,
  4635,
  3446,
  4975,
  1443,
  2198,
  1811,
  2718,
  1812,
  1010,
  3199,
  4572,
  2431,
  5247,
  3845,
  4263,
  981,
  1253],
 [3736,
  3729,
  1062,
  472,
  2616,
  4429,
  4921,
  3054,
  4576,
  2757,
  1810,
  3920,
  3147,
  3496,
  4015,
  4092,
  3235,
  4545,
  3971,
  2003,
  4877,
  2208,
  3805,
  4253,
  3176,
  4274,
  2346,
  3101,
  3245,
  2145,
  2251,
  2845,
  1323,
  3466,
  1040,
  1596,
  2381,
  2089,
  2220,
  1524,
  3861,
  1091,
  2802,
  2185,
  1868,
  2298,
  1354,
  1611,
  3280,
  3671,
  2973,
  2164,
  0,
  1762,
  2092,
  1803,
  2110,
  1409,
  1603,
  1694,
  2475,
  4407,
  3912,
  2219,
  1488,
  1445,
  2836,
  3094,
  3066,
  3434,
  950,
  2888,
  1920,
  1177,
  1960,
  788,
  3622,
  3031,
  890,
  4655,
  2304,
  4953,
  1267,
  1031],
 [2049,
  2042,
  1547,
  2084,
  3778,
  4024,
  4516,
  1634,
  2620,
  3919,
  2972,
  2597,
  3160,
  3031,
  4903,
  2397,
  1815,
  2858,
  3566,
  3165,
  3190,
  2860,
  3400,
  3848,
  1756,
  4270,
  2668,
  3989,
  1825,
  3307,
  3413,
  2228,
  2485,
  2779,
  2065,
  1622,
  1136,
  1083,
  858,
  1137,
  3456,
  1351,
  1115,
  743,
  428,
  610,
  1123,
  2115,
  1387,
  1095,
  1005,
  1893,
  1562,
  0,
  524,
  1631,
  1104,
  1430,
  111,
  1522,
  787,
  4137,
  2225,
  397,
  1316,
  1949,
  2219,
  4256,
  2449,
  4322,
  894,
  1201,
  232,
  2202,
  374,
  1534,
  2202,
  3919,
  1725,
  4250,
  2634,
  3266,
  1230,
  1771],
 [2241,
  2234,
  2071,
  1868,
  4302,
  4216,
  4708,
  1826,
  2812,
  4443,
  3496,
  2789,
  3352,
  3223,
  5095,
  2589,
  2007,
  3050,
  3758,
  3689,
  3382,
  3052,
  3592,
  4040,
  1948,
  4462,
  2860,
  4181,
  2017,
  3831,
  3937,
  2420,
  3009,
  2971,
  2589,
  1098,
  1749,
  559,
  334,
  1661,
  3648,
  1129,
  1307,
  1267,
  952,
  802,
  1647,
  1893,
  1176,
  1287,
  1197,
  1369,
  2086,
  524,
  0,
  1409,
  580,
  1954,
  635,
  1300,
  979,
  4329,
  2417,
  127,
  1094,
  1727,
  2411,
  3625,
  2641,
  4514,
  1418,
  1393,
  722,
  2726,
  762,
  1312,
  2394,
  4111,
  2249,
  4442,
  2826,
  3458,
  1085,
  1555],
 [2551,
  3098,
  2610,
  2109,
  4700,
  4526,
  5018,
  2136,
  3122,
  4841,
  3894,
  3099,
  3662,
  3533,
  5405,
  2899,
  2317,
  3360,
  4068,
  4087,
  3692,
  3362,
  3902,
  4350,
  2258,
  4772,
  3170,
  4491,
  2327,
  4229,
  4335,
  2730,
  3407,
  3281,
  3124,
  855,
  2059,
  286,
  417,
  2637,
  3958,
  1370,
  1617,
  2309,
  1689,
  1112,
  2215,
  2134,
  1477,
  1868,
  1507,
  1126,
  2484,
  1261,
  737,
  0,
  307,
  2522,
  1372,
  1541,
  1289,
  4639,
  2727,
  864,
  1335,
  1968,
  2721,
  5178,
  2951,
  4824,
  1986,
  1703,
  1316,
  3261,
  1499,
  1553,
  2704,
  4421,
  2974,
  4752,
  3136,
  3768,
  1524,
  1796],
 [2798,
  2791,
  3265,
  2764,
  5355,
  5325,
  5817,
  2935,
  3921,
  5496,
  4549,
  3898,
  4461,
  4332,
  6204,
  3698,
  3116,
  3607,
  4867,
  4742,
  3939,
  4161,
  4701,
  5149,
  3057,
  5571,
  3969,
  5290,
  3126,
  4884,
  4990,
  3529,
  4062,
  4080,
  3779,
  1510,
  2858,
  971,
  1072,
  3292,
  4757,
  2025,
  2272,
  3108,
  2344,
  1925,
  2870,
  2789,
  1170,
  1561,
  2038,
  1781,
  3139,
  1916,
  1392,
  1717,
  0,
  3177,
  2027,
  2196,
  1820,
  5438,
  2974,
  1519,
  1990,
  2623,
  3520,
  5833,
  3750,
  5623,
  2641,
  2448,
  1971,
  3916,
  2154,
  2208,
  3503,
  5220,
  3629,
  5551,
  3935,
  4015,
  2179,
  2451],
 [3141,
  3134,
  467,
  1410,
  2215,
  4028,
  4520,
  2459,
  4175,
  2356,
  1409,
  3519,
  2746,
  3095,
  3614,
  3691,
  2640,
  3950,
  3570,
  1602,
  4282,
  1807,
  3404,
  3852,
  2581,
  3873,
  1945,
  2700,
  2650,
  1744,
  1850,
  2444,
  922,
  3065,
  635,
  1913,
  1786,
  2406,
  2380,
  929,
  3460,
  1408,
  2207,
  1590,
  1690,
  2132,
  759,
  2549,
  2909,
  2617,
  2378,
  3102,
  938,
  1596,
  2046,
  2120,
  2427,
  0,
  1437,
  2011,
  2309,
  4006,
  3317,
  1919,
  1805,
  2383,
  2435,
  2693,
  2665,
  3033,
  784,
  2293,
  1754,
  772,
  1794,
  1591,
  3027,
  2630,
  295,
  4254,
  1903,
  4358,
  1120,
  1161],
 [2160,
  2153,
  1436,
  1973,
  3667,
  4088,
  4580,
  1698,
  2684,
  3808,
  2861,
  2661,
  3224,
  3095,
  4967,
  2461,
  1879,
  2969,
  3630,
  3054,
  3301,
  2924,
  3464,
  3912,
  1820,
  4334,
  2732,
  4053,
  1889,
  3196,
  3302,
  2292,
  2374,
  2843,
  1954,
  1313,
  1025,
  1236,
  1011,
  1026,
  3520,
  1240,
  1226,
  632,
  317,
  721,
  1012,
  2004,
  1498,
  1206,
  1116,
  1584,
  1451,
  111,
  677,
  1520,
  1257,
  1319,
  0,
  1411,
  898,
  4201,
  2336,
  550,
  1205,
  1838,
  2283,
  4145,
  2513,
  4386,
  783,
  1312,
  385,
  2091,
  434,
  1423,
  2266,
  3983,
  1614,
  4314,
  2698,
  3377,
  1119,
  1660],
 [3665,
  4212,
  2474,
  1419,
  4028,
  5841,
  6333,
  3250,
  4236,
  4169,
  3222,
  5332,
  4559,
  4908,
  5427,
  4013,
  3431,
  4474,
  5383,
  3415,
  4806,
  3620,
  5217,
  5665,
  3372,
  5686,
  3758,
  4513,
  3441,
  3557,
  3663,
  4257,
  2735,
  4878,
  2452,
  921,
  2194,
  1400,
  1531,
  2936,
  5273,
  813,
  2731,
  1994,
  1763,
  2226,
  1715,
  593,
  2591,
  2982,
  2621,
  619,
  1812,
  1657,
  1417,
  1114,
  1421,
  2022,
  1498,
  0,
  2403,
  5819,
  3841,
  1544,
  301,
  427,
  4248,
  4506,
  4478,
  4846,
  1486,
  2817,
  1815,
  2589,
  1855,
  1053,
  3818,
  4443,
  2302,
  6067,
  3716,
  4882,
  1024,
  1296],
 [1476,
  1469,
  2567,
  3274,
  4315,
  3505,
  3997,
  1115,
  2101,
  4456,
  3509,
  2078,
  2641,
  2512,
  4384,
  1878,
  1296,
  2285,
  3047,
  3702,
  2617,
  2341,
  2881,
  3329,
  1237,
  3751,
  2149,
  3470,
  1306,
  3844,
  3950,
  1709,
  3022,
  2260,
  2735,
  2020,
  1038,
  1481,
  1256,
  1682,
  2937,
  2535,
  566,
  1288,
  1601,
  561,
  2294,
  3299,
  1084,
  792,
  218,
  2291,
  3038,
  1171,
  1363,
  2227,
  1502,
  2100,
  1282,
  2706,
  0,
  3618,
  1652,
  1236,
  2500,
  3133,
  1700,
  2914,
  1930,
  3803,
  2065,
  628,
  1071,
  2872,
  1543,
  2718,
  1683,
  3400,
  2395,
  3731,
  2115,
  2693,
  2401,
  2961],
 [3909,
  4287,
  4041,
  4708,
  2438,
  365,
  857,
  2130,
  1461,
  2579,
  2743,
  1194,
  1632,
  2302,
  392,
  1366,
  2139,
  3119,
  581,
  2936,
  3105,
  2249,
  847,
  289,
  2484,
  133,
  2454,
  1306,
  2149,
  2363,
  3629,
  1956,
  4285,
  1951,
  3936,
  4552,
  2874,
  4013,
  3788,
  4503,
  681,
  5327,
  2975,
  3124,
  3510,
  3489,
  4333,
  5847,
  4012,
  3720,
  3146,
  6400,
  4236,
  3262,
  3454,
  6039,
  4034,
  4388,
  3373,
  5930,
  3398,
  0,
  4085,
  3327,
  5724,
  5681,
  2005,
  1900,
  1770,
  973,
  4562,
  3061,
  3162,
  4070,
  3031,
  5024,
  1601,
  1416,
  3869,
  591,
  2420,
  3527,
  5028,
  5033],
 [811,
  777,
  3450,
  4393,
  5198,
  4388,
  4072,
  1998,
  2984,
  5339,
  4392,
  2961,
  3524,
  3395,
  5267,
  2761,
  2179,
  1593,
  3930,
  4585,
  1925,
  3224,
  3764,
  4212,
  2120,
  4634,
  3032,
  4353,
  2189,
  4727,
  4833,
  2592,
  3905,
  3143,
  3618,
  3205,
  1921,
  2666,
  2441,
  2565,
  3820,
  3720,
  1449,
  2171,
  2484,
  1963,
  3413,
  4484,
  2486,
  2194,
  1620,
  3476,
  3921,
  2573,
  2765,
  3412,
  2687,
  2983,
  2684,
  3891,
  1872,
  4501,
  0,
  2638,
  3685,
  4318,
  2583,
  3797,
  2813,
  4686,
  3184,
  1286,
  2473,
  3755,
  2426,
  3903,
  2566,
  4283,
  3278,
  4614,
  2998,
  2001,
  3520,
  4144],
 [2114,
  2107,
  1944,
  1995,
  4175,
  4089,
  4581,
  1699,
  2685,
  4316,
  3369,
  2662,
  3225,
  3096,
  4968,
  2462,
  1880,
  2923,
  3631,
  3562,
  3255,
  2925,
  3465,
  3913,
  1821,
  4335,
  2733,
  4054,
  1890,
  3704,
  3810,
  2293,
  2882,
  2844,
  2462,
  1225,
  1622,
  686,
  461,
  1534,
  3521,
  1256,
  1180,
  1140,
  825,
  675,
  1520,
  2020,
  1452,
  1160,
  1070,
  1496,
  1959,
  397,
  127,
  1536,
  707,
  1827,
  508,
  1427,
  852,
  4202,
  2290,
  0,
  1221,
  1854,
  2284,
  3498,
  2514,
  4387,
  1291,
  1266,
  595,
  2599,
  635,
  1439,
  2267,
  3984,
  2122,
  4315,
  2699,
  3331,
  1212,
  1682],
 [3466,
  4013,
  1897,
  1625,
  4234,
  6047,
  6539,
  2654,
  3640,
  4375,
  3428,
  5538,
  4765,
  5114,
  5633,
  3417,
  2835,
  4275,
  5589,
  3621,
  4607,
  3826,
  5423,
  5871,
  2776,
  5892,
  3964,
  4719,
  2845,
  3763,
  3869,
  3248,
  2941,
  5084,
  2658,
  708,
  1981,
  1201,
  1332,
  1924,
  5479,
  657,
  2532,
  1781,
  1550,
  2027,
  1502,
  799,
  2392,
  2783,
  2422,
  825,
  2018,
  1444,
  1204,
  915,
  1222,
  1809,
  1285,
  206,
  2204,
  6025,
  3642,
  1331,
  0,
  633,
  3239,
  4712,
  3469,
  5052,
  1273,
  2618,
  1602,
  2795,
  1642,
  840,
  3222,
  4649,
  2508,
  6273,
  3922,
  4683,
  811,
  1083],
 [3805,
  4352,
  1804,
  1315,
  3924,
  5737,
  6229,
  3361,
  5884,
  4065,
  3118,
  5228,
  4455,
  4804,
  5323,
  4124,
  3542,
  4614,
  5279,
  3311,
  4946,
  3516,
  5113,
  5561,
  3483,
  5582,
  3654,
  4409,
  3552,
  3453,
  3559,
  4153,
  2631,
  4774,
  2348,
  1047,
  2688,
  1540,
  1671,
  1831,
  5169,
  386,
  2871,
  2120,
  1889,
  2366,
  1409,
  166,
  2731,
  3122,
  2761,
  1090,
  1708,
  1992,
  1543,
  1254,
  1561,
  1716,
  1833,
  655,
  2543,
  5715,
  3981,
  1670,
  772,
  0,
  4144,
  4402,
  4374,
  4742,
  1180,
  2957,
  2150,
  2485,
  2190,
  747,
  3929,
  4339,
  2198,
  5963,
  3612,
  5022,
  718,
  990],
 [2746,
  2739,
  2868,
  3535,
  2113,
  2238,
  2730,
  933,
  2409,
  2254,
  1732,
  1729,
  1326,
  972,
  2511,
  1524,
  820,
  4053,
  1780,
  1925,
  4039,
  641,
  1614,
  2062,
  1287,
  2770,
  449,
  1597,
  764,
  2067,
  2173,
  394,
  3112,
  945,
  2763,
  3389,
  1711,
  2850,
  2625,
  2355,
  1670,
  3420,
  1812,
  1961,
  2347,
  2326,
  3160,
  4674,
  2849,
  2557,
  1983,
  3660,
  3063,
  2099,
  2291,
  3700,
  2871,
  2773,
  2210,
  3591,
  2235,
  2351,
  2922,
  2164,
  3385,
  4508,
  0,
  1374,
  615,
  1930,
  2943,
  1898,
  1999,
  2897,
  1868,
  3851,
  1329,
  1527,
  2696,
  2464,
  415,
  4461,
  3376,
  3860],
 [3614,
  4900,
  2474,
  3141,
  739,
  1941,
  2433,
  1801,
  2088,
  880,
  1176,
  1432,
  643,
  402,
  1500,
  1604,
  1688,
  3732,
  1483,
  1369,
  3718,
  1127,
  1317,
  1765,
  2155,
  1759,
  1245,
  586,
  1632,
  796,
  1617,
  1204,
  2718,
  962,
  2369,
  4265,
  2579,
  3718,
  3493,
  2936,
  1373,
  3760,
  2680,
  2829,
  3215,
  3194,
  2766,
  4280,
  3717,
  3425,
  2851,
  4833,
  2669,
  2967,
  3159,
  4472,
  3739,
  2821,
  3078,
  4363,
  3103,
  1892,
  3790,
  3032,
  4157,
  4114,
  1253,
  0,
  1018,
  919,
  2995,
  2766,
  2867,
  2503,
  2736,
  3457,
  1810,
  516,
  2302,
  2167,
  1211,
  4140,
  3461,
  3466],
 [2886,
  2879,
  3540,
  4207,
  1937,
  1623,
  2115,
  1073,
  1794,
  2078,
  2242,
  1114,
  711,
  582,
  1896,
  884,
  727,
  3438,
  1165,
  2435,
  3424,
  869,
  999,
  1447,
  1427,
  2155,
  741,
  982,
  671,
  1862,
  3128,
  243,
  3784,
  330,
  3435,
  3529,
  1851,
  2990,
  2765,
  2495,
  1055,
  3560,
  1952,
  2101,
  2487,
  2466,
  3832,
  4324,
  2989,
  2697,
  2123,
  3800,
  3735,
  2239,
  2431,
  3840,
  3011,
  2913,
  2350,
  3731,
  2375,
  1736,
  3062,
  2304,
  3525,
  4158,
  292,
  984,
  0,
  1315,
  3083,
  2038,
  2139,
  3569,
  2008,
  3743,
  922,
  912,
  3368,
  1849,
  707,
  3846,
  3516,
  4074],
 [4942,
  4908,
  3063,
  3730,
  1460,
  1338,
  1830,
  2117,
  2096,
  1601,
  1765,
  1440,
  651,
  1321,
  581,
  1612,
  2004,
  3740,
  1491,
  1958,
  3726,
  1813,
  1325,
  1262,
  2471,
  840,
  2018,
  333,
  1948,
  1385,
  2651,
  1520,
  3307,
  970,
  2958,
  4854,
  3509,
  4648,
  4423,
  3525,
  1381,
  4349,
  3610,
  3759,
  4145,
  4124,
  3355,
  4869,
  4647,
  4355,
  3781,
  5422,
  3258,
  3897,
  4089,
  5061,
  4669,
  3410,
  4008,
  4952,
  4033,
  973,
  5118,
  3962,
  4746,
  4703,
  1569,
  919,
  1334,
  0,
  3584,
  3696,
  3797,
  3092,
  3666,
  4046,
  1847,
  435,
  2891,
  1564,
  1984,
  4148,
  4050,
  4055],
 [2863,
  2856,
  783,
  1320,
  2751,
  4571,
  5063,
  2181,
  3167,
  2892,
  1945,
  3144,
  3282,
  3631,
  4150,
  2944,
  2362,
  3672,
  4113,
  2138,
  4004,
  2343,
  3940,
  4395,
  2303,
  4409,
  2481,
  3236,
  2372,
  2280,
  2386,
  2775,
  1458,
  3601,
  1171,
  1303,
  1508,
  1796,
  1726,
  651,
  4003,
  798,
  1929,
  1312,
  1048,
  1478,
  229,
  1097,
  2255,
  1963,
  2100,
  1574,
  798,
  942,
  1392,
  1510,
  1817,
  536,
  783,
  1401,
  1655,
  4542,
  3039,
  1265,
  1195,
  1828,
  2766,
  3229,
  2996,
  3569,
  0,
  2015,
  1100,
  1308,
  1140,
  981,
  2749,
  3166,
  831,
  4797,
  2439,
  4080,
  466,
  1007],
 [848,
  841,
  2392,
  3335,
  4140,
  3330,
  3822,
  940,
  1926,
  4281,
  3334,
  1903,
  2466,
  2337,
  4209,
  1703,
  1121,
  1657,
  2872,
  3527,
  1989,
  2166,
  2706,
  3154,
  1062,
  3576,
  1974,
  3295,
  1131,
  3669,
  3775,
  1534,
  2847,
  2085,
  2560,
  2147,
  863,
  1608,
  1383,
  1507,
  2762,
  2662,
  391,
  1113,
  1426,
  905,
  2355,
  3426,
  1428,
  1136,
  562,
  2418,
  2863,
  1515,
  1707,
  2354,
  1629,
  1925,
  1626,
  2833,
  814,
  3443,
  1024,
  1580,
  2627,
  3260,
  1525,
  2739,
  1755,
  3628,
  2126,
  0,
  1415,
  2697,
  1368,
  2845,
  1508,
  3225,
  2220,
  3556,
  1940,
  2065,
  2462,
  3086],
 [2642,
  2635,
  1836,
  2186,
  4067,
  4617,
  5109,
  2227,
  3213,
  4208,
  3261,
  3190,
  3753,
  3624,
  5496,
  2990,
  2408,
  3451,
  4159,
  3454,
  3783,
  3453,
  3993,
  4441,
  2349,
  4863,
  3261,
  4582,
  2418,
  3596,
  3702,
  2821,
  2774,
  3372,
  2354,
  1416,
  1425,
  877,
  652,
  1426,
  4049,
  1447,
  1708,
  1032,
  717,
  809,
  1412,
  2211,
  1494,
  1294,
  1204,
  1687,
  1851,
  289,
  318,
  1727,
  898,
  1719,
  400,
  1618,
  986,
  4730,
  2818,
  191,
  1412,
  2045,
  2812,
  4026,
  3042,
  4915,
  1183,
  1794,
  0,
  2491,
  573,
  1630,
  2795,
  4512,
  2014,
  4843,
  3227,
  3859,
  1403,
  1873],
 [3534,
  3527,
  860,
  638,
  2414,
  4227,
  4719,
  2852,
  4374,
  2555,
  1608,
  3718,
  2945,
  3294,
  3813,
  3890,
  3033,
  4343,
  3769,
  1801,
  4675,
  2006,
  3603,
  4051,
  2974,
  4072,
  2144,
  2899,
  3043,
  1943,
  2049,
  2643,
  1121,
  3264,
  838,
  1762,
  2179,
  2255,
  2386,
  1322,
  3659,
  1257,
  2600,
  1897,
  1666,
  2096,
  977,
  1777,
  2873,
  2581,
  2771,
  2330,
  166,
  1560,
  2010,
  1969,
  2276,
  1284,
  1401,
  1860,
  2273,
  4205,
  3710,
  1883,
  1654,
  1611,
  2634,
  2892,
  2864,
  3232,
  748,
  2686,
  1718,
  0,
  1758,
  954,
  3420,
  2829,
  688,
  4453,
  2102,
  4751,
  1084,
  1125],
 [1948,
  1941,
  1778,
  2291,
  4009,
  3923,
  4415,
  1533,
  2519,
  4150,
  3203,
  2496,
  3059,
  2930,
  4802,
  2296,
  1714,
  2757,
  3465,
  3396,
  3089,
  2759,
  3299,
  3747,
  1655,
  4169,
  2567,
  3888,
  1724,
  3538,
  3644,
  2127,
  2716,
  2678,
  2296,
  1521,
  1367,
  982,
  757,
  1368,
  3355,
  1552,
  1014,
  974,
  659,
  509,
  1354,
  2316,
  1286,
  994,
  904,
  1792,
  1793,
  231,
  423,
  1832,
  1003,
  1661,
  342,
  1723,
  686,
  4036,
  2124,
  296,
  1517,
  2150,
  2118,
  3332,
  2348,
  4221,
  1125,
  1100,
  131,
  2433,
  0,
  1735,
  2101,
  3818,
  1956,
  4149,
  2533,
  3165,
  1508,
  1978],
 [3731,
  3724,
  1057,
  556,
  3147,
  4960,
  5452,
  3049,
  5107,
  3288,
  2341,
  4451,
  3678,
  4027,
  4546,
  3812,
  3230,
  4540,
  4502,
  2534,
  4872,
  2739,
  4336,
  4784,
  3171,
  4805,
  2877,
  3632,
  3240,
  2676,
  2782,
  3376,
  1854,
  3997,
  1571,
  1295,
  2376,
  1788,
  1872,
  1519,
  4392,
  790,
  2797,
  2180,
  1822,
  2252,
  1177,
  1695,
  3029,
  2737,
  2968,
  2248,
  931,
  1716,
  1638,
  1502,
  1809,
  1484,
  1557,
  1813,
  2429,
  4938,
  3907,
  2039,
  1187,
  1529,
  3367,
  3625,
  3597,
  3965,
  948,
  2883,
  1874,
  1708,
  1914,
  0,
  3617,
  3562,
  1421,
  5186,
  2835,
  4948,
  542,
  243],
 [2942,
  4617,
  4018,
  4685,
  2415,
  1448,
  1940,
  1129,
  813,
  2556,
  2720,
  395,
  1609,
  1347,
  2377,
  195,
  1299,
  3449,
  990,
  2913,
  3435,
  1783,
  824,
  1272,
  1483,
  1694,
  1591,
  1463,
  1148,
  2340,
  3606,
  1151,
  4262,
  1095,
  3913,
  3585,
  1907,
  3046,
  2821,
  2551,
  880,
  3616,
  2008,
  2157,
  2543,
  2522,
  4310,
  5824,
  3045,
  2753,
  2179,
  3856,
  4213,
  2295,
  2487,
  3896,
  3067,
  2969,
  2406,
  3787,
  2431,
  1561,
  3118,
  2360,
  3581,
  5658,
  1142,
  1877,
  1127,
  1796,
  3139,
  2094,
  2195,
  4047,
  2064,
  3799,
  0,
  1393,
  3846,
  1674,
  1557,
  3857,
  3572,
  5010],
 [5831,
  5797,
  2628,
  3295,
  1025,
  2838,
  3330,
  3830,
  2985,
  1166,
  1330,
  2329,
  1556,
  1905,
  2424,
  2501,
  2909,
  4629,
  2380,
  1523,
  4615,
  2630,
  2214,
  2662,
  3376,
  2683,
  2923,
  1510,
  2853,
  950,
  2216,
  2425,
  2872,
  1875,
  2523,
  4419,
  3947,
  4912,
  5043,
  3090,
  2270,
  3914,
  4499,
  3751,
  3851,
  4753,
  2920,
  4434,
  5536,
  5244,
  4670,
  4987,
  2823,
  4217,
  4667,
  4626,
  4933,
  2975,
  4058,
  4517,
  4922,
  2816,
  6007,
  4540,
  4311,
  4268,
  2474,
  1503,
  2239,
  1843,
  3149,
  4585,
  4375,
  2657,
  4555,
  3611,
  2736,
  0,
  2456,
  3064,
  2889,
  5037,
  3615,
  3620],
 [2846,
  2839,
  172,
  1477,
  2734,
  4554,
  5046,
  2164,
  3150,
  2875,
  1928,
  3127,
  3265,
  3614,
  4133,
  2927,
  2345,
  3655,
  4096,
  2121,
  3987,
  2326,
  3930,
  4378,
  2286,
  4392,
  2464,
  3219,
  2355,
  2263,
  2369,
  2758,
  1441,
  3584,
  1154,
  1996,
  1491,
  2489,
  2419,
  634,
  3986,
  1491,
  1912,
  1295,
  1395,
  2426,
  464,
  1790,
  2949,
  2657,
  2083,
  2267,
  955,
  1635,
  2085,
  2203,
  2510,
  519,
  1476,
  2094,
  2335,
  4667,
  3022,
  1958,
  1888,
  2450,
  2749,
  3212,
  2979,
  3552,
  693,
  1998,
  1793,
  1291,
  1968,
  1674,
  2732,
  3149,
  0,
  4780,
  2422,
  4063,
  1159,
  1164],
 [4045,
  4011,
  4154,
  4821,
  2551,
  226,
  266,
  2243,
  1574,
  2692,
  2856,
  1307,
  1745,
  2415,
  983,
  1479,
  2252,
  2843,
  694,
  3049,
  2829,
  2362,
  960,
  402,
  2597,
  724,
  2567,
  1599,
  2262,
  2476,
  3742,
  2069,
  4398,
  2064,
  4049,
  4665,
  2987,
  4126,
  3901,
  4616,
  794,
  5440,
  3088,
  3237,
  3623,
  3602,
  4446,
  5960,
  4125,
  3833,
  3259,
  6513,
  4349,
  3375,
  3567,
  6152,
  4147,
  4501,
  3486,
  6043,
  3511,
  591,
  4221,
  3440,
  5837,
  5794,
  2118,
  2013,
  1883,
  1932,
  4675,
  3174,
  3275,
  4183,
  3144,
  5137,
  1714,
  1529,
  3982,
  0,
  2533,
  3251,
  5141,
  5146],
 [2893,
  2886,
  2527,
  3194,
  1902,
  2172,
  2664,
  1080,
  2343,
  2043,
  1391,
  1663,
  1260,
  761,
  2445,
  1671,
  967,
  3987,
  1714,
  1584,
  3973,
  300,
  1548,
  1996,
  1434,
  2704,
  108,
  1531,
  911,
  1726,
  1832,
  541,
  2771,
  879,
  2422,
  3536,
  1858,
  2997,
  2772,
  2502,
  1604,
  3813,
  1959,
  2108,
  2494,
  2473,
  2819,
  4333,
  2996,
  2704,
  2130,
  3807,
  2722,
  2246,
  2438,
  3847,
  3018,
  2920,
  2357,
  3738,
  2382,
  2285,
  3069,
  2311,
  3532,
  4167,
  532,
  1163,
  762,
  1864,
  3048,
  2045,
  2146,
  2556,
  2015,
  3510,
  1476,
  1461,
  2355,
  2398,
  0,
  4395,
  3523,
  3519],
 [1937,
  1903,
  4576,
  5519,
  4352,
  3435,
  2591,
  3215,
  2370,
  4493,
  4657,
  3158,
  3546,
  4216,
  4314,
  3330,
  3396,
  735,
  2977,
  4850,
  493,
  4213,
  2811,
  3259,
  3246,
  3681,
  4249,
  3400,
  3406,
  4277,
  5543,
  4415,
  5031,
  3865,
  4744,
  4331,
  3047,
  3792,
  3567,
  3691,
  2867,
  4846,
  2575,
  3297,
  3610,
  3089,
  4539,
  5610,
  3612,
  3312,
  2746,
  4602,
  5047,
  3699,
  3891,
  4538,
  3813,
  4109,
  3810,
  5017,
  2998,
  3548,
  2113,
  3764,
  4811,
  5444,
  3800,
  3814,
  4229,
  3733,
  4310,
  2412,
  3599,
  4881,
  3552,
  5029,
  3239,
  3330,
  4404,
  3661,
  4215,
  0,
  4646,
  5270],
 [3325,
  3318,
  1127,
  958,
  3213,
  5033,
  5525,
  2643,
  3629,
  3354,
  2407,
  3606,
  3744,
  4093,
  4612,
  3406,
  2824,
  4134,
  4575,
  2600,
  4466,
  2805,
  4402,
  4857,
  2765,
  4871,
  2943,
  3698,
  2834,
  2742,
  2848,
  3237,
  1920,
  4063,
  1633,
  837,
  1970,
  1330,
  1330,
  1113,
  4465,
  332,
  2391,
  1611,
  1380,
  1810,
  691,
  631,
  2521,
  2295,
  2562,
  1108,
  1130,
  1274,
  1096,
  1044,
  1351,
  998,
  1115,
  935,
  1987,
  5004,
  3501,
  1223,
  729,
  1362,
  3228,
  3691,
  3458,
  4031,
  462,
  2477,
  1432,
  1770,
  1472,
  515,
  3211,
  3628,
  1293,
  5259,
  2901,
  4542,
  0,
  645],
 [4024,
  4017,
  1350,
  313,
  2904,
  4717,
  5209,
  3342,
  4864,
  3045,
  2098,
  4208,
  3435,
  3784,
  4303,
  4380,
  3523,
  4833,
  4259,
  2291,
  5165,
  2496,
  4093,
  4541,
  3464,
  4562,
  2634,
  3389,
  3533,
  2433,
  2539,
  3133,
  1611,
  3754,
  1328,
  1512,
  2669,
  2005,
  2136,
  1812,
  4149,
  1007,
  3090,
  2473,
  2156,
  2586,
  1642,
  1452,
  3196,
  3071,
  3261,
  2005,
  688,
  2050,
  2500,
  1719,
  2026,
  1697,
  1891,
  1570,
  2763,
  4695,
  4200,
  2373,
  1687,
  1286,
  3124,
  3382,
  3354,
  3722,
  1238,
  3176,
  2208,
  1465,
  2248,
  704,
  3910,
  3319,
  1178,
  4943,
  2592,
  5241,
  1183,
  0]]
