[[0,
  2171,
  2897,
  4153,
  3915,
  3858,
  1432,
  3096,
  10793,
  2534,
  2974,
  2270,
  2700,
  3393,
  3067,
  3543,
  3866,
  3266,
  4549,
  3367,
  2936,
  3959,
  4070,
  4395,
  3605,
  5280,
  4128,
  4708,
  4921,
  3158,
  3219,
  4342,
  5773,
  5230,
  4328,
  3792,
  2227,
  4864,
  2672,
  3871,
  2218,
  3330,
  3377,
  4273,
  4169,
  3918,
  1870,
  4047,
  3733,
  3284,
  4584,
  4090,
  4703,
  2789,
  3490,
  5844,
  1585,
  3422,
  3893,
  4484,
  4079,
  1011,
  4167],
 [788,
  0,
  926,
  2182,
  2222,
  2165,
  2220,
  1125,
  11581,
  563,
  1281,
  3058,
  1007,
  1422,
  1374,
  1572,
  2173,
  1573,
  2578,
  1674,
  1243,
  4747,
  2377,
  5183,
  4393,
  6068,
  4916,
  5496,
  2950,
  3946,
  4007,
  5130,
  2750,
  6018,
  2635,
  2099,
  3015,
  5652,
  3460,
  4659,
  140,
  4118,
  4165,
  5061,
  4957,
  4706,
  2658,
  4835,
  4521,
  4072,
  5372,
  4878,
  5491,
  3577,
  4278,
  2821,
  2373,
  1729,
  4681,
  3279,
  2386,
  1799,
  2474],
 [1710,
  988,
  0,
  1256,
  3144,
  3087,
  3142,
  199,
  12503,
  544,
  2203,
  3980,
  1929,
  732,
  2296,
  646,
  3095,
  2495,
  1652,
  2596,
  2165,
  5669,
  3299,
  6105,
  5315,
  5727,
  5838,
  6418,
  2024,
  4868,
  4929,
  6052,
  3672,
  6940,
  3557,
  3021,
  3937,
  6574,
  4382,
  5581,
  1000,
  5040,
  5087,
  5983,
  5879,
  5628,
  3580,
  5757,
  5443,
  4994,
  6294,
  5800,
  6413,
  4499,
  5200,
  3743,
  3295,
  2651,
  5603,
  4201,
  3308,
  2721,
  3396],
 [2787,
  2065,
  1333,
  0,
  4221,
  4164,
  4219,
  1178,
  13580,
  1621,
  3280,
  5057,
  3006,
  1809,
  3373,
  610,
  4172,
  3572,
  396,
  3673,
  3242,
  6746,
  4376,
  7182,
  6392,
  8067,
  6915,
  7495,
  768,
  5945,
  6006,
  7129,
  4749,
  8017,
  4634,
  4098,
  5014,
  7651,
  5459,
  6658,
  2077,
  6117,
  6164,
  7060,
  6956,
  6705,
  4657,
  6834,
  6520,
  6071,
  7371,
  6877,
  7490,
  5576,
  6277,
  4820,
  4372,
  3728,
  6680,
  5278,
  4385,
  3798,
  4473],
 [2144,
  2200,
  2926,
  4182,
  0,
  537,
  3576,
  3125,
  12937,
  2563,
  2716,
  4414,
  1289,
  3422,
  1328,
  3572,
  205,
  1506,
  4578,
  1028,
  1525,
  2962,
  1049,
  1807,
  2288,
  3753,
  2601,
  3181,
  4950,
  2974,
  2719,
  2815,
  798,
  3703,
  1307,
  1219,
  4371,
  1702,
  4816,
  2065,
  2247,
  5474,
  2380,
  1911,
  1845,
  1849,
  4014,
  2520,
  2206,
  3100,
  3587,
  3668,
  3176,
  3084,
  2990,
  869,
  3729,
  1139,
  2896,
  1327,
  434,
  3155,
  522],
 [2117,
  2173,
  2899,
  4155,
  303,
  0,
  3549,
  3098,
  12910,
  2536,
  1578,
  4387,
  1158,
  3395,
  791,
  3545,
  508,
  1870,
  4551,
  491,
  922,
  2829,
  1303,
  1674,
  2155,
  3620,
  2468,
  3048,
  4923,
  2841,
  2586,
  2682,
  665,
  3570,
  1561,
  1473,
  4344,
  1569,
  4789,
  1932,
  2220,
  2964,
  2247,
  1778,
  1712,
  1716,
  3987,
  2387,
  2073,
  2967,
  3454,
  3535,
  3043,
  2951,
  2857,
  736,
  3702,
  2026,
  2763,
  1194,
  301,
  3128,
  389],
 [15684,
  13940,
  16088,
  17971,
  18465,
  17049,
  0,
  16287,
  9362,
  15725,
  16165,
  15461,
  15891,
  16584,
  16258,
  17361,
  17057,
  16457,
  16318,
  16558,
  16127,
  16288,
  17261,
  16724,
  15934,
  17609,
  16457,
  17037,
  16690,
  15487,
  14126,
  16671,
  18102,
  17559,
  17519,
  16983,
  14556,
  15771,
  15001,
  16200,
  15409,
  15659,
  15706,
  15180,
  16498,
  14825,
  14199,
  16376,
  16062,
  15613,
  15648,
  16419,
  17032,
  15118,
  15819,
  18173,
  13914,
  16613,
  16222,
  16813,
  18265,
  14285,
  16805],
 [1853,
  1131,
  399,
  1057,
  3287,
  3230,
  3285,
  0,
  12646,
  687,
  2346,
  4123,
  2072,
  875,
  2439,
  447,
  3238,
  2638,
  1453,
  2739,
  2308,
  5812,
  3442,
  6248,
  5458,
  7133,
  5981,
  6561,
  1825,
  5011,
  5072,
  6195,
  3815,
  7083,
  3700,
  3164,
  4080,
  6717,
  4525,
  5724,
  1143,
  5183,
  5230,
  6126,
  6022,
  5771,
  3723,
  5900,
  5586,
  5137,
  6437,
  5943,
  6556,
  4642,
  5343,
  3886,
  3438,
  2794,
  5746,
  4344,
  3451,
  2864,
  3539],
 [4900,
  4578,
  5304,
  6560,
  7681,
  6265,
  2956,
  5503,
  0,
  4941,
  5381,
  4677,
  5107,
  5800,
  5474,
  5950,
  6273,
  5673,
  6956,
  5774,
  5343,
  5504,
  6477,
  5940,
  5150,
  6825,
  6470,
  6253,
  7328,
  4703,
  4764,
  5887,
  7318,
  6775,
  6735,
  6199,
  3772,
  6409,
  4217,
  5416,
  4625,
  4875,
  4922,
  5818,
  5714,
  5463,
  3415,
  5592,
  5278,
  4829,
  6129,
  5635,
  6248,
  4334,
  5035,
  7389,
  3130,
  5829,
  5438,
  6029,
  7481,
  3501,
  7443],
 [1166,
  444,
  363,
  1619,
  2600,
  2543,
  2598,
  562,
  11959,
  0,
  1659,
  3436,
  1385,
  188,
  1752,
  1009,
  2551,
  1951,
  2015,
  2052,
  1621,
  5125,
  2755,
  5561,
  4771,
  5183,
  6091,
  5874,
  2387,
  4324,
  4385,
  5508,
  3128,
  5133,
  3013,
  2477,
  3393,
  6030,
  3838,
  5037,
  456,
  4496,
  4543,
  5439,
  5335,
  5084,
  3036,
  5213,
  4899,
  4450,
  5750,
  5256,
  5869,
  3955,
  4656,
  3199,
  2751,
  2107,
  5059,
  3657,
  2764,
  2177,
  2852],
 [1485,
  1541,
  2267,
  3523,
  941,
  1208,
  2917,
  2466,
  12278,
  1904,
  0,
  3755,
  630,
  2763,
  997,
  2913,
  892,
  292,
  3919,
  1297,
  866,
  5444,
  1096,
  2478,
  2959,
  5502,
  6410,
  6193,
  4291,
  4643,
  4704,
  5827,
  1469,
  5452,
  1354,
  818,
  3712,
  6349,
  4157,
  5356,
  1588,
  4815,
  4862,
  5758,
  5654,
  2520,
  3355,
  5532,
  5218,
  4769,
  6069,
  5575,
  6188,
  4274,
  4975,
  1540,
  3070,
  448,
  5378,
  1998,
  1105,
  2496,
  1193],
 [1285,
  1341,
  2067,
  3323,
  1645,
  1588,
  2717,
  2266,
  12078,
  1704,
  704,
  0,
  430,
  2563,
  797,
  2713,
  1596,
  996,
  3719,
  1097,
  666,
  5244,
  1800,
  3182,
  4890,
  5302,
  6210,
  5993,
  4091,
  4443,
  4504,
  5627,
  2173,
  5252,
  2058,
  1522,
  3512,
  6149,
  3957,
  5156,
  1388,
  4615,
  4662,
  5558,
  5454,
  5203,
  3155,
  5332,
  5018,
  4569,
  5869,
  5375,
  5988,
  4074,
  4775,
  2244,
  2870,
  1152,
  5178,
  2702,
  1809,
  2296,
  1897],
 [959,
  1015,
  1741,
  2997,
  1461,
  1158,
  2391,
  1940,
  11752,
  1378,
  420,
  3229,
  0,
  2237,
  367,
  2387,
  1312,
  712,
  3393,
  667,
  236,
  4918,
  1516,
  2832,
  4564,
  4976,
  5884,
  5667,
  3765,
  4117,
  4178,
  5301,
  1823,
  4926,
  1774,
  1238,
  3186,
  5823,
  3631,
  4830,
  1062,
  4289,
  4336,
  5232,
  5128,
  4877,
  2829,
  5006,
  4692,
  4243,
  5543,
  5049,
  5662,
  3748,
  4449,
  1894,
  2544,
  868,
  4852,
  2352,
  1459,
  1970,
  1547],
 [978,
  256,
  659,
  1915,
  2412,
  2355,
  2410,
  858,
  11771,
  296,
  1471,
  3248,
  1197,
  0,
  1564,
  1305,
  2363,
  1763,
  2311,
  1864,
  1433,
  4937,
  2567,
  5373,
  4583,
  4995,
  5903,
  5686,
  2683,
  4136,
  4197,
  5320,
  2940,
  4945,
  2825,
  2289,
  3205,
  5842,
  3650,
  4849,
  268,
  4308,
  4355,
  5251,
  5147,
  4896,
  2848,
  5025,
  4711,
  4262,
  5562,
  5068,
  5681,
  3767,
  4468,
  3011,
  2563,
  1919,
  4871,
  3469,
  2576,
  1989,
  2664],
 [1326,
  1382,
  2108,
  3364,
  1094,
  791,
  2758,
  2307,
  12119,
  1745,
  787,
  3596,
  367,
  2604,
  0,
  2754,
  1299,
  1079,
  3760,
  300,
  131,
  5285,
  1883,
  2465,
  4931,
  5343,
  6251,
  6034,
  4132,
  4484,
  4545,
  5668,
  1456,
  5293,
  2141,
  1605,
  3553,
  6190,
  3998,
  5197,
  1429,
  4656,
  4703,
  5599,
  5495,
  2507,
  3196,
  5373,
  5059,
  4610,
  5910,
  5416,
  6029,
  4115,
  4816,
  1527,
  2911,
  1235,
  5219,
  1985,
  1092,
  2337,
  1180],
 [2177,
  1455,
  723,
  610,
  3611,
  3554,
  3609,
  568,
  12970,
  1011,
  2670,
  4447,
  2396,
  1199,
  2763,
  0,
  3562,
  2962,
  1006,
  3063,
  2632,
  6136,
  3766,
  6572,
  5782,
  7457,
  7102,
  6885,
  1378,
  5335,
  5396,
  6519,
  4139,
  7407,
  4024,
  3488,
  4404,
  7041,
  4849,
  6048,
  1467,
  5507,
  5554,
  6450,
  6346,
  6095,
  4047,
  6224,
  5910,
  5461,
  6761,
  6267,
  6880,
  4966,
  5667,
  4210,
  3762,
  3118,
  6070,
  4668,
  3775,
  3188,
  3863],
 [1939,
  1995,
  2721,
  3977,
  380,
  647,
  3371,
  2920,
  12732,
  2358,
  2511,
  4209,
  1084,
  3217,
  1451,
  3367,
  0,
  1301,
  4373,
  1138,
  1320,
  3072,
  844,
  1917,
  2398,
  3863,
  2711,
  3291,
  4745,
  5097,
  2829,
  2925,
  908,
  3813,
  1102,
  1014,
  4166,
  1812,
  4611,
  2175,
  2042,
  5269,
  2490,
  2021,
  1955,
  1959,
  3809,
  2630,
  2316,
  5223,
  3697,
  6029,
  3286,
  4728,
  3100,
  979,
  3524,
  934,
  3006,
  1437,
  544,
  2950,
  632],
 [1573,
  1629,
  2355,
  3611,
  649,
  916,
  3005,
  2554,
  12366,
  1992,
  2145,
  3843,
  718,
  2851,
  1085,
  3001,
  600,
  0,
  4007,
  1407,
  954,
  3341,
  648,
  2186,
  2667,
  4132,
  2980,
  3560,
  4379,
  4731,
  3098,
  3194,
  1177,
  4082,
  906,
  818,
  3800,
  2081,
  4245,
  2444,
  1676,
  4903,
  2759,
  2290,
  2224,
  2228,
  3443,
  2899,
  2585,
  4857,
  3966,
  5663,
  3555,
  4362,
  3369,
  1248,
  3158,
  568,
  3275,
  1706,
  813,
  2584,
  901],
 [3183,
  2461,
  1729,
  396,
  4617,
  4560,
  4615,
  1574,
  13976,
  2017,
  3676,
  5453,
  3402,
  2205,
  3769,
  1006,
  4568,
  3968,
  0,
  4069,
  3638,
  7142,
  4772,
  7578,
  6788,
  8463,
  8108,
  7891,
  372,
  6341,
  6402,
  7525,
  5145,
  8413,
  5030,
  4494,
  5410,
  8047,
  5855,
  7054,
  2473,
  6513,
  6560,
  7456,
  7352,
  7101,
  5053,
  7230,
  6916,
  6467,
  7767,
  7273,
  7886,
  5972,
  6673,
  5216,
  4768,
  4124,
  7076,
  5674,
  4781,
  4194,
  4869],
 [1626,
  1682,
  2408,
  3664,
  794,
  491,
  3058,
  2607,
  12419,
  2045,
  1087,
  3896,
  667,
  2904,
  300,
  3054,
  999,
  1379,
  4060,
  0,
  431,
  5585,
  1794,
  2165,
  2646,
  5643,
  2959,
  3539,
  4432,
  4784,
  4845,
  3173,
  1156,
  5593,
  2052,
  1964,
  3853,
  2060,
  4298,
  2423,
  1729,
  4956,
  5003,
  2269,
  2203,
  2207,
  3496,
  2878,
  2564,
  4910,
  6210,
  5716,
  3534,
  4415,
  5116,
  1227,
  3211,
  1535,
  5519,
  1685,
  792,
  2637,
  880],
 [1195,
  1251,
  1977,
  3233,
  1225,
  922,
  2627,
  2176,
  11988,
  1614,
  656,
  3465,
  236,
  2473,
  131,
  2623,
  1430,
  948,
  3629,
  431,
  0,
  5154,
  1752,
  2596,
  4800,
  5212,
  6120,
  5903,
  4001,
  4353,
  4414,
  5537,
  1587,
  5162,
  2010,
  1474,
  3422,
  6059,
  3867,
  5066,
  1298,
  4525,
  4572,
  5468,
  5364,
  5113,
  3065,
  5242,
  4928,
  4479,
  5779,
  5285,
  5898,
  3984,
  4685,
  1658,
  2780,
  1104,
  5088,
  2116,
  1223,
  2206,
  1311],
 [4464,
  4142,
  4868,
  6124,
  2235,
  2336,
  2417,
  5067,
  11779,
  4505,
  4945,
  4241,
  3494,
  5364,
  3127,
  5514,
  2440,
  3416,
  6520,
  2827,
  3258,
  0,
  2539,
  1230,
  424,
  1632,
  1727,
  2307,
  6892,
  773,
  551,
  1941,
  1872,
  1582,
  2797,
  2709,
  1384,
  1523,
  1080,
  690,
  4189,
  929,
  212,
  1863,
  1759,
  1122,
  2979,
  1646,
  1332,
  899,
  1419,
  1705,
  2302,
  916,
  822,
  1943,
  2694,
  3079,
  728,
  1303,
  2035,
  3065,
  1997],
 [2808,
  2864,
  3590,
  4846,
  1123,
  1224,
  4240,
  3789,
  13601,
  3227,
  3380,
  5078,
  1953,
  4086,
  2320,
  4236,
  1328,
  1615,
  5242,
  1715,
  2189,
  2847,
  0,
  1692,
  2173,
  3638,
  2486,
  3066,
  5614,
  2859,
  2604,
  2700,
  683,
  3588,
  258,
  908,
  5035,
  1587,
  3166,
  1950,
  2911,
  2982,
  2265,
  1796,
  1730,
  1734,
  4678,
  2405,
  2091,
  2985,
  3472,
  3553,
  3061,
  2969,
  2875,
  754,
  4393,
  1278,
  2781,
  1212,
  923,
  3819,
  885],
 [3876,
  3932,
  4658,
  5914,
  1502,
  1603,
  3251,
  4857,
  12613,
  4295,
  3181,
  5075,
  2761,
  5154,
  2394,
  5304,
  1707,
  2683,
  6310,
  2094,
  2525,
  834,
  1806,
  0,
  1367,
  2466,
  1540,
  3141,
  6682,
  1607,
  1202,
  2775,
  1139,
  2416,
  2064,
  1976,
  2218,
  1329,
  1914,
  1524,
  3979,
  1763,
  1046,
  1592,
  1488,
  928,
  3813,
  2480,
  2166,
  1733,
  1514,
  2539,
  3136,
  1750,
  1656,
  1210,
  3528,
  2346,
  823,
  570,
  1302,
  3899,
  1264],
 [4344,
  4022,
  4748,
  6004,
  2923,
  3024,
  2297,
  4947,
  11659,
  4385,
  4825,
  4121,
  4551,
  5244,
  3815,
  5394,
  3128,
  4104,
  6400,
  3515,
  3946,
  674,
  3227,
  1110,
  0,
  1512,
  1607,
  2187,
  6772,
  653,
  431,
  1821,
  2560,
  1462,
  3485,
  3397,
  1264,
  1926,
  960,
  714,
  4069,
  809,
  92,
  1743,
  1639,
  1397,
  2859,
  1526,
  1212,
  779,
  1299,
  1585,
  2182,
  796,
  702,
  2631,
  2574,
  3767,
  608,
  1327,
  2723,
  2945,
  2685],
 [5822,
  5878,
  6604,
  7860,
  3448,
  3549,
  4077,
  6803,
  13439,
  6241,
  5127,
  5901,
  4707,
  7100,
  4340,
  7250,
  3653,
  4629,
  8256,
  4040,
  4471,
  3351,
  3752,
  2707,
  2643,
  0,
  1227,
  882,
  8628,
  2433,
  3108,
  944,
  3085,
  177,
  4010,
  3922,
  4996,
  2451,
  2740,
  3263,
  5925,
  2722,
  2769,
  2268,
  2164,
  1922,
  4639,
  1239,
  1553,
  747,
  3976,
  306,
  877,
  3473,
  3379,
  3156,
  4354,
  4292,
  3285,
  2407,
  3248,
  4725,
  3210],
 [4597,
  4275,
  5001,
  6257,
  2291,
  2392,
  2550,
  5200,
  11912,
  4638,
  5078,
  4374,
  3550,
  5497,
  3183,
  5647,
  2496,
  3472,
  6653,
  2883,
  3314,
  1824,
  2595,
  2260,
  1470,
  1227,
  0,
  1145,
  7025,
  906,
  1581,
  779,
  1928,
  1177,
  2853,
  2765,
  3469,
  1294,
  1213,
  1736,
  4322,
  1195,
  1242,
  1111,
  1007,
  765,
  3112,
  484,
  396,
  477,
  2449,
  1125,
  1140,
  1946,
  1852,
  1999,
  2827,
  3135,
  1758,
  1250,
  2091,
  3198,
  2053],
 [5311,
  5367,
  6093,
  7349,
  2937,
  3038,
  3566,
  6292,
  12928,
  5730,
  4616,
  5390,
  4196,
  6589,
  3829,
  6739,
  3142,
  4118,
  7745,
  3529,
  3960,
  2840,
  3241,
  2196,
  2132,
  572,
  823,
  0,
  8117,
  1922,
  2597,
  433,
  2574,
  522,
  3499,
  3411,
  4485,
  1940,
  2229,
  2752,
  5414,
  2211,
  2258,
  1757,
  1653,
  1411,
  4128,
  728,
  1042,
  1242,
  3465,
  484,
  366,
  2962,
  2868,
  2645,
  3843,
  3781,
  2774,
  1896,
  2737,
  4214,
  2699],
 [3555,
  2833,
  2101,
  768,
  4989,
  4932,
  4987,
  1946,
  14348,
  2389,
  4048,
  5825,
  3774,
  2577,
  4141,
  1378,
  4940,
  4340,
  372,
  4441,
  4010,
  7514,
  5144,
  7950,
  7160,
  8835,
  8480,
  8263,
  0,
  6713,
  6774,
  7897,
  5517,
  8785,
  5402,
  4866,
  5782,
  8419,
  6227,
  7426,
  2845,
  6885,
  6932,
  7828,
  7724,
  7473,
  5425,
  7602,
  7288,
  6839,
  8139,
  7645,
  8258,
  6344,
  7045,
  5588,
  5140,
  4496,
  7448,
  6046,
  5153,
  4566,
  5241],
 [3691,
  3369,
  4095,
  5351,
  3204,
  3305,
  1644,
  4294,
  11006,
  3732,
  4172,
  3468,
  3898,
  4591,
  4265,
  4741,
  3409,
  4464,
  5747,
  3796,
  4134,
  1719,
  3508,
  2155,
  1365,
  1777,
  1888,
  2468,
  6119,
  0,
  979,
  2102,
  2841,
  1727,
  3766,
  3678,
  2563,
  2207,
  307,
  1631,
  3416,
  1090,
  1137,
  2024,
  1920,
  1678,
  2206,
  1807,
  1493,
  1044,
  2344,
  1850,
  2463,
  1344,
  1250,
  2912,
  1921,
  4620,
  1653,
  2244,
  3004,
  2292,
  2966],
 [4574,
  4252,
  4978,
  6234,
  2345,
  2446,
  2527,
  5177,
  11889,
  4615,
  5055,
  4351,
  3604,
  5474,
  3237,
  5624,
  2550,
  3526,
  6630,
  2937,
  3368,
  755,
  2649,
  1191,
  534,
  1742,
  1837,
  2417,
  7002,
  883,
  0,
  2051,
  1982,
  1692,
  2907,
  2819,
  1076,
  1633,
  1190,
  800,
  4299,
  1039,
  266,
  1973,
  1869,
  1232,
  3089,
  1756,
  1442,
  1009,
  994,
  1815,
  2412,
  608,
  514,
  2053,
  2804,
  3189,
  379,
  1413,
  2145,
  3175,
  2107],
 [4878,
  4934,
  5660,
  6916,
  2504,
  2605,
  3133,
  5859,
  12495,
  5297,
  4183,
  4957,
  3763,
  6156,
  3396,
  6306,
  2709,
  3685,
  7312,
  3096,
  3527,
  2407,
  2808,
  1763,
  1699,
  938,
  779,
  366,
  7684,
  1489,
  2164,
  0,
  2141,
  888,
  3066,
  2978,
  4052,
  1507,
  1796,
  2319,
  4981,
  1778,
  1825,
  1324,
  1220,
  978,
  3695,
  295,
  609,
  1256,
  3032,
  850,
  361,
  2529,
  2435,
  2212,
  3410,
  3348,
  2341,
  1463,
  2304,
  3781,
  2266],
 [2928,
  2984,
  3710,
  4966,
  565,
  666,
  4360,
  3909,
  13721,
  3347,
  2244,
  5198,
  2073,
  4206,
  1457,
  4356,
  770,
  1735,
  5362,
  1157,
  1588,
  2262,
  858,
  1107,
  1588,
  3053,
  1901,
  2481,
  5734,
  2274,
  2019,
  2115,
  0,
  3003,
  1116,
  1028,
  5155,
  1002,
  2581,
  1365,
  3031,
  2563,
  1680,
  1211,
  1145,
  1149,
  4798,
  1820,
  1506,
  2400,
  2887,
  2968,
  2476,
  2384,
  2290,
  71,
  4513,
  1398,
  2196,
  627,
  365,
  3939,
  327],
 [5872,
  5928,
  6654,
  7910,
  3498,
  3599,
  4127,
  6853,
  13489,
  6291,
  5177,
  5951,
  4757,
  7150,
  4390,
  7300,
  3703,
  4679,
  8306,
  4090,
  4521,
  3401,
  3802,
  2757,
  2693,
  50,
  1277,
  932,
  8678,
  2483,
  3158,
  994,
  3135,
  0,
  4060,
  3972,
  5046,
  2501,
  2790,
  3313,
  5975,
  2772,
  2819,
  2318,
  2214,
  1972,
  4689,
  1289,
  1603,
  797,
  4026,
  356,
  927,
  3523,
  3429,
  3206,
  4404,
  4342,
  3335,
  2457,
  3298,
  4775,
  3260],
 [2550,
  2606,
  3332,
  4588,
  865,
  966,
  3982,
  3531,
  13343,
  2969,
  3122,
  4820,
  1695,
  3828,
  2062,
  3978,
  1070,
  1357,
  4984,
  1457,
  1931,
  2589,
  480,
  1434,
  1915,
  3380,
  2228,
  2808,
  5356,
  2601,
  2346,
  2442,
  425,
  3330,
  0,
  650,
  4777,
  1329,
  2908,
  1692,
  2653,
  2890,
  2007,
  1538,
  1472,
  1476,
  4420,
  2147,
  1833,
  2727,
  3214,
  3295,
  2803,
  2711,
  2617,
  496,
  4135,
  1020,
  2523,
  954,
  665,
  3561,
  627],
 [1900,
  1956,
  2682,
  3938,
  1356,
  1623,
  3332,
  2881,
  12693,
  2319,
  2472,
  4170,
  1045,
  3178,
  1412,
  3328,
  1307,
  707,
  4334,
  1712,
  1281,
  5859,
  575,
  2267,
  2748,
  5917,
  3061,
  6608,
  4706,
  5058,
  5119,
  6242,
  1258,
  5867,
  833,
  0,
  4127,
  2162,
  4572,
  2525,
  2003,
  5230,
  5277,
  6173,
  2305,
  2309,
  3770,
  5947,
  5633,
  5184,
  6484,
  5990,
  6603,
  4689,
  5390,
  1329,
  3485,
  370,
  5793,
  1787,
  1520,
  2911,
  1608],
 [3829,
  3507,
  4233,
  5489,
  3217,
  3318,
  1782,
  4432,
  11144,
  3870,
  4310,
  3606,
  4036,
  4729,
  4109,
  4879,
  3422,
  4398,
  5885,
  3809,
  4272,
  1732,
  3521,
  2168,
  1378,
  1790,
  1901,
  2481,
  6257,
  931,
  992,
  2115,
  2854,
  1740,
  3779,
  3691,
  0,
  2220,
  445,
  1644,
  3554,
  1103,
  1150,
  2037,
  1933,
  1691,
  2344,
  1820,
  1506,
  1057,
  2357,
  1863,
  2476,
  1357,
  1263,
  2925,
  2059,
  4061,
  1666,
  2257,
  3017,
  2430,
  2979],
 [3710,
  3766,
  4492,
  5748,
  1336,
  1437,
  3231,
  4691,
  12593,
  4129,
  3015,
  5055,
  2595,
  4988,
  2228,
  5138,
  1541,
  2517,
  6144,
  1928,
  2359,
  1973,
  1640,
  818,
  1299,
  2366,
  1214,
  1794,
  6516,
  1587,
  1730,
  1428,
  973,
  2316,
  1898,
  1810,
  4150,
  0,
  1894,
  1076,
  3813,
  1876,
  1391,
  913,
  809,
  620,
  3793,
  1133,
  819,
  1713,
  2598,
  2281,
  1789,
  2095,
  2001,
  1044,
  3508,
  2180,
  1907,
  338,
  1136,
  4721,
  1098],
 [3384,
  3062,
  3788,
  5044,
  6165,
  4749,
  1337,
  3987,
  10699,
  3425,
  3865,
  3161,
  3591,
  4284,
  3958,
  4434,
  4757,
  4157,
  5440,
  4258,
  3827,
  3988,
  4961,
  4424,
  3634,
  4046,
  4157,
  4737,
  5812,
  3187,
  3248,
  4371,
  5802,
  3996,
  5219,
  4683,
  2256,
  4893,
  0,
  3900,
  3109,
  3359,
  3406,
  4302,
  4198,
  3947,
  1899,
  4076,
  3762,
  3313,
  4613,
  4119,
  4732,
  2818,
  3519,
  5873,
  1614,
  4313,
  3922,
  4513,
  5965,
  1985,
  5927],
 [3919,
  3975,
  4701,
  5957,
  1545,
  1646,
  2816,
  4900,
  12178,
  4338,
  3224,
  4640,
  2804,
  5197,
  2437,
  5347,
  1750,
  2726,
  6353,
  2137,
  2568,
  1193,
  1849,
  913,
  519,
  2031,
  1044,
  1624,
  6725,
  1172,
  950,
  1258,
  1182,
  1981,
  2107,
  2019,
  1783,
  833,
  1479,
  0,
  4022,
  1328,
  611,
  1096,
  992,
  432,
  3378,
  963,
  649,
  1298,
  1818,
  2104,
  1619,
  1315,
  1221,
  1253,
  3093,
  2389,
  1127,
  613,
  1345,
  3464,
  1307],
 [710,
  90,
  848,
  2104,
  2144,
  2087,
  2142,
  1047,
  11503,
  485,
  1203,
  2980,
  929,
  1344,
  1296,
  1494,
  2095,
  1495,
  2500,
  1596,
  1165,
  4669,
  2299,
  5105,
  4315,
  4727,
  4838,
  5418,
  2872,
  3868,
  3929,
  5052,
  2672,
  4677,
  2557,
  2021,
  2937,
  5574,
  3382,
  4581,
  0,
  4040,
  4087,
  4983,
  4879,
  4628,
  2580,
  4757,
  4443,
  3994,
  5294,
  4800,
  5413,
  3499,
  4200,
  2743,
  2295,
  1651,
  4603,
  3201,
  2308,
  1721,
  2396],
 [4488,
  4544,
  5270,
  6526,
  2114,
  2215,
  2815,
  5469,
  12177,
  4907,
  3793,
  4639,
  3373,
  5766,
  3006,
  5916,
  2319,
  3295,
  6922,
  2706,
  3137,
  2089,
  2418,
  1373,
  1309,
  1950,
  798,
  1378,
  7294,
  1171,
  1846,
  1012,
  1751,
  1900,
  2676,
  2588,
  3734,
  1117,
  1478,
  1086,
  4591,
  0,
  1507,
  934,
  830,
  588,
  3377,
  717,
  403,
  1297,
  2714,
  1862,
  1373,
  2211,
  2117,
  1822,
  3092,
  2958,
  2023,
  1073,
  1914,
  3463,
  1876],
 [4308,
  3986,
  4712,
  5968,
  2079,
  2180,
  2261,
  4911,
  11623,
  4349,
  4789,
  4085,
  3338,
  5208,
  2971,
  5358,
  2284,
  3260,
  6364,
  2671,
  3102,
  622,
  2383,
  1058,
  268,
  1476,
  1571,
  2151,
  6736,
  617,
  339,
  1785,
  1716,
  1426,
  2641,
  2553,
  1172,
  1367,
  924,
  534,
  4033,
  773,
  0,
  1707,
  1603,
  966,
  2823,
  1490,
  1176,
  743,
  1247,
  1549,
  2146,
  704,
  610,
  1787,
  2538,
  2923,
  556,
  1147,
  1879,
  2909,
  1841],
 [4622,
  4678,
  5404,
  6660,
  2248,
  2349,
  3386,
  5603,
  12748,
  5041,
  3927,
  5210,
  3507,
  5900,
  3140,
  6050,
  2453,
  3429,
  7056,
  2840,
  3271,
  2170,
  2552,
  1560,
  1496,
  2521,
  1369,
  1949,
  7428,
  1742,
  1927,
  1583,
  1885,
  2471,
  2810,
  2722,
  4305,
  591,
  2049,
  1273,
  4725,
  2031,
  1588,
  0,
  964,
  775,
  3948,
  1288,
  974,
  1868,
  2795,
  2436,
  1944,
  2292,
  2198,
  1956,
  3663,
  3092,
  2104,
  929,
  2048,
  4034,
  2010],
 [4436,
  4492,
  5218,
  6474,
  2062,
  2163,
  2773,
  5417,
  12135,
  4855,
  3741,
  4597,
  3321,
  5714,
  2954,
  5864,
  2267,
  3243,
  6870,
  2654,
  3085,
  2047,
  2366,
  1321,
  1257,
  1908,
  756,
  1336,
  7242,
  1129,
  1804,
  970,
  1699,
  1858,
  2624,
  2536,
  3692,
  937,
  1436,
  1034,
  4539,
  1418,
  1465,
  882,
  0,
  536,
  3335,
  675,
  361,
  1255,
  2672,
  1823,
  1331,
  2169,
  2075,
  1770,
  3050,
  2906,
  1981,
  1021,
  1862,
  3421,
  1824],
 [4228,
  4284,
  5010,
  6266,
  1854,
  1955,
  2926,
  5209,
  12288,
  4647,
  3533,
  4750,
  3113,
  5506,
  2746,
  5656,
  2059,
  3035,
  6662,
  2446,
  2877,
  1710,
  2158,
  1100,
  1036,
  2061,
  909,
  1489,
  7034,
  1282,
  1467,
  1123,
  1491,
  2011,
  2416,
  2328,
  3845,
  401,
  1589,
  813,
  4331,
  1571,
  1128,
  674,
  570,
  0,
  3488,
  828,
  514,
  1408,
  2335,
  1976,
  1484,
  1832,
  1738,
  1562,
  3203,
  2698,
  1644,
  739,
  1654,
  5239,
  1616],
 [4186,
  3864,
  4590,
  5846,
  3574,
  3675,
  2139,
  4789,
  11501,
  4227,
  4667,
  3963,
  4393,
  5086,
  4466,
  5236,
  3779,
  4755,
  6242,
  4166,
  4629,
  2089,
  3878,
  2525,
  1735,
  2147,
  2258,
  2838,
  6614,
  1288,
  1349,
  2472,
  3211,
  2097,
  4136,
  4048,
  357,
  2577,
  802,
  2001,
  3911,
  1460,
  1507,
  2394,
  2290,
  2048,
  0,
  2177,
  1863,
  1414,
  2714,
  2220,
  2833,
  919,
  1620,
  3282,
  2416,
  4418,
  2023,
  2614,
  3374,
  2787,
  3336],
 [4583,
  4639,
  5365,
  6621,
  2209,
  2310,
  2838,
  5564,
  12200,
  5002,
  3888,
  4662,
  3468,
  5861,
  3101,
  6011,
  2414,
  3390,
  7017,
  2801,
  3232,
  2112,
  2513,
  1468,
  1404,
  1233,
  484,
  661,
  7389,
  1194,
  1869,
  295,
  1846,
  1183,
  2771,
  2683,
  3757,
  1212,
  1501,
  2024,
  4686,
  1483,
  1530,
  1029,
  925,
  683,
  3400,
  0,
  314,
  961,
  2737,
  1145,
  656,
  2234,
  2140,
  1917,
  3115,
  3053,
  2046,
  1168,
  2009,
  3486,
  1971],
 [4269,
  4325,
  5051,
  6307,
  1895,
  1996,
  2524,
  5250,
  11886,
  4688,
  3574,
  4348,
  3154,
  5547,
  2787,
  5697,
  2100,
  3076,
  6703,
  2487,
  2918,
  1798,
  2199,
  1154,
  1090,
  1547,
  507,
  975,
  7075,
  880,
  1555,
  609,
  1532,
  1497,
  2457,
  2369,
  3443,
  898,
  1187,
  1710,
  4372,
  1169,
  1216,
  715,
  611,
  369,
  3086,
  314,
  0,
  1006,
  2423,
  1459,
  970,
  1920,
  1826,
  1603,
  2801,
  2739,
  1732,
  854,
  1695,
  3172,
  1657],
 [4067,
  3745,
  4471,
  5727,
  2779,
  2880,
  2020,
  4670,
  11382,
  4108,
  4548,
  3844,
  4274,
  4967,
  3671,
  5117,
  2984,
  3960,
  6123,
  3371,
  3802,
  1294,
  3083,
  1730,
  940,
  1098,
  477,
  1622,
  6495,
  376,
  1051,
  1256,
  2416,
  791,
  3341,
  3253,
  2939,
  1782,
  683,
  1206,
  3792,
  665,
  712,
  1599,
  1495,
  1253,
  2582,
  961,
  1068,
  0,
  1919,
  914,
  1617,
  1416,
  1322,
  2487,
  2297,
  3623,
  1228,
  1819,
  2579,
  2668,
  2541],
 [5368,
  5046,
  5772,
  7028,
  3139,
  3240,
  3321,
  5971,
  12683,
  5409,
  5849,
  5145,
  4398,
  6268,
  4031,
  6418,
  3344,
  4320,
  7424,
  3731,
  4162,
  1682,
  3443,
  2118,
  1328,
  2536,
  2631,
  3211,
  7796,
  1677,
  880,
  2845,
  2776,
  2486,
  3701,
  3613,
  989,
  2427,
  1984,
  1594,
  5093,
  1833,
  1060,
  2767,
  2663,
  2026,
  1939,
  2550,
  2236,
  1803,
  0,
  2609,
  3206,
  521,
  663,
  2847,
  1654,
  3983,
  926,
  2207,
  2939,
  1640,
  2901],
 [5516,
  5572,
  6298,
  7554,
  3142,
  3243,
  3771,
  6497,
  13133,
  5935,
  4821,
  5595,
  4401,
  6794,
  4034,
  6944,
  3347,
  4323,
  7950,
  3734,
  4165,
  3045,
  3446,
  2401,
  2337,
  334,
  886,
  576,
  8322,
  2127,
  2802,
  638,
  2779,
  284,
  3704,
  3616,
  4690,
  2145,
  2434,
  2957,
  5619,
  2416,
  2463,
  1962,
  1858,
  1616,
  4333,
  933,
  1247,
  990,
  3670,
  0,
  571,
  3167,
  3073,
  2850,
  4048,
  3986,
  2979,
  2101,
  2942,
  4419,
  2904],
 [5316,
  5372,
  6098,
  7354,
  2942,
  3043,
  3571,
  6297,
  12933,
  5735,
  4621,
  5395,
  4201,
  6594,
  3834,
  6744,
  3147,
  4123,
  7750,
  3534,
  3965,
  2845,
  3246,
  2201,
  2137,
  577,
  828,
  5,
  8122,
  1927,
  2602,
  438,
  2579,
  527,
  3504,
  3416,
  4490,
  1945,
  2234,
  2757,
  5419,
  2216,
  2263,
  1762,
  1658,
  1416,
  4133,
  733,
  1047,
  1247,
  3470,
  489,
  0,
  2967,
  2873,
  2650,
  3848,
  3786,
  2779,
  1901,
  2742,
  4219,
  2704],
 [5177,
  4710,
  5436,
  6692,
  2803,
  2904,
  2985,
  5635,
  12347,
  5073,
  4482,
  4809,
  4062,
  5932,
  3695,
  6082,
  3008,
  3984,
  7088,
  3395,
  3826,
  1346,
  3107,
  1782,
  992,
  2200,
  2295,
  2875,
  7460,
  1341,
  544,
  2509,
  2440,
  2150,
  3365,
  3277,
  653,
  2091,
  1648,
  1258,
  4757,
  1497,
  724,
  2431,
  2327,
  1690,
  1603,
  2214,
  1900,
  1467,
  530,
  2273,
  2870,
  0,
  327,
  2511,
  1318,
  3647,
  923,
  1871,
  2603,
  1304,
  2565],
 [4391,
  4069,
  4795,
  6051,
  2744,
  2845,
  2344,
  4994,
  11706,
  4432,
  4872,
  4168,
  4003,
  5291,
  3636,
  5441,
  2949,
  3925,
  6447,
  3336,
  3767,
  1287,
  3048,
  1723,
  933,
  2141,
  2236,
  2816,
  6819,
  1282,
  485,
  2450,
  2381,
  2091,
  3306,
  3218,
  562,
  2032,
  1007,
  1199,
  4116,
  1438,
  665,
  2372,
  2268,
  1631,
  1512,
  2155,
  1841,
  1408,
  624,
  2214,
  2811,
  94,
  0,
  2452,
  1227,
  3588,
  864,
  1812,
  2544,
  1213,
  2506],
 [2999,
  3055,
  3781,
  5037,
  636,
  737,
  4431,
  3980,
  13792,
  3418,
  2315,
  5269,
  2144,
  4277,
  1528,
  4427,
  841,
  1806,
  5433,
  1228,
  1659,
  2333,
  929,
  1178,
  1659,
  3124,
  1972,
  2552,
  5805,
  2345,
  2090,
  2186,
  71,
  3074,
  1187,
  1099,
  5226,
  1073,
  2652,
  1436,
  3102,
  2468,
  1751,
  1282,
  1216,
  1220,
  4869,
  1891,
  1577,
  2471,
  2958,
  3039,
  2547,
  2455,
  2361,
  0,
  4584,
  1469,
  2267,
  698,
  436,
  4010,
  398],
 [4471,
  4149,
  4875,
  6131,
  3859,
  3960,
  2424,
  5074,
  11786,
  4512,
  4952,
  4248,
  4678,
  5371,
  4751,
  5521,
  4064,
  5040,
  6527,
  4451,
  4882,
  2374,
  4163,
  2810,
  2020,
  2432,
  2543,
  3123,
  6899,
  1573,
  1634,
  2757,
  3496,
  2382,
  4421,
  4333,
  642,
  2862,
  1087,
  2286,
  4196,
  1745,
  1792,
  2679,
  2575,
  2333,
  285,
  2462,
  2148,
  1699,
  2999,
  2505,
  3118,
  1204,
  1905,
  3567,
  0,
  4703,
  2308,
  2899,
  3659,
  969,
  3621],
 [2173,
  2229,
  2955,
  4211,
  1629,
  1896,
  3605,
  3154,
  12966,
  2592,
  2745,
  4443,
  1318,
  3451,
  1685,
  3601,
  1580,
  980,
  4607,
  1985,
  1554,
  3495,
  648,
  2340,
  2821,
  4286,
  3134,
  3714,
  4979,
  5331,
  3252,
  3348,
  1331,
  4236,
  906,
  370,
  4400,
  2783,
  4845,
  2598,
  2276,
  5503,
  2913,
  2444,
  2378,
  2382,
  4043,
  3053,
  2739,
  5457,
  4120,
  6263,
  3709,
  4962,
  3523,
  1402,
  3758,
  0,
  3429,
  1860,
  1571,
  3184,
  1533],
 [4840,
  4518,
  5244,
  6500,
  2611,
  2712,
  2793,
  5443,
  12155,
  4881,
  5321,
  4617,
  3870,
  5740,
  3503,
  5890,
  2816,
  3792,
  6896,
  3203,
  3634,
  376,
  2915,
  812,
  800,
  2008,
  2103,
  2683,
  7268,
  1149,
  379,
  2317,
  2248,
  1958,
  3173,
  3085,
  1455,
  1899,
  1456,
  1066,
  4565,
  1305,
  588,
  2239,
  2135,
  1498,
  3355,
  2022,
  1708,
  1275,
  691,
  2081,
  2678,
  987,
  893,
  2319,
  3070,
  3455,
  0,
  1679,
  2411,
  3441,
  2373],
 [3486,
  3542,
  4268,
  5524,
  1112,
  1213,
  3258,
  4467,
  12620,
  3905,
  2791,
  5082,
  2371,
  4764,
  2004,
  4914,
  1317,
  2293,
  5920,
  1704,
  2135,
  1635,
  1416,
  480,
  961,
  2286,
  1134,
  1714,
  6292,
  1614,
  1392,
  1348,
  749,
  2236,
  1674,
  1586,
  2225,
  923,
  1921,
  738,
  3589,
  1770,
  1053,
  1186,
  1082,
  522,
  3820,
  1053,
  739,
  1740,
  2260,
  2546,
  1709,
  1757,
  1663,
  820,
  3535,
  1956,
  1569,
  0,
  912,
  4497,
  874],
 [2418,
  2474,
  3200,
  4456,
  200,
  301,
  3850,
  3399,
  13211,
  2837,
  1879,
  4688,
  1459,
  3696,
  1092,
  3846,
  405,
  1879,
  4852,
  792,
  1223,
  2528,
  1002,
  1373,
  1854,
  3319,
  2167,
  2747,
  5224,
  2540,
  2285,
  2381,
  364,
  3269,
  1260,
  1172,
  4645,
  1268,
  2847,
  1631,
  2521,
  2663,
  1946,
  1477,
  1411,
  1415,
  4288,
  2086,
  1772,
  2666,
  3153,
  3234,
  2742,
  2650,
  2556,
  435,
  4003,
  1339,
  2462,
  893,
  0,
  3429,
  286],
 [2458,
  2136,
  2862,
  4118,
  5125,
  3823,
  421,
  3061,
  9783,
  2499,
  2939,
  2235,
  2665,
  3358,
  3032,
  3508,
  3831,
  3231,
  4514,
  3332,
  2901,
  2948,
  4035,
  3384,
  2594,
  3006,
  3117,
  3697,
  4886,
  2147,
  2208,
  3331,
  4762,
  2956,
  4293,
  3757,
  1216,
  3853,
  1661,
  2860,
  2183,
  2319,
  2366,
  3262,
  3158,
  2907,
  859,
  3036,
  2722,
  2273,
  3573,
  3079,
  3692,
  1778,
  2479,
  4833,
  574,
  3387,
  2882,
  3473,
  4925,
  0,
  4887],
 [3034,
  3090,
  3816,
  5072,
  288,
  389,
  4466,
  4015,
  13827,
  3453,
  1967,
  5304,
  1547,
  4312,
  1180,
  4462,
  493,
  1841,
  5468,
  880,
  1311,
  2490,
  964,
  1335,
  1816,
  3281,
  2129,
  2709,
  5840,
  2502,
  2247,
  2343,
  326,
  3231,
  1222,
  1134,
  5261,
  1230,
  2809,
  1593,
  3137,
  2625,
  1908,
  1439,
  1373,
  1377,
  4904,
  2048,
  1734,
  2628,
  3115,
  3196,
  2704,
  2612,
  2518,
  397,
  4619,
  1504,
  2424,
  855,
  344,
  4045,
  0]]
