[[0,
  1588,
  2593,
  1553,
  1867,
  818,
  2603,
  1416,
  3280,
  1545,
  1188,
  2536,
  766,
  1252,
  315,
  2470,
  1417,
  2698,
  1369,
  1863,
  2476,
  2154,
  2632,
  4183,
  2516,
  284,
  1630,
  2667,
  2901,
  1408,
  2856,
  2597,
  2799,
  2347,
  3346,
  3260,
  2110,
  3294,
  3165,
  3238,
  3144,
  2043,
  2770,
  4598,
  2973,
  2644,
  3599,
  2547,
  5123,
  2689,
  2374,
  2044,
  1612,
  2840,
  1983,
  2334,
  1072,
  1031,
  515,
  1735,
  3179,
  2556,
  3482,
  1354,
  3111,
  2911,
  2042,
  2264,
  2020,
  366,
  1885,
  2071,
  1838,
  2452,
  3073,
  2207,
  1758,
  2103,
  2654,
  1901,
  2070,
  2181,
  1546,
  4062,
  2453,
  2567,
  2765,
  2773,
  1533,
  1731,
  2298,
  4373,
  2358,
  2295,
  53403,
  1351,
  1988,
  1434,
  2005,
  3481,
  2643,
  655,
  2713,
  2773,
  2471,
  2524,
  2546,
  3566,
  1538,
  2534,
  1352],
 [1798,
  0,
  1512,
  1602,
  3213,
  1695,
  1341,
  1465,
  1712,
  772,
  400,
  883,
  1814,
  2598,
  1869,
  817,
  2048,
  2382,
  2715,
  1547,
  2160,
  1286,
  979,
  2530,
  863,
  1401,
  518,
  1586,
  1248,
  2773,
  3372,
  3474,
  3676,
  3343,
  4786,
  4256,
  3034,
  4290,
  4322,
  3970,
  4140,
  3123,
  2527,
  4989,
  2344,
  3640,
  5799,
  3912,
  5138,
  4035,
  3720,
  3390,
  2958,
  4046,
  330,
  3680,
  1121,
  685,
  1632,
  1419,
  4175,
  2785,
  4214,
  2700,
  2868,
  4117,
  3038,
  3629,
  3366,
  1719,
  1569,
  3436,
  3203,
  3534,
  2757,
  1891,
  3104,
  3586,
  3736,
  3247,
  3435,
  1865,
  1595,
  5408,
  2137,
  3486,
  1773,
  2457,
  2457,
  3077,
  3294,
  4764,
  3354,
  3501,
  53087,
  2710,
  3353,
  2780,
  352,
  3662,
  3989,
  2008,
  1060,
  1120,
  2155,
  2208,
  3892,
  1998,
  1222,
  3880,
  1035],
 [2017,
  1475,
  0,
  2649,
  3432,
  1914,
  824,
  2512,
  2856,
  2641,
  1075,
  1882,
  3142,
  2817,
  2088,
  1717,
  3095,
  1630,
  2934,
  795,
  1408,
  3250,
  1978,
  2494,
  1862,
  1628,
  1739,
  468,
  1569,
  2992,
  4516,
  4370,
  4572,
  4120,
  5119,
  5306,
  3883,
  5340,
  6595,
  5011,
  6405,
  3816,
  3671,
  6163,
  3488,
  4417,
  6715,
  4313,
  6688,
  4254,
  3939,
  3609,
  3177,
  7444,
  1805,
  3899,
  2168,
  912,
  1851,
  667,
  6507,
  3929,
  5255,
  2919,
  4012,
  4684,
  3815,
  3287,
  3585,
  1951,
  817,
  3655,
  3099,
  2782,
  2005,
  1139,
  3323,
  2834,
  2984,
  3466,
  3654,
  1113,
  2642,
  5627,
  1385,
  2734,
  1120,
  1705,
  3211,
  3296,
  4071,
  5938,
  4131,
  4645,
  52335,
  2929,
  3011,
  2999,
  1827,
  4806,
  4208,
  2240,
  1381,
  1583,
  1403,
  1456,
  4111,
  3142,
  454,
  4099,
  1254],
 [1479,
  1895,
  3489,
  0,
  1094,
  1079,
  3318,
  481,
  2147,
  1565,
  2295,
  2420,
  1232,
  1411,
  1059,
  2416,
  446,
  5897,
  2396,
  5062,
  5675,
  1021,
  2386,
  3597,
  2400,
  1485,
  1571,
  3563,
  2847,
  2104,
  2253,
  1994,
  2196,
  1744,
  2743,
  2657,
  1507,
  2691,
  2562,
  2635,
  2541,
  1440,
  2167,
  2445,
  2370,
  2041,
  2996,
  3243,
  3560,
  2080,
  1765,
  1796,
  1364,
  2237,
  1924,
  1019,
  825,
  2232,
  1716,
  2936,
  2623,
  1953,
  2879,
  2190,
  2508,
  2308,
  1439,
  2960,
  2127,
  1496,
  3086,
  2767,
  2534,
  3148,
  3787,
  4525,
  2120,
  2799,
  3350,
  1653,
  2766,
  4920,
  471,
  3381,
  5652,
  3263,
  3745,
  4018,
  562,
  1002,
  1695,
  2670,
  1755,
  1692,
  56602,
  2381,
  2684,
  2110,
  1946,
  2878,
  1863,
  1785,
  2659,
  2719,
  5670,
  3725,
  1937,
  1114,
  2739,
  1925,
  2551],
 [2269,
  2404,
  3998,
  1004,
  0,
  2163,
  3827,
  1772,
  2656,
  2074,
  2804,
  2929,
  1550,
  1225,
  1094,
  2925,
  1037,
  5449,
  1948,
  4614,
  5227,
  1530,
  2895,
  4106,
  2909,
  2337,
  2080,
  4072,
  3356,
  1656,
  2476,
  2217,
  2419,
  1967,
  2966,
  2880,
  1730,
  2914,
  2785,
  2858,
  2764,
  1663,
  2390,
  2668,
  3593,
  2264,
  3219,
  2795,
  4127,
  1765,
  1450,
  1348,
  916,
  2460,
  2433,
  1166,
  1886,
  3054,
  2538,
  3758,
  2846,
  2176,
  3102,
  1742,
  2731,
  2531,
  1662,
  2512,
  1934,
  2203,
  3908,
  2319,
  2086,
  2700,
  3339,
  4077,
  1672,
  2351,
  2902,
  1205,
  2318,
  4472,
  997,
  3066,
  5204,
  2815,
  4254,
  3570,
  1153,
  356,
  1918,
  3377,
  1978,
  1915,
  56154,
  1933,
  2236,
  1662,
  2455,
  3101,
  1475,
  1690,
  3168,
  3228,
  5222,
  4547,
  1622,
  2942,
  3561,
  1610,
  3375],
 [400,
  1259,
  2361,
  735,
  2218,
  0,
  2190,
  598,
  2462,
  727,
  1310,
  1718,
  947,
  1126,
  715,
  1652,
  1181,
  2820,
  1720,
  1985,
  2598,
  1336,
  1814,
  3365,
  1698,
  406,
  812,
  2435,
  2083,
  1766,
  2985,
  2726,
  2928,
  2476,
  3475,
  3389,
  2239,
  3423,
  3294,
  3367,
  3273,
  2172,
  2899,
  3177,
  3179,
  2773,
  3728,
  2905,
  5474,
  3040,
  2725,
  2395,
  1963,
  2969,
  1165,
  1709,
  254,
  1153,
  637,
  1857,
  3355,
  2685,
  3611,
  1705,
  3240,
  3040,
  2171,
  2622,
  2371,
  724,
  2007,
  2429,
  2196,
  2810,
  3195,
  2329,
  2109,
  2461,
  3012,
  2252,
  2428,
  2303,
  728,
  4413,
  2575,
  2925,
  2887,
  2895,
  1297,
  1371,
  2427,
  4724,
  2487,
  2424,
  53525,
  1709,
  2346,
  1785,
  1187,
  3610,
  2994,
  1013,
  1895,
  1955,
  2593,
  2646,
  2897,
  2748,
  1660,
  2885,
  1472],
 [2188,
  1646,
  171,
  2820,
  3603,
  2085,
  0,
  2683,
  2233,
  1785,
  1246,
  1259,
  3313,
  2988,
  2259,
  1094,
  3266,
  1801,
  3105,
  966,
  1579,
  2299,
  1355,
  1871,
  1239,
  1799,
  1531,
  245,
  946,
  3163,
  3893,
  3995,
  4197,
  4291,
  5307,
  5477,
  3555,
  5511,
  4843,
  4491,
  5088,
  3644,
  3048,
  6334,
  2865,
  4588,
  6886,
  4484,
  6859,
  4425,
  4110,
  3780,
  3348,
  7615,
  1343,
  4070,
  2339,
  1083,
  2022,
  838,
  6678,
  3306,
  4735,
  3090,
  3389,
  4855,
  3986,
  3458,
  3756,
  2122,
  988,
  3826,
  3270,
  2953,
  2176,
  1310,
  3494,
  3005,
  3155,
  3637,
  3825,
  1284,
  2813,
  5798,
  1556,
  2905,
  497,
  1876,
  2978,
  3467,
  4242,
  6109,
  4302,
  4022,
  52506,
  3100,
  3182,
  3170,
  1365,
  4183,
  4379,
  2411,
  758,
  960,
  1574,
  989,
  4282,
  2519,
  625,
  4270,
  1425],
 [998,
  1455,
  2557,
  137,
  1231,
  598,
  2386,
  0,
  1806,
  1059,
  1908,
  2079,
  1127,
  1306,
  946,
  2075,
  583,
  3418,
  2318,
  2583,
  3196,
  680,
  2045,
  3256,
  2059,
  1004,
  1008,
  2631,
  2506,
  1963,
  2390,
  2131,
  2333,
  1881,
  2880,
  2794,
  1644,
  2828,
  2699,
  2772,
  2678,
  1577,
  2304,
  2582,
  2743,
  2178,
  3133,
  3102,
  3697,
  2217,
  1902,
  1933,
  1501,
  2374,
  1361,
  1156,
  344,
  1751,
  1235,
  2455,
  2760,
  2090,
  3016,
  2303,
  2645,
  2445,
  1576,
  2819,
  2264,
  1322,
  2605,
  2626,
  2393,
  3007,
  3793,
  2927,
  1979,
  2658,
  3209,
  1790,
  2625,
  2901,
  130,
  3518,
  3173,
  3122,
  3485,
  3493,
  699,
  1139,
  1832,
  2807,
  1892,
  1829,
  54123,
  2307,
  2543,
  2383,
  1383,
  3015,
  2000,
  1611,
  2318,
  2378,
  3191,
  3244,
  2074,
  2092,
  2258,
  2062,
  2070],
 [1507,
  1421,
  2540,
  456,
  1541,
  1107,
  2369,
  509,
  0,
  1568,
  1821,
  1471,
  2558,
  2233,
  1455,
  1467,
  902,
  6457,
  2956,
  5622,
  6235,
  1049,
  1629,
  3625,
  1513,
  1513,
  1517,
  2614,
  1898,
  2664,
  2709,
  2450,
  2652,
  2200,
  3199,
  3113,
  1963,
  3147,
  4796,
  3091,
  2997,
  1896,
  2623,
  4364,
  2512,
  2497,
  4916,
  3803,
  4889,
  2527,
  2212,
  2356,
  1924,
  5645,
  1327,
  1522,
  853,
  2260,
  1744,
  2964,
  3079,
  2409,
  3335,
  2750,
  2964,
  2764,
  1895,
  3520,
  2574,
  1831,
  3114,
  3327,
  3094,
  3708,
  4347,
  5085,
  2680,
  3359,
  3910,
  2213,
  3326,
  5480,
  499,
  3828,
  6212,
  3823,
  2801,
  4578,
  1018,
  1897,
  2151,
  4139,
  2211,
  2148,
  57162,
  2941,
  3244,
  2670,
  1349,
  3334,
  2310,
  2698,
  1710,
  1770,
  6230,
  3753,
  2384,
  286,
  2767,
  2372,
  2579],
 [913,
  777,
  1879,
  830,
  1783,
  513,
  1708,
  693,
  1980,
  0,
  1177,
  1236,
  1042,
  1221,
  861,
  1170,
  1276,
  3333,
  2233,
  2498,
  3111,
  854,
  1332,
  2883,
  1216,
  919,
  330,
  1953,
  1601,
  1878,
  3725,
  2821,
  3023,
  2571,
  3570,
  3484,
  2334,
  3518,
  3389,
  3462,
  3368,
  2267,
  2880,
  3272,
  2697,
  2868,
  3823,
  3017,
  5187,
  2825,
  2510,
  2180,
  1748,
  4399,
  683,
  1804,
  349,
  1462,
  1150,
  2370,
  3450,
  3138,
  3706,
  2218,
  3221,
  4470,
  2266,
  2734,
  2156,
  1237,
  2520,
  2541,
  2308,
  2922,
  3708,
  2842,
  1894,
  2573,
  3124,
  2037,
  2540,
  2816,
  823,
  4126,
  3088,
  3037,
  2140,
  3408,
  1392,
  1466,
  2522,
  3497,
  2582,
  3854,
  54038,
  2222,
  2458,
  1884,
  705,
  3705,
  2559,
  1526,
  1413,
  1473,
  3106,
  3159,
  2682,
  2266,
  2173,
  2670,
  1985],
 [1398,
  400,
  1912,
  2030,
  2813,
  1295,
  1741,
  1893,
  2112,
  1172,
  0,
  1283,
  2523,
  2198,
  1469,
  1217,
  2476,
  1982,
  2315,
  1147,
  1760,
  1686,
  1379,
  2930,
  1263,
  1001,
  664,
  1986,
  1648,
  2373,
  3772,
  3874,
  4076,
  3501,
  4500,
  4414,
  3434,
  4448,
  4722,
  4370,
  4298,
  3197,
  2927,
  5544,
  2744,
  3798,
  6096,
  3512,
  6069,
  3635,
  3320,
  2990,
  2558,
  6825,
  730,
  3280,
  1549,
  285,
  1232,
  1019,
  4380,
  3185,
  4614,
  2300,
  3268,
  4065,
  3196,
  3229,
  2966,
  1319,
  1169,
  3036,
  2803,
  3134,
  2357,
  1491,
  2704,
  3186,
  3336,
  2847,
  3035,
  1465,
  2023,
  5008,
  1737,
  3086,
  2049,
  2057,
  2592,
  2677,
  3452,
  5319,
  3512,
  3901,
  52687,
  2310,
  2953,
  2380,
  752,
  4062,
  3589,
  1608,
  1460,
  1520,
  1755,
  1808,
  3492,
  2398,
  822,
  3480,
  635],
 [1819,
  588,
  1674,
  1930,
  3015,
  1419,
  1503,
  1599,
  1474,
  906,
  988,
  0,
  1948,
  2127,
  1767,
  601,
  2159,
  2970,
  3303,
  2135,
  2748,
  1420,
  763,
  2314,
  647,
  1825,
  652,
  1748,
  1032,
  2784,
  3134,
  3236,
  3438,
  3477,
  4548,
  4436,
  2796,
  4424,
  4084,
  3732,
  4274,
  2885,
  2289,
  4751,
  2106,
  3774,
  5561,
  3923,
  4900,
  4001,
  3686,
  3086,
  2654,
  3808,
  494,
  2996,
  1255,
  1273,
  2056,
  2007,
  4356,
  2547,
  3976,
  3288,
  2630,
  3879,
  3070,
  3640,
  3062,
  2143,
  2157,
  3447,
  3214,
  4122,
  3345,
  2479,
  2800,
  3479,
  4324,
  2943,
  3446,
  2453,
  1729,
  4696,
  2725,
  4074,
  1935,
  3045,
  2219,
  2372,
  3428,
  4526,
  3488,
  3263,
  53675,
  3298,
  3364,
  3368,
  516,
  3424,
  3784,
  2432,
  844,
  904,
  2743,
  2796,
  3858,
  1760,
  1810,
  3846,
  1623],
 [619,
  1603,
  2705,
  1079,
  1292,
  746,
  2534,
  942,
  2806,
  1071,
  1787,
  2062,
  0,
  510,
  304,
  1996,
  1100,
  3297,
  1459,
  2462,
  3075,
  1680,
  2158,
  3709,
  2042,
  913,
  1156,
  2779,
  2427,
  1167,
  2539,
  2280,
  2482,
  2030,
  3029,
  2943,
  1793,
  2977,
  2848,
  2921,
  2827,
  1726,
  2453,
  2731,
  2656,
  2327,
  3282,
  2306,
  4476,
  2114,
  1799,
  1469,
  1037,
  2523,
  1509,
  1263,
  598,
  1630,
  1114,
  2334,
  2909,
  2239,
  3165,
  1253,
  2794,
  2594,
  1725,
  2023,
  1445,
  741,
  2484,
  1830,
  1597,
  2211,
  2850,
  2806,
  1183,
  1862,
  2413,
  1326,
  1829,
  2780,
  1060,
  3415,
  3052,
  2326,
  3364,
  3081,
  1216,
  1156,
  1981,
  3726,
  2041,
  1978,
  54002,
  1444,
  1747,
  1173,
  1531,
  3164,
  2068,
  1030,
  2239,
  2299,
  3070,
  3123,
  1971,
  3092,
  2137,
  1959,
  1951],
 [1270,
  2612,
  3617,
  1524,
  782,
  1618,
  4609,
  1527,
  3438,
  2345,
  2212,
  3711,
  551,
  0,
  1341,
  3707,
  1764,
  4450,
  949,
  3615,
  4228,
  2312,
  3677,
  4888,
  3691,
  1338,
  2430,
  3691,
  4138,
  657,
  2996,
  2737,
  2939,
  2487,
  3486,
  3400,
  2250,
  3434,
  3873,
  3378,
  3284,
  2183,
  2910,
  3441,
  3113,
  2784,
  3993,
  1796,
  3966,
  1604,
  1289,
  959,
  527,
  4722,
  2783,
  1249,
  1872,
  2055,
  1539,
  2759,
  3366,
  2696,
  3622,
  743,
  3251,
  4180,
  2182,
  1513,
  935,
  1204,
  2909,
  1320,
  1087,
  1701,
  2340,
  3078,
  673,
  1352,
  1903,
  816,
  1319,
  3473,
  1517,
  2905,
  4205,
  1816,
  3789,
  2571,
  1880,
  646,
  2438,
  3216,
  2498,
  2435,
  55155,
  934,
  1237,
  663,
  2805,
  3621,
  1558,
  691,
  3950,
  4010,
  4223,
  3548,
  1461,
  3724,
  2562,
  1449,
  2376],
 [315,
  1883,
  2888,
  1624,
  1938,
  889,
  2898,
  1487,
  3351,
  1616,
  1483,
  2607,
  451,
  682,
  0,
  2541,
  1102,
  2993,
  1440,
  2158,
  2771,
  2225,
  2703,
  4254,
  2587,
  609,
  1701,
  2962,
  2972,
  1479,
  2541,
  2282,
  2484,
  2032,
  3031,
  2945,
  1795,
  2979,
  2850,
  2923,
  2829,
  1728,
  2455,
  2733,
  2658,
  2329,
  3284,
  2618,
  5194,
  2760,
  2445,
  2115,
  1683,
  2525,
  2054,
  1265,
  1143,
  1326,
  810,
  2030,
  2911,
  2241,
  3167,
  1425,
  2796,
  2596,
  1727,
  2335,
  2091,
  437,
  2180,
  2142,
  1909,
  2523,
  3162,
  2502,
  1829,
  2174,
  2725,
  1972,
  2141,
  2476,
  1062,
  4133,
  2748,
  2638,
  3060,
  3068,
  1218,
  927,
  1983,
  4444,
  2043,
  1980,
  53698,
  1422,
  2059,
  1505,
  2076,
  3166,
  2714,
  726,
  2784,
  2844,
  2766,
  2819,
  2617,
  3709,
  1833,
  2605,
  1647],
 [2159,
  928,
  1073,
  1770,
  2855,
  1759,
  902,
  1939,
  1314,
  1246,
  1328,
  340,
  2288,
  2467,
  2107,
  0,
  1999,
  2703,
  4007,
  1868,
  2481,
  1760,
  436,
  1713,
  320,
  2165,
  992,
  1147,
  431,
  3124,
  2974,
  3076,
  3278,
  3514,
  4388,
  4276,
  2636,
  4461,
  3924,
  3572,
  4833,
  2725,
  2129,
  4591,
  1946,
  3811,
  5401,
  5386,
  4740,
  3841,
  3526,
  3670,
  3238,
  3648,
  834,
  2836,
  1595,
  1613,
  2396,
  1740,
  4935,
  2387,
  3816,
  3992,
  2470,
  3719,
  2910,
  4360,
  3888,
  2483,
  1890,
  3787,
  3554,
  3855,
  3078,
  2212,
  3140,
  3907,
  4057,
  3527,
  3786,
  2186,
  1813,
  4536,
  2458,
  3807,
  1334,
  2778,
  2059,
  3211,
  3465,
  4366,
  3525,
  3103,
  52711,
  4002,
  4084,
  4072,
  856,
  3264,
  3624,
  2772,
  243,
  303,
  2476,
  1826,
  3698,
  1600,
  1527,
  3686,
  1963],
 [1594,
  2010,
  2995,
  482,
  1317,
  1194,
  2824,
  596,
  1249,
  1680,
  2410,
  1926,
  1348,
  1527,
  1175,
  1922,
  0,
  4014,
  2512,
  3179,
  3792,
  1136,
  2501,
  3712,
  1968,
  1600,
  1686,
  3069,
  2353,
  2220,
  2159,
  1900,
  2102,
  1650,
  2649,
  2563,
  1413,
  2597,
  2468,
  2541,
  2447,
  1346,
  2073,
  2351,
  2276,
  1947,
  2902,
  3359,
  3466,
  1545,
  1988,
  1912,
  1480,
  2143,
  2039,
  573,
  940,
  2347,
  1831,
  3051,
  2529,
  1859,
  2785,
  2306,
  2414,
  2214,
  1345,
  3076,
  2350,
  1918,
  3201,
  2883,
  2650,
  3264,
  3903,
  4641,
  2236,
  2915,
  3466,
  1769,
  2882,
  5036,
  586,
  2886,
  3769,
  3379,
  3256,
  4134,
  116,
  1118,
  1601,
  2576,
  1661,
  1598,
  54885,
  2497,
  2800,
  2226,
  2061,
  2784,
  1388,
  2207,
  2165,
  2225,
  3787,
  3840,
  1684,
  668,
  2854,
  1672,
  2666],
 [3215,
  2673,
  2154,
  3847,
  5118,
  3112,
  2164,
  3710,
  4385,
  3839,
  2273,
  3222,
  4828,
  4503,
  3286,
  3057,
  6100,
  0,
  4746,
  1091,
  222,
  4448,
  3318,
  3871,
  3202,
  2826,
  2937,
  2228,
  2909,
  4454,
  7332,
  7073,
  7275,
  6823,
  7649,
  7736,
  6586,
  7770,
  8117,
  7714,
  7927,
  6519,
  5200,
  7685,
  5017,
  7120,
  8237,
  4609,
  8210,
  5848,
  5533,
  5295,
  4863,
  8966,
  3003,
  5585,
  3366,
  2110,
  3049,
  1333,
  7702,
  5458,
  7958,
  4885,
  5541,
  8424,
  6518,
  3583,
  5077,
  3149,
  1483,
  3845,
  3395,
  3078,
  2301,
  1435,
  4815,
  3130,
  3280,
  5152,
  3866,
  1409,
  3840,
  7149,
  245,
  3030,
  2363,
  2001,
  6216,
  4982,
  6774,
  7460,
  6834,
  6174,
  51399,
  4731,
  3307,
  4805,
  3025,
  7957,
  5894,
  3438,
  2721,
  2923,
  227,
  2122,
  5705,
  4671,
  1652,
  5693,
  1735],
 [819,
  2161,
  3166,
  1902,
  1133,
  1167,
  3176,
  1765,
  3789,
  1894,
  1761,
  2885,
  843,
  518,
  890,
  2819,
  2115,
  3271,
  0,
  2436,
  3049,
  2663,
  2981,
  5239,
  2865,
  887,
  1979,
  3240,
  3250,
  687,
  3347,
  3088,
  3290,
  2838,
  3837,
  3751,
  2601,
  3785,
  4224,
  3729,
  4034,
  2534,
  3261,
  3792,
  3464,
  3135,
  4344,
  1826,
  4317,
  1955,
  1640,
  1310,
  878,
  5073,
  2332,
  1600,
  1421,
  1604,
  1088,
  2308,
  3717,
  3047,
  3973,
  611,
  3602,
  4531,
  2533,
  1543,
  1286,
  753,
  2458,
  1350,
  1117,
  1731,
  2370,
  2780,
  1024,
  1382,
  1933,
  1167,
  1349,
  2754,
  1895,
  3256,
  3026,
  1846,
  3338,
  2601,
  2231,
  997,
  2789,
  3567,
  2849,
  2786,
  50826,
  630,
  1267,
  691,
  2354,
  3972,
  1909,
  612,
  3062,
  3122,
  3044,
  3097,
  1812,
  4075,
  2111,
  1800,
  1925],
 [3370,
  2828,
  2309,
  4002,
  4302,
  3267,
  2319,
  3865,
  4540,
  3994,
  2428,
  3377,
  4012,
  3687,
  3441,
  3212,
  5284,
  1025,
  3930,
  0,
  803,
  4603,
  3473,
  4202,
  3357,
  2981,
  3092,
  2383,
  3064,
  3638,
  6516,
  6257,
  6459,
  6007,
  6833,
  6920,
  5770,
  6954,
  7301,
  6898,
  7111,
  5703,
  5355,
  6869,
  5172,
  6304,
  7421,
  3793,
  7394,
  5032,
  4717,
  4479,
  4047,
  8150,
  3158,
  4769,
  3521,
  2265,
  3204,
  1488,
  6886,
  6216,
  7142,
  4069,
  5696,
  7608,
  5702,
  2767,
  4261,
  3304,
  1638,
  3029,
  2579,
  2262,
  1485,
  1590,
  3999,
  2314,
  2464,
  4336,
  3050,
  1564,
  3995,
  6333,
  780,
  2214,
  2518,
  2156,
  5400,
  4166,
  5958,
  6644,
  6018,
  6329,
  51730,
  3915,
  2491,
  3989,
  3180,
  7141,
  5078,
  3593,
  2876,
  3078,
  798,
  2277,
  4889,
  4251,
  1807,
  4877,
  1890],
 [2993,
  2451,
  1932,
  3625,
  4896,
  2890,
  1942,
  3488,
  3588,
  3617,
  2051,
  3000,
  4606,
  4281,
  3064,
  2835,
  5878,
  222,
  4524,
  869,
  0,
  4226,
  3096,
  3649,
  2980,
  2604,
  2715,
  2006,
  2687,
  4232,
  7110,
  6851,
  7053,
  6601,
  7427,
  7514,
  6364,
  7548,
  7895,
  7492,
  7705,
  6297,
  4978,
  7463,
  4795,
  6898,
  8015,
  4387,
  7988,
  5626,
  5311,
  5073,
  4641,
  8744,
  2781,
  5363,
  3144,
  1888,
  2827,
  1111,
  7480,
  5236,
  7736,
  4663,
  5319,
  8202,
  6296,
  3361,
  4855,
  2927,
  1261,
  3623,
  3173,
  2856,
  2079,
  1213,
  4593,
  2908,
  3058,
  4930,
  3644,
  1187,
  3618,
  6927,
  23,
  2808,
  2141,
  1779,
  5994,
  4760,
  6552,
  7238,
  6612,
  5952,
  51177,
  4509,
  3085,
  4583,
  2803,
  7735,
  5672,
  3216,
  2499,
  2701,
  5,
  1900,
  5483,
  3874,
  1430,
  5471,
  1513],
 [2633,
  1987,
  2468,
  1582,
  2667,
  2233,
  2297,
  1635,
  1126,
  2305,
  2387,
  1399,
  3684,
  3359,
  2581,
  1395,
  2028,
  4098,
  4082,
  3263,
  3876,
  0,
  1365,
  2576,
  1379,
  2639,
  2051,
  2542,
  1826,
  3790,
  4033,
  3576,
  3778,
  3326,
  4325,
  4239,
  3089,
  4273,
  5922,
  4217,
  5732,
  3022,
  3188,
  5490,
  3005,
  3623,
  6042,
  4929,
  6015,
  3653,
  3338,
  3482,
  3050,
  4707,
  1893,
  2648,
  1979,
  2672,
  2870,
  3135,
  4158,
  3446,
  4461,
  3876,
  3529,
  4778,
  3021,
  4646,
  3700,
  2957,
  3285,
  4453,
  4220,
  4834,
  5473,
  3607,
  3806,
  4485,
  5036,
  3339,
  4452,
  3581,
  1625,
  4954,
  3853,
  4949,
  2724,
  5704,
  2144,
  3023,
  3277,
  5265,
  3337,
  4162,
  53749,
  4067,
  4370,
  3796,
  1915,
  4460,
  3436,
  3824,
  1638,
  1698,
  3871,
  3216,
  3510,
  1412,
  2922,
  3498,
  3022],
 [2329,
  1098,
  1568,
  2772,
  3857,
  1929,
  1397,
  2825,
  2316,
  1416,
  1498,
  510,
  2458,
  2637,
  2277,
  506,
  3218,
  3198,
  3813,
  2363,
  2976,
  1930,
  0,
  1562,
  490,
  2335,
  1162,
  1642,
  926,
  4980,
  3144,
  3246,
  3448,
  4516,
  4558,
  4446,
  2806,
  5463,
  4094,
  3742,
  5003,
  2895,
  2299,
  4761,
  2116,
  4813,
  5571,
  5881,
  4910,
  4843,
  4528,
  4672,
  4240,
  3818,
  1004,
  3838,
  1765,
  1783,
  2566,
  2235,
  5348,
  2557,
  3986,
  3798,
  2640,
  3889,
  3080,
  5836,
  4890,
  2653,
  2385,
  5643,
  5410,
  4350,
  3573,
  2707,
  4996,
  4402,
  4552,
  4529,
  5642,
  2681,
  2815,
  6144,
  2953,
  4302,
  1508,
  3273,
  2229,
  4213,
  4467,
  4536,
  4527,
  3273,
  52885,
  3808,
  5560,
  4986,
  1026,
  3434,
  4626,
  2942,
  738,
  798,
  2971,
  2000,
  4700,
  2602,
  2022,
  4688,
  2133],
 [3371,
  1653,
  1354,
  2919,
  4004,
  2528,
  1183,
  2708,
  2463,
  2015,
  2053,
  1489,
  3057,
  3236,
  3442,
  1324,
  3148,
  2984,
  4288,
  2149,
  2762,
  2529,
  1585,
  0,
  1469,
  2982,
  1761,
  1428,
  1176,
  4346,
  4123,
  4225,
  4427,
  4586,
  5537,
  6040,
  3785,
  5610,
  5073,
  4721,
  5383,
  3874,
  3278,
  6827,
  3095,
  4883,
  5915,
  5667,
  7352,
  4990,
  4675,
  4963,
  4531,
  8108,
  1573,
  3985,
  2364,
  2266,
  3205,
  1627,
  5542,
  3536,
  4965,
  4273,
  3619,
  5150,
  4059,
  4641,
  4939,
  3305,
  2171,
  5009,
  4453,
  4136,
  3359,
  2493,
  4677,
  4188,
  4338,
  4820,
  5008,
  2467,
  2962,
  6291,
  2739,
  4088,
  1113,
  3059,
  3208,
  3481,
  4537,
  6602,
  4597,
  4252,
  52148,
  4283,
  4365,
  4353,
  1595,
  4413,
  4773,
  3594,
  988,
  1190,
  2757,
  1605,
  4847,
  2749,
  1808,
  4835,
  2608],
 [2121,
  890,
  1371,
  1450,
  2535,
  1721,
  1200,
  1503,
  994,
  1208,
  1290,
  302,
  2250,
  3227,
  2069,
  298,
  1679,
  3001,
  3605,
  2166,
  2779,
  1722,
  460,
  2011,
  0,
  2127,
  954,
  1445,
  729,
  3658,
  2654,
  2756,
  2958,
  3194,
  4068,
  3956,
  2316,
  4141,
  3604,
  3252,
  4513,
  2405,
  1809,
  4271,
  1626,
  3491,
  5081,
  4797,
  4420,
  3521,
  3206,
  3350,
  2918,
  3328,
  796,
  2516,
  1557,
  1575,
  2358,
  2038,
  4615,
  2067,
  3496,
  3744,
  2150,
  3399,
  2590,
  4514,
  3568,
  2445,
  2188,
  4321,
  4088,
  4153,
  3376,
  2510,
  3674,
  4353,
  4355,
  3207,
  4320,
  2484,
  1493,
  4216,
  2756,
  4817,
  1632,
  3076,
  1739,
  2891,
  3145,
  4046,
  3205,
  2783,
  53009,
  3935,
  4238,
  3664,
  818,
  2944,
  3304,
  2734,
  541,
  601,
  2774,
  2124,
  3378,
  1280,
  1825,
  3366,
  1925],
 [384,
  1764,
  2769,
  1505,
  1806,
  770,
  2779,
  1368,
  3232,
  1497,
  1364,
  2488,
  1516,
  1191,
  455,
  2422,
  1557,
  2874,
  1321,
  2039,
  2652,
  2106,
  2584,
  4135,
  2468,
  0,
  1582,
  2843,
  2853,
  1360,
  2996,
  2737,
  2939,
  2487,
  3486,
  3400,
  2250,
  3434,
  4897,
  3378,
  4707,
  2183,
  2910,
  4465,
  3949,
  2784,
  5017,
  2499,
  4990,
  2628,
  2313,
  1983,
  1551,
  5746,
  1935,
  2273,
  1024,
  1207,
  691,
  1911,
  3319,
  2696,
  3622,
  1284,
  3251,
  3051,
  2182,
  2216,
  1959,
  318,
  2061,
  2023,
  1790,
  2404,
  3043,
  2383,
  1697,
  2055,
  2606,
  1840,
  2022,
  2357,
  1498,
  3929,
  2629,
  2519,
  2941,
  2949,
  1673,
  1670,
  2438,
  4240,
  2498,
  2435,
  53579,
  1303,
  1940,
  1364,
  1957,
  3621,
  2582,
  607,
  2665,
  2725,
  2647,
  2700,
  2485,
  3518,
  1714,
  2473,
  1528],
 [1288,
  447,
  1549,
  1205,
  2701,
  888,
  1378,
  1068,
  1160,
  375,
  847,
  906,
  1417,
  1596,
  1236,
  840,
  1651,
  2829,
  2608,
  1994,
  2607,
  889,
  1002,
  2553,
  886,
  1294,
  0,
  1623,
  1271,
  2253,
  3395,
  3497,
  3699,
  2946,
  3945,
  3859,
  3057,
  3893,
  4345,
  3993,
  3743,
  3146,
  2550,
  5012,
  2367,
  3243,
  5822,
  3392,
  5161,
  3687,
  3372,
  2555,
  2123,
  4069,
  353,
  2682,
  724,
  1132,
  1525,
  1866,
  3778,
  2808,
  4237,
  2593,
  2891,
  4140,
  2641,
  3109,
  2531,
  1612,
  2016,
  2916,
  2683,
  3981,
  3204,
  2338,
  2269,
  2948,
  4183,
  2412,
  2915,
  2312,
  1198,
  4988,
  2584,
  3412,
  1810,
  2904,
  1923,
  1841,
  2897,
  4787,
  2957,
  3524,
  53534,
  2597,
  2833,
  2259,
  375,
  3685,
  3470,
  1901,
  1083,
  1143,
  2602,
  2655,
  3544,
  1446,
  1669,
  3532,
  1482],
 [2483,
  1698,
  466,
  3115,
  3898,
  2380,
  476,
  2978,
  2508,
  2060,
  1541,
  1534,
  3608,
  3283,
  2554,
  1369,
  3193,
  2096,
  3400,
  1261,
  1874,
  2574,
  1630,
  2146,
  1514,
  2094,
  1806,
  0,
  1221,
  3458,
  4168,
  4270,
  4472,
  4586,
  5582,
  5772,
  3830,
  5638,
  5118,
  4766,
  5383,
  3919,
  3323,
  6629,
  3140,
  4883,
  7181,
  4779,
  7154,
  4720,
  4405,
  4075,
  3643,
  7910,
  1618,
  4365,
  2634,
  1378,
  2317,
  1058,
  6973,
  3581,
  5010,
  3385,
  3664,
  5150,
  4104,
  3753,
  4051,
  2417,
  1283,
  4121,
  3565,
  3248,
  2471,
  1605,
  3789,
  3300,
  3450,
  3932,
  4120,
  1579,
  3108,
  6093,
  1851,
  3200,
  772,
  2171,
  3253,
  3762,
  4537,
  6404,
  4597,
  4297,
  52801,
  3395,
  3477,
  3465,
  1640,
  4458,
  4674,
  2706,
  1033,
  1235,
  1869,
  1264,
  4577,
  2794,
  920,
  4565,
  1720],
 [2659,
  941,
  642,
  2231,
  3316,
  2556,
  471,
  1996,
  1775,
  1303,
  1341,
  801,
  3784,
  3459,
  2730,
  636,
  2460,
  2272,
  3576,
  1437,
  2050,
  1817,
  897,
  1413,
  781,
  2270,
  1049,
  716,
  0,
  3634,
  3435,
  3537,
  3739,
  3874,
  4849,
  4737,
  3097,
  4922,
  4385,
  4033,
  5294,
  3186,
  2590,
  5052,
  2407,
  4171,
  5862,
  4955,
  5201,
  4302,
  3987,
  4251,
  3819,
  4109,
  861,
  3297,
  1652,
  1554,
  2493,
  1309,
  5396,
  2848,
  4277,
  3561,
  2931,
  4180,
  3371,
  3929,
  4227,
  2593,
  1459,
  4297,
  3741,
  3424,
  2647,
  1781,
  3965,
  3476,
  3626,
  4108,
  4296,
  1755,
  2126,
  4997,
  2027,
  3376,
  903,
  2347,
  2520,
  3938,
  3825,
  4827,
  3885,
  3564,
  52280,
  3571,
  3653,
  3641,
  883,
  3725,
  4085,
  2882,
  300,
  502,
  2045,
  1395,
  4159,
  2061,
  1096,
  4147,
  1896],
 [2365,
  3707,
  4712,
  2678,
  1936,
  2713,
  5763,
  2681,
  4592,
  3440,
  3307,
  4865,
  1646,
  1321,
  2436,
  4861,
  2918,
  3793,
  1564,
  2958,
  3571,
  3466,
  4831,
  6042,
  4845,
  2433,
  3525,
  4786,
  5292,
  0,
  4150,
  3891,
  4093,
  3641,
  4640,
  4554,
  3404,
  4588,
  4935,
  4532,
  4745,
  3337,
  4064,
  4503,
  4267,
  3938,
  5055,
  1139,
  5028,
  2666,
  2351,
  2113,
  1681,
  5784,
  3878,
  2403,
  2967,
  3150,
  2634,
  3854,
  4847,
  3850,
  4776,
  1703,
  4405,
  5242,
  3336,
  856,
  1895,
  2299,
  4004,
  663,
  430,
  1044,
  1683,
  2421,
  1633,
  695,
  1246,
  1970,
  662,
  2816,
  2671,
  3967,
  3548,
  1159,
  4884,
  1914,
  3034,
  1800,
  3592,
  4278,
  3652,
  3589,
  50139,
  1549,
  580,
  1623,
  3900,
  4775,
  2712,
  1786,
  5104,
  5164,
  3566,
  4643,
  2523,
  4878,
  3657,
  2511,
  3471],
 [2807,
  3422,
  4030,
  2419,
  2527,
  3020,
  3859,
  2422,
  3320,
  3740,
  3822,
  2961,
  2665,
  2844,
  2492,
  2957,
  2244,
  7330,
  3829,
  6495,
  7108,
  2962,
  3119,
  4514,
  3003,
  3101,
  3486,
  4104,
  3388,
  3537,
  0,
  389,
  591,
  1337,
  1533,
  1509,
  1055,
  2023,
  1777,
  805,
  2134,
  852,
  921,
  2137,
  1516,
  1197,
  2888,
  4676,
  3793,
  3513,
  3198,
  3229,
  2797,
  2376,
  3328,
  2200,
  2766,
  4107,
  3302,
  4697,
  2104,
  884,
  1049,
  3623,
  1032,
  2654,
  852,
  4393,
  3560,
  2929,
  4847,
  4200,
  3967,
  4581,
  5220,
  5958,
  3553,
  4232,
  4783,
  3086,
  4199,
  6353,
  2412,
  2474,
  7085,
  4696,
  4291,
  5451,
  2360,
  2435,
  1332,
  2304,
  1293,
  2038,
  56224,
  3814,
  4117,
  3543,
  3350,
  497,
  2960,
  3218,
  3200,
  3260,
  7103,
  4783,
  3370,
  3606,
  4484,
  3358,
  4457],
 [2601,
  3630,
  4766,
  2213,
  2321,
  2814,
  4595,
  2216,
  3882,
  3300,
  3769,
  3697,
  2459,
  2638,
  2286,
  3693,
  2038,
  7124,
  3623,
  6289,
  6902,
  2756,
  4121,
  5250,
  3739,
  2895,
  3306,
  4840,
  4124,
  3331,
  1746,
  0,
  202,
  948,
  1144,
  1351,
  1027,
  1634,
  1388,
  1123,
  1745,
  960,
  1657,
  1748,
  1890,
  808,
  2389,
  4470,
  2665,
  3307,
  2992,
  3023,
  2591,
  1987,
  3659,
  1994,
  2560,
  3612,
  3096,
  4316,
  1644,
  1620,
  1367,
  3417,
  1768,
  2058,
  892,
  4187,
  3354,
  2723,
  4466,
  3994,
  3761,
  4375,
  5014,
  5752,
  3347,
  4026,
  4577,
  2880,
  3993,
  6147,
  2206,
  2085,
  6879,
  4490,
  5027,
  5245,
  2154,
  2229,
  943,
  1915,
  904,
  2254,
  57829,
  3608,
  3911,
  3337,
  3681,
  1400,
  2754,
  3012,
  3936,
  3996,
  6897,
  5105,
  3164,
  2706,
  4119,
  3152,
  3933],
 [2399,
  3428,
  4564,
  2011,
  2119,
  2612,
  4393,
  2014,
  3680,
  3098,
  3567,
  3495,
  2257,
  2436,
  2084,
  3491,
  1836,
  6922,
  3421,
  6087,
  6700,
  2554,
  3919,
  5048,
  3537,
  2693,
  3104,
  4638,
  3922,
  3129,
  1544,
  847,
  0,
  746,
  942,
  1149,
  825,
  1432,
  1186,
  921,
  1543,
  758,
  1455,
  1546,
  1688,
  606,
  2187,
  4268,
  2463,
  3105,
  2790,
  2821,
  2389,
  1785,
  3457,
  1792,
  2358,
  3410,
  2894,
  4114,
  1442,
  1418,
  1165,
  3215,
  1566,
  1856,
  690,
  3985,
  3152,
  2521,
  4264,
  3792,
  3559,
  4173,
  4812,
  5550,
  3145,
  3824,
  4375,
  2678,
  3791,
  5945,
  2004,
  1883,
  6677,
  4288,
  4825,
  5043,
  1952,
  2027,
  741,
  1713,
  702,
  2052,
  57627,
  3406,
  3709,
  3135,
  3479,
  1198,
  2552,
  2810,
  3734,
  3794,
  6695,
  4903,
  2962,
  2504,
  3917,
  2950,
  3731],
 [2836,
  3865,
  5459,
  2448,
  2556,
  3049,
  5288,
  2451,
  4117,
  3535,
  4004,
  4390,
  2694,
  2873,
  2521,
  4386,
  2273,
  7359,
  3858,
  6524,
  7137,
  2991,
  4356,
  5567,
  4370,
  3130,
  3541,
  5533,
  4817,
  3566,
  2172,
  2101,
  2303,
  0,
  999,
  1422,
  1759,
  947,
  818,
  2134,
  1042,
  1692,
  2404,
  800,
  2796,
  900,
  1577,
  4705,
  1717,
  3542,
  2890,
  3258,
  2826,
  1054,
  3894,
  2229,
  2795,
  3847,
  3331,
  4551,
  832,
  2367,
  2378,
  3652,
  3340,
  1125,
  1691,
  4422,
  3419,
  2958,
  4701,
  4229,
  3996,
  4610,
  5249,
  5987,
  3582,
  4261,
  4812,
  3115,
  4228,
  6382,
  2441,
  1137,
  7114,
  4725,
  5715,
  5480,
  2389,
  2464,
  798,
  967,
  652,
  1366,
  58064,
  3843,
  4146,
  3572,
  3916,
  1826,
  2989,
  3247,
  4629,
  4689,
  7132,
  5340,
  2920,
  2941,
  4354,
  2824,
  4168],
 [1822,
  2851,
  4445,
  1434,
  1542,
  2035,
  4274,
  1437,
  3103,
  2521,
  2990,
  3376,
  1680,
  1859,
  1507,
  3372,
  1259,
  6345,
  2844,
  5510,
  6123,
  1977,
  3342,
  4553,
  3356,
  2116,
  2527,
  4519,
  3803,
  2552,
  1521,
  1232,
  1434,
  982,
  0,
  1895,
  745,
  1929,
  244,
  1873,
  1551,
  678,
  1405,
  1309,
  1608,
  1279,
  1861,
  3691,
  1935,
  2528,
  2213,
  2244,
  1812,
  843,
  2880,
  1215,
  1781,
  2833,
  2317,
  3537,
  1653,
  1191,
  2117,
  2638,
  1746,
  914,
  677,
  3408,
  2575,
  1944,
  3687,
  3215,
  2982,
  3596,
  4235,
  4973,
  2568,
  3247,
  3798,
  2101,
  3214,
  5368,
  1427,
  1254,
  6100,
  3711,
  4701,
  4466,
  1375,
  1450,
  933,
  1084,
  993,
  1155,
  57050,
  2829,
  3132,
  2558,
  2902,
  2116,
  1975,
  2233,
  3615,
  3675,
  6118,
  4326,
  2385,
  1927,
  3340,
  2373,
  3154],
 [3110,
  4139,
  5733,
  2722,
  2830,
  3323,
  5562,
  2725,
  4391,
  3809,
  4278,
  4664,
  2968,
  3147,
  2795,
  4660,
  2547,
  7633,
  4132,
  6798,
  7411,
  3265,
  4630,
  5841,
  4644,
  3404,
  3815,
  5807,
  5091,
  3840,
  2177,
  2106,
  2308,
  959,
  1273,
  0,
  2033,
  952,
  1092,
  2139,
  1779,
  1966,
  2458,
  1074,
  3070,
  954,
  1379,
  4979,
  2284,
  3816,
  3501,
  3532,
  3100,
  1328,
  4168,
  2503,
  3069,
  4121,
  3605,
  4825,
  595,
  2479,
  2383,
  3926,
  3345,
  1399,
  1965,
  4696,
  3693,
  3232,
  4975,
  4503,
  4270,
  4884,
  5523,
  6261,
  3856,
  4535,
  5086,
  3389,
  4502,
  6656,
  2715,
  1411,
  7388,
  4999,
  5989,
  5754,
  2663,
  2738,
  1072,
  1241,
  706,
  1640,
  58338,
  4117,
  4420,
  3846,
  4190,
  1831,
  3263,
  3521,
  4903,
  4963,
  7406,
  5614,
  3673,
  3215,
  4628,
  3098,
  4442],
 [2283,
  3290,
  3898,
  1895,
  2003,
  2496,
  3727,
  1898,
  3564,
  2982,
  3690,
  2829,
  2141,
  2320,
  1968,
  2825,
  1720,
  6806,
  3305,
  5971,
  6584,
  2438,
  2987,
  5068,
  2871,
  2577,
  2988,
  3972,
  3256,
  3013,
  1747,
  883,
  1085,
  1138,
  1553,
  1659,
  0,
  2085,
  1347,
  1329,
  2256,
  175,
  902,
  2014,
  1105,
  1435,
  2824,
  4152,
  2163,
  2989,
  2674,
  2705,
  2273,
  1071,
  3196,
  1676,
  2242,
  3294,
  2778,
  3998,
  1970,
  688,
  1573,
  3099,
  1243,
  1142,
  328,
  3869,
  3036,
  2405,
  4148,
  3676,
  3443,
  4057,
  4696,
  5434,
  3029,
  3708,
  4259,
  2562,
  3675,
  5829,
  1888,
  1959,
  6561,
  4172,
  4159,
  4927,
  1836,
  1911,
  1089,
  1789,
  1149,
  526,
  57511,
  3290,
  3593,
  3019,
  3218,
  1483,
  2436,
  2694,
  3068,
  3128,
  6579,
  4787,
  2846,
  2388,
  3801,
  2834,
  3615],
 [2905,
  4047,
  5528,
  2517,
  2625,
  3118,
  5357,
  2520,
  4186,
  3604,
  4073,
  3586,
  2763,
  2942,
  2590,
  3582,
  2342,
  7428,
  3927,
  6593,
  7206,
  3060,
  3744,
  5496,
  3628,
  3199,
  3610,
  4729,
  4013,
  3635,
  1225,
  1154,
  1356,
  887,
  1083,
  475,
  1318,
  0,
  1327,
  1187,
  2254,
  1251,
  2146,
  1425,
  2897,
  238,
  1854,
  4774,
  2759,
  3611,
  3296,
  3327,
  2895,
  1679,
  3953,
  2298,
  2864,
  3916,
  3400,
  4620,
  1070,
  2109,
  1431,
  3721,
  2393,
  1750,
  1183,
  4491,
  3658,
  3027,
  4770,
  4298,
  4065,
  4679,
  5318,
  6056,
  3651,
  4330,
  4881,
  3184,
  4297,
  6451,
  2510,
  1762,
  7183,
  4794,
  6609,
  5549,
  2458,
  2533,
  882,
  1592,
  524,
  1991,
  58133,
  3912,
  4215,
  3641,
  3975,
  879,
  3058,
  3316,
  3825,
  3885,
  7201,
  5409,
  3468,
  3010,
  4423,
  3456,
  4237],
 [2018,
  3047,
  4641,
  1630,
  1738,
  2231,
  4470,
  1633,
  3299,
  2717,
  3186,
  3572,
  1876,
  2055,
  1703,
  3568,
  1455,
  6541,
  3040,
  5706,
  6319,
  2173,
  3538,
  4749,
  3552,
  2312,
  2723,
  4715,
  3999,
  2748,
  1722,
  1463,
  1665,
  1178,
  772,
  2091,
  941,
  2095,
  0,
  1559,
  1307,
  874,
  1601,
  1065,
  2341,
  1475,
  1617,
  3887,
  1691,
  2724,
  2409,
  2440,
  2008,
  599,
  3076,
  1411,
  1977,
  3029,
  2513,
  3733,
  1409,
  1387,
  1803,
  2834,
  1942,
  670,
  873,
  3604,
  2771,
  2140,
  3883,
  3411,
  3178,
  3792,
  4431,
  5169,
  2764,
  3443,
  3994,
  2297,
  3410,
  5564,
  1623,
  1010,
  6296,
  3907,
  4897,
  4662,
  1571,
  1646,
  571,
  840,
  1189,
  911,
  57246,
  3025,
  3328,
  2754,
  3098,
  1836,
  2171,
  2429,
  3811,
  3871,
  6314,
  4522,
  2581,
  2123,
  3536,
  2569,
  3350],
 [3136,
  4111,
  4719,
  2748,
  2856,
  3349,
  4548,
  2751,
  4009,
  3835,
  4511,
  3650,
  2994,
  3173,
  2821,
  3646,
  2573,
  7659,
  4158,
  6824,
  7437,
  3291,
  3808,
  5560,
  3692,
  3430,
  3841,
  4793,
  4077,
  3866,
  1289,
  1218,
  1420,
  1118,
  1314,
  704,
  1817,
  1656,
  1796,
  0,
  2483,
  1750,
  2210,
  1778,
  2961,
  485,
  2083,
  5005,
  2988,
  3842,
  3527,
  3558,
  3126,
  2032,
  4017,
  2529,
  3095,
  4147,
  3631,
  4851,
  1299,
  2173,
  244,
  3952,
  2457,
  2103,
  1682,
  4722,
  3889,
  3258,
  5356,
  4529,
  4296,
  4910,
  5549,
  6287,
  3882,
  4561,
  5112,
  3415,
  4528,
  6682,
  2741,
  2115,
  7414,
  5025,
  6673,
  5780,
  2689,
  2764,
  1113,
  1945,
  771,
  2344,
  58364,
  4143,
  4446,
  3872,
  4039,
  943,
  3289,
  3547,
  3889,
  3949,
  7432,
  5995,
  3898,
  4295,
  4654,
  3802,
  4468],
 [2713,
  3742,
  5336,
  2325,
  2433,
  2926,
  5165,
  2328,
  3994,
  3412,
  3881,
  4267,
  2571,
  2750,
  2398,
  4263,
  2150,
  7236,
  3735,
  6401,
  7014,
  2868,
  4233,
  5444,
  4247,
  3007,
  3418,
  5033,
  4694,
  3443,
  1826,
  1567,
  1769,
  1873,
  876,
  1605,
  1636,
  1130,
  695,
  1663,
  0,
  1569,
  2175,
  677,
  2673,
  1348,
  1149,
  4582,
  2023,
  3419,
  3104,
  3135,
  2703,
  931,
  3771,
  2106,
  2672,
  3724,
  3208,
  4428,
  737,
  2082,
  1907,
  3529,
  2286,
  1002,
  1568,
  4299,
  3466,
  2835,
  4578,
  4106,
  3873,
  4487,
  5126,
  5864,
  3459,
  4138,
  4689,
  2992,
  4105,
  6259,
  2318,
  1014,
  6991,
  4602,
  5592,
  5357,
  2266,
  2341,
  675,
  844,
  1002,
  1243,
  57941,
  3720,
  4023,
  3449,
  3793,
  1940,
  2866,
  3124,
  4506,
  4566,
  7009,
  5217,
  2797,
  2818,
  4231,
  2701,
  4045],
 [2168,
  3115,
  3723,
  1780,
  1888,
  2381,
  3552,
  1783,
  3013,
  2867,
  3515,
  2654,
  2026,
  2205,
  1853,
  2650,
  1605,
  6691,
  3190,
  5856,
  6469,
  2323,
  2812,
  4893,
  2696,
  2462,
  2873,
  3797,
  3081,
  2898,
  1572,
  768,
  970,
  1023,
  1438,
  1544,
  203,
  1970,
  2115,
  1214,
  1820,
  0,
  727,
  1823,
  930,
  1320,
  3592,
  4037,
  2931,
  2874,
  2559,
  2590,
  2158,
  1839,
  3021,
  1561,
  2127,
  3179,
  2663,
  3883,
  1855,
  513,
  1458,
  2984,
  1068,
  1910,
  213,
  3754,
  2921,
  2290,
  4033,
  3561,
  3328,
  3942,
  4581,
  5319,
  2914,
  3593,
  4144,
  2447,
  3560,
  5714,
  1773,
  2727,
  6446,
  4057,
  3984,
  4812,
  1721,
  1796,
  974,
  2557,
  1034,
  1294,
  57396,
  3175,
  3478,
  2904,
  3043,
  1368,
  2321,
  2579,
  2893,
  2953,
  6464,
  4672,
  2731,
  2273,
  3686,
  2719,
  3500],
 [2895,
  2453,
  3061,
  2507,
  2615,
  3284,
  2890,
  2510,
  2351,
  2771,
  2853,
  1992,
  2753,
  2932,
  2580,
  1988,
  2332,
  4691,
  3917,
  3856,
  4469,
  3050,
  2150,
  3902,
  2034,
  3189,
  2517,
  3135,
  2419,
  3625,
  845,
  947,
  1149,
  1750,
  2091,
  2147,
  930,
  2697,
  2734,
  1443,
  2547,
  727,
  0,
  2550,
  904,
  1755,
  3526,
  4764,
  3550,
  3601,
  3286,
  3317,
  2885,
  2458,
  2359,
  2288,
  2854,
  3138,
  3390,
  3728,
  2582,
  214,
  1687,
  3711,
  341,
  2529,
  940,
  4481,
  3648,
  3017,
  3878,
  4288,
  4055,
  4669,
  5308,
  4200,
  3641,
  4320,
  4871,
  3174,
  4287,
  4174,
  2500,
  3346,
  4446,
  4784,
  3322,
  5539,
  2448,
  2523,
  1701,
  3176,
  1761,
  1913,
  54699,
  3902,
  4205,
  3631,
  2381,
  1135,
  3048,
  3306,
  2231,
  2291,
  4464,
  3814,
  3458,
  2637,
  3515,
  3446,
  3488],
 [3109,
  4138,
  5732,
  2721,
  3229,
  3322,
  5561,
  2724,
  4390,
  3808,
  6261,
  5148,
  2967,
  3571,
  2794,
  5144,
  2546,
  7795,
  4500,
  6960,
  7573,
  3264,
  4629,
  5840,
  4643,
  5387,
  3814,
  6291,
  5575,
  4002,
  2255,
  2184,
  2386,
  1261,
  1118,
  1505,
  2032,
  1030,
  1091,
  2217,
  242,
  1965,
  3599,
  0,
  3613,
  1268,
  717,
  5141,
  1115,
  2479,
  2288,
  2847,
  3262,
  1871,
  4167,
  2502,
  3068,
  6104,
  5588,
  6808,
  344,
  3385,
  2461,
  4100,
  3423,
  1398,
  1964,
  4858,
  2817,
  3231,
  6958,
  4665,
  4432,
  5046,
  5685,
  6423,
  3155,
  4697,
  5248,
  3086,
  4664,
  6818,
  2714,
  535,
  7550,
  5161,
  7838,
  5916,
  2662,
  2737,
  917,
  225,
  1008,
  2183,
  58500,
  4119,
  4582,
  4180,
  4189,
  1909,
  2919,
  5112,
  5387,
  5447,
  7568,
  7597,
  2318,
  3214,
  6611,
  2222,
  6425],
 [2919,
  2685,
  3293,
  3039,
  2639,
  3516,
  3122,
  2534,
  2583,
  3003,
  3085,
  2224,
  2777,
  2956,
  2604,
  2220,
  2356,
  4923,
  3941,
  4088,
  4701,
  3074,
  2382,
  4463,
  2266,
  3213,
  2749,
  3367,
  2651,
  3649,
  1500,
  1602,
  1804,
  1774,
  2442,
  2802,
  690,
  2721,
  1978,
  2098,
  2887,
  779,
  655,
  2645,
  0,
  2071,
  3455,
  4788,
  2794,
  3625,
  3310,
  3341,
  2909,
  1702,
  2591,
  2312,
  2878,
  3370,
  3414,
  3960,
  2989,
  441,
  2342,
  3735,
  996,
  1773,
  964,
  4505,
  3672,
  3041,
  4110,
  4312,
  4079,
  4693,
  5332,
  4432,
  3665,
  4344,
  4895,
  3198,
  4311,
  4406,
  2524,
  2590,
  4678,
  4808,
  3554,
  4998,
  2472,
  2547,
  1725,
  2420,
  1785,
  1157,
  54931,
  3926,
  4229,
  3655,
  2613,
  1790,
  3072,
  3330,
  2463,
  2523,
  4696,
  4046,
  3482,
  2869,
  3747,
  4277,
  3720],
 [2651,
  4005,
  5274,
  2263,
  2371,
  2864,
  5103,
  2266,
  3932,
  3350,
  3819,
  3544,
  2509,
  2688,
  2336,
  3540,
  2088,
  7174,
  3673,
  6339,
  6952,
  2806,
  3702,
  5454,
  3586,
  2945,
  3356,
  4687,
  3971,
  3381,
  1183,
  1112,
  1314,
  633,
  829,
  616,
  1064,
  1016,
  1073,
  1145,
  1429,
  997,
  1694,
  1187,
  1927,
  0,
  1771,
  4520,
  2104,
  3357,
  3042,
  3073,
  2641,
  1441,
  3709,
  2044,
  2610,
  3662,
  3146,
  4366,
  1026,
  1657,
  1389,
  3467,
  2351,
  1512,
  929,
  4237,
  3404,
  2773,
  4516,
  4044,
  3811,
  4425,
  5064,
  5802,
  3397,
  4076,
  4627,
  2930,
  4043,
  6197,
  2256,
  1524,
  6929,
  4540,
  6567,
  5295,
  2204,
  2279,
  628,
  1354,
  286,
  1753,
  57879,
  3658,
  3961,
  3387,
  3731,
  837,
  2804,
  3062,
  3783,
  3843,
  6947,
  5155,
  3214,
  2756,
  4169,
  3202,
  3983],
 [3113,
  4142,
  5736,
  2725,
  2833,
  3326,
  5188,
  2728,
  4394,
  3812,
  4281,
  4774,
  2971,
  3150,
  2798,
  4770,
  2550,
  7636,
  4804,
  6801,
  7414,
  3268,
  4633,
  5844,
  4647,
  3407,
  3818,
  5917,
  5094,
  3843,
  2413,
  2342,
  2544,
  1419,
  1276,
  1663,
  2036,
  1188,
  1095,
  2375,
  400,
  1969,
  2575,
  304,
  3073,
  1426,
  0,
  4982,
  1419,
  2783,
  2592,
  3151,
  3103,
  1331,
  4171,
  2506,
  3072,
  4124,
  3608,
  7112,
  502,
  2482,
  2619,
  4404,
  3581,
  1402,
  1968,
  4699,
  3121,
  3235,
  7262,
  4506,
  4273,
  4887,
  5526,
  6264,
  3459,
  4538,
  5089,
  3390,
  4505,
  6659,
  2718,
  839,
  7391,
  5002,
  5992,
  5757,
  2666,
  2741,
  1075,
  529,
  1166,
  1643,
  58341,
  4423,
  4423,
  4484,
  4193,
  2067,
  3223,
  3524,
  4906,
  5073,
  7409,
  7901,
  2622,
  3218,
  4631,
  2526,
  4445],
 [2641,
  3983,
  4898,
  2954,
  2212,
  2989,
  4908,
  2957,
  4868,
  3716,
  3583,
  5141,
  1922,
  1597,
  2712,
  5137,
  3194,
  3614,
  1840,
  2779,
  3392,
  3742,
  5107,
  6318,
  5121,
  2709,
  3801,
  4972,
  5568,
  1548,
  4456,
  4167,
  4369,
  3917,
  4916,
  4830,
  3680,
  4864,
  5211,
  4808,
  5021,
  3613,
  4340,
  4779,
  4543,
  4214,
  5662,
  0,
  5304,
  2942,
  2627,
  2389,
  1957,
  6060,
  4154,
  2679,
  3243,
  3426,
  2910,
  4077,
  5123,
  4126,
  5052,
  1979,
  4681,
  5518,
  3612,
  419,
  2171,
  2575,
  4227,
  939,
  489,
  865,
  1504,
  2242,
  1909,
  516,
  1067,
  2246,
  1115,
  2637,
  2947,
  4243,
  3369,
  980,
  5107,
  1735,
  3310,
  2076,
  3868,
  4554,
  3928,
  3865,
  51401,
  1825,
  339,
  1899,
  4176,
  5051,
  2988,
  2062,
  5003,
  5063,
  3387,
  4866,
  2799,
  5154,
  3933,
  2787,
  3747],
 [3070,
  4494,
  5316,
  2682,
  2790,
  3283,
  5522,
  2685,
  4392,
  3769,
  4894,
  4033,
  2928,
  3107,
  2755,
  4029,
  2507,
  7593,
  4458,
  6758,
  7371,
  3225,
  4191,
  6272,
  4075,
  3364,
  3775,
  5176,
  4460,
  3800,
  3329,
  2207,
  2409,
  2230,
  1516,
  2053,
  1762,
  1578,
  1052,
  2765,
  790,
  2211,
  2484,
  548,
  2498,
  1816,
  1358,
  4939,
  0,
  2507,
  2246,
  2805,
  3060,
  756,
  4400,
  2463,
  3029,
  4214,
  3565,
  4918,
  892,
  2270,
  3009,
  4058,
  2825,
  847,
  1925,
  4656,
  2775,
  3325,
  4935,
  4463,
  4230,
  4844,
  5483,
  6221,
  3113,
  4495,
  5046,
  3349,
  4462,
  6616,
  2675,
  493,
  7348,
  4959,
  5949,
  5714,
  2623,
  2698,
  1315,
  323,
  1556,
  1068,
  58298,
  4077,
  4380,
  4138,
  4422,
  2457,
  2877,
  3614,
  4272,
  4332,
  7366,
  5707,
  2276,
  3175,
  4721,
  2180,
  4535],
 [2563,
  3524,
  5118,
  1863,
  1120,
  2911,
  4947,
  2021,
  3776,
  3194,
  3505,
  4049,
  1844,
  1519,
  2634,
  4045,
  1381,
  5743,
  2242,
  4908,
  5521,
  2650,
  4015,
  5226,
  4029,
  2631,
  3200,
  5192,
  4476,
  1950,
  3137,
  2848,
  3050,
  2598,
  3386,
  3511,
  2361,
  3520,
  2922,
  3489,
  2732,
  2294,
  3021,
  2490,
  3224,
  2895,
  3042,
  3089,
  3015,
  0,
  619,
  1178,
  1210,
  3771,
  3553,
  866,
  2365,
  3348,
  2832,
  4052,
  2834,
  2807,
  3733,
  2036,
  3362,
  3229,
  2293,
  2806,
  981,
  2497,
  4202,
  2613,
  2380,
  2994,
  3633,
  4371,
  1966,
  2645,
  3196,
  1499,
  2612,
  4766,
  2011,
  1954,
  5498,
  3109,
  5082,
  3864,
  1497,
  1235,
  2549,
  2265,
  2609,
  2546,
  56448,
  2227,
  2530,
  1956,
  3575,
  3732,
  451,
  1984,
  4288,
  4348,
  5516,
  4841,
  374,
  2049,
  3855,
  362,
  3669],
 [2327,
  3345,
  4939,
  1945,
  941,
  2675,
  4768,
  2713,
  3597,
  3015,
  3269,
  3870,
  1608,
  1283,
  2398,
  3866,
  1923,
  5507,
  1707,
  4672,
  5285,
  2471,
  3836,
  5047,
  3850,
  2395,
  3021,
  5013,
  4297,
  1714,
  3447,
  3158,
  3360,
  2908,
  3205,
  3814,
  2671,
  3339,
  2741,
  4526,
  2551,
  2604,
  3331,
  2309,
  4534,
  3205,
  2861,
  2853,
  2834,
  733,
  0,
  559,
  974,
  3590,
  3374,
  1408,
  2827,
  3112,
  2596,
  3816,
  2653,
  3117,
  4770,
  1133,
  3672,
  3048,
  2603,
  2570,
  362,
  2261,
  3966,
  2377,
  2144,
  2758,
  3397,
  4135,
  700,
  2409,
  2960,
  798,
  2376,
  4530,
  1938,
  1773,
  5262,
  2873,
  4846,
  3628,
  2039,
  1309,
  2859,
  2084,
  2919,
  3902,
  56212,
  1276,
  2294,
  1053,
  3396,
  4218,
  1173,
  1748,
  4109,
  4169,
  5280,
  4605,
  590,
  3883,
  3619,
  578,
  3433],
 [2118,
  2786,
  4380,
  1386,
  382,
  2466,
  4209,
  2154,
  3038,
  2456,
  3060,
  3311,
  1399,
  1074,
  2189,
  3307,
  1364,
  5298,
  1797,
  4463,
  5076,
  1912,
  3277,
  4488,
  3291,
  2186,
  2462,
  4454,
  3738,
  1505,
  2888,
  2599,
  2801,
  2349,
  3348,
  3262,
  2112,
  3296,
  3717,
  3240,
  3527,
  2045,
  2772,
  3285,
  3975,
  2646,
  3837,
  2644,
  3810,
  1255,
  1133,
  0,
  765,
  4566,
  2815,
  849,
  2268,
  2903,
  2387,
  3607,
  3629,
  2558,
  3484,
  1591,
  3113,
  4024,
  2044,
  2361,
  1495,
  2052,
  3757,
  2168,
  1935,
  2549,
  3188,
  3926,
  1521,
  2200,
  2751,
  1054,
  2167,
  4321,
  1379,
  2749,
  5053,
  2664,
  4636,
  3419,
  1480,
  738,
  2300,
  3060,
  2360,
  2297,
  56003,
  1782,
  2085,
  1511,
  2837,
  3483,
  1158,
  1539,
  3550,
  3610,
  5071,
  4396,
  1214,
  3324,
  3410,
  1293,
  3224],
 [1353,
  2695,
  3700,
  1359,
  617,
  1701,
  4444,
  1362,
  3273,
  2691,
  2295,
  3546,
  634,
  309,
  1424,
  3542,
  1599,
  4533,
  1032,
  3698,
  4311,
  2147,
  3512,
  4723,
  3526,
  1421,
  2697,
  3774,
  3973,
  740,
  2861,
  2572,
  2774,
  2322,
  3321,
  3235,
  2085,
  3269,
  3708,
  3213,
  3518,
  2018,
  2745,
  3276,
  2948,
  2619,
  3828,
  1879,
  3801,
  1439,
  1124,
  794,
  0,
  4557,
  2866,
  1084,
  1955,
  2138,
  1622,
  2842,
  3154,
  2531,
  3457,
  826,
  3086,
  4015,
  2017,
  1596,
  1018,
  1287,
  2992,
  1403,
  1170,
  1784,
  2423,
  3161,
  756,
  1435,
  1986,
  651,
  1402,
  3556,
  1352,
  2740,
  4288,
  1899,
  3872,
  2654,
  1715,
  481,
  2273,
  3051,
  2333,
  2270,
  55238,
  1017,
  1320,
  746,
  2888,
  3456,
  1393,
  774,
  3785,
  3845,
  4306,
  3631,
  1296,
  3559,
  2645,
  1284,
  2459],
 [3114,
  3738,
  5604,
  2593,
  2701,
  3194,
  5433,
  2596,
  3636,
  4056,
  4138,
  3277,
  2839,
  3018,
  2799,
  3273,
  2418,
  7504,
  4003,
  6669,
  7282,
  3136,
  3435,
  5516,
  3319,
  3408,
  3802,
  4420,
  3704,
  3711,
  2573,
  2675,
  2877,
  2141,
  1427,
  3135,
  1006,
  2660,
  963,
  2214,
  1872,
  1455,
  1728,
  1630,
  1742,
  1899,
  2440,
  4850,
  1779,
  3589,
  3328,
  3403,
  2971,
  0,
  3644,
  2374,
  2940,
  4125,
  3609,
  4829,
  1974,
  1514,
  2458,
  3797,
  2069,
  758,
  1640,
  4567,
  3857,
  3236,
  4979,
  4374,
  4141,
  4755,
  5394,
  6132,
  3727,
  4406,
  4957,
  3260,
  4373,
  6527,
  2586,
  1575,
  7259,
  4870,
  6798,
  5625,
  2534,
  2609,
  1226,
  1405,
  2152,
  312,
  58209,
  3988,
  4291,
  3717,
  3666,
  2863,
  3134,
  3525,
  3516,
  3576,
  7277,
  5618,
  3358,
  3922,
  4632,
  3262,
  4446],
 [1727,
  496,
  1560,
  1838,
  2923,
  1327,
  1389,
  1507,
  1382,
  814,
  896,
  553,
  1856,
  2035,
  1675,
  487,
  2067,
  2878,
  3211,
  2043,
  2656,
  1328,
  649,
  2200,
  533,
  1733,
  560,
  1634,
  918,
  2692,
  3042,
  3144,
  3346,
  3385,
  4456,
  4344,
  2704,
  4332,
  3992,
  3640,
  4901,
  2793,
  2197,
  4659,
  2014,
  3682,
  5469,
  3831,
  4808,
  3716,
  3594,
  2994,
  2562,
  3716,
  0,
  2904,
  1163,
  1181,
  1964,
  1915,
  5003,
  2455,
  3884,
  3196,
  2538,
  3787,
  2978,
  3548,
  2970,
  2051,
  2065,
  3355,
  3122,
  4030,
  3253,
  2387,
  2708,
  3387,
  4232,
  2851,
  3354,
  2361,
  1637,
  4604,
  2633,
  3982,
  1821,
  2953,
  2127,
  2280,
  3336,
  4434,
  3396,
  3171,
  53198,
  3206,
  3272,
  3276,
  22,
  3332,
  3692,
  2340,
  730,
  790,
  2651,
  2704,
  3675,
  1668,
  1718,
  3754,
  1531],
 [2951,
  3912,
  5506,
  2227,
  1508,
  3299,
  5335,
  2385,
  4164,
  3582,
  3893,
  4437,
  2232,
  1907,
  3022,
  4433,
  1745,
  6131,
  2630,
  5296,
  5909,
  3038,
  4403,
  5614,
  4417,
  3019,
  3588,
  5580,
  4864,
  2338,
  3501,
  3212,
  3414,
  2962,
  4123,
  3875,
  2725,
  3909,
  3659,
  3853,
  3469,
  2658,
  3385,
  3227,
  3588,
  3259,
  3779,
  3477,
  3752,
  972,
  1356,
  1915,
  1598,
  4508,
  3941,
  0,
  2729,
  3736,
  3220,
  4440,
  3571,
  3171,
  4097,
  2424,
  3726,
  3966,
  2657,
  3194,
  1718,
  2885,
  4590,
  3001,
  2768,
  3382,
  4021,
  4759,
  2354,
  3033,
  3584,
  1887,
  3000,
  5154,
  2375,
  2691,
  5886,
  3497,
  5470,
  4252,
  1861,
  1623,
  2913,
  3002,
  2973,
  2910,
  56836,
  2615,
  2918,
  2344,
  3963,
  4096,
  815,
  2372,
  4676,
  4736,
  5904,
  5229,
  1111,
  2413,
  4243,
  1099,
  4057],
 [654,
  1111,
  2213,
  481,
  1524,
  254,
  2042,
  344,
  2150,
  579,
  1564,
  1570,
  783,
  962,
  602,
  1504,
  927,
  3074,
  1974,
  2239,
  2852,
  1024,
  1666,
  3600,
  1550,
  660,
  664,
  2287,
  1935,
  1619,
  2851,
  2562,
  2764,
  2312,
  3311,
  3225,
  2075,
  3259,
  3130,
  3203,
  3109,
  2008,
  2735,
  3112,
  3031,
  2609,
  3889,
  2758,
  4928,
  2566,
  2251,
  1921,
  1489,
  2805,
  1017,
  1500,
  0,
  1407,
  891,
  2111,
  3144,
  2521,
  3447,
  1959,
  3076,
  2876,
  2007,
  2475,
  1897,
  978,
  2261,
  2282,
  2049,
  2663,
  3449,
  2583,
  1635,
  2314,
  2865,
  1778,
  2281,
  2557,
  474,
  3867,
  2829,
  2778,
  3141,
  3149,
  1043,
  1207,
  2263,
  4178,
  2323,
  2260,
  53779,
  1963,
  2199,
  2039,
  1039,
  3446,
  2300,
  1267,
  1747,
  1807,
  2847,
  2900,
  2423,
  2436,
  1914,
  2411,
  1726],
 [1100,
  2020,
  3025,
  1731,
  2522,
  996,
  3186,
  1594,
  3458,
  1723,
  1620,
  2714,
  1622,
  1907,
  1171,
  2648,
  2177,
  3130,
  2030,
  2295,
  2908,
  2332,
  2810,
  4361,
  2694,
  716,
  1808,
  3099,
  3079,
  2076,
  3742,
  3453,
  3655,
  3203,
  4202,
  4116,
  2966,
  4150,
  4021,
  4094,
  5501,
  2899,
  3626,
  5259,
  4175,
  3500,
  5811,
  3215,
  5784,
  3344,
  3029,
  2699,
  2267,
  3696,
  2161,
  2989,
  1250,
  0,
  947,
  2167,
  4035,
  3412,
  4338,
  2000,
  3967,
  3767,
  2898,
  2932,
  2675,
  1034,
  2317,
  2739,
  2506,
  3120,
  3505,
  2639,
  2413,
  2771,
  3322,
  2556,
  2738,
  2613,
  1724,
  4723,
  2885,
  3235,
  3197,
  3205,
  2293,
  2386,
  3154,
  5034,
  3214,
  3151,
  53835,
  2019,
  2656,
  2080,
  2183,
  4337,
  3298,
  1323,
  2891,
  2951,
  2903,
  2956,
  3201,
  3744,
  1970,
  3189,
  1782],
 [1616,
  1073,
  2078,
  2247,
  3030,
  1512,
  2088,
  2110,
  2210,
  1845,
  673,
  1956,
  2138,
  2415,
  1687,
  1890,
  2693,
  2183,
  2532,
  1348,
  1961,
  2359,
  2052,
  3603,
  1936,
  1232,
  1337,
  2152,
  2321,
  2592,
  4445,
  3969,
  4171,
  3719,
  4718,
  4632,
  3482,
  4666,
  4537,
  4610,
  6003,
  3415,
  3600,
  5761,
  3417,
  4016,
  6313,
  4866,
  6286,
  3852,
  3537,
  3207,
  2775,
  4212,
  1403,
  3497,
  1766,
  516,
  0,
  1220,
  4551,
  3858,
  4854,
  2517,
  3941,
  4283,
  3414,
  3448,
  3183,
  1550,
  1370,
  3255,
  3022,
  3335,
  2558,
  1692,
  2921,
  3387,
  3537,
  3064,
  3254,
  1666,
  2240,
  5225,
  1938,
  3287,
  2250,
  2258,
  2809,
  2894,
  3670,
  5536,
  3730,
  4574,
  52888,
  2535,
  3172,
  2597,
  1425,
  4853,
  3806,
  1839,
  2133,
  2193,
  1956,
  2009,
  3709,
  2496,
  1023,
  3697,
  837],
 [1882,
  1340,
  1390,
  2514,
  3297,
  1779,
  1400,
  2377,
  2477,
  2506,
  940,
  2223,
  2404,
  2682,
  1953,
  2157,
  3055,
  1495,
  2799,
  660,
  1273,
  3115,
  2319,
  3269,
  2203,
  1493,
  1604,
  1464,
  2588,
  2857,
  4524,
  4235,
  4437,
  3985,
  4984,
  5171,
  3748,
  5205,
  4803,
  4876,
  6270,
  3681,
  3867,
  6028,
  3684,
  4282,
  6580,
  4178,
  6553,
  4119,
  3804,
  3474,
  3042,
  4478,
  1670,
  3764,
  2033,
  777,
  1716,
  0,
  6372,
  4194,
  5120,
  2784,
  4208,
  4549,
  3680,
  3152,
  3450,
  1816,
  682,
  3520,
  3287,
  2647,
  1870,
  1004,
  3188,
  2699,
  2849,
  3331,
  3519,
  978,
  2507,
  5492,
  1250,
  2599,
  1562,
  1570,
  3171,
  3161,
  3936,
  5803,
  3996,
  3933,
  52200,
  2794,
  2876,
  2864,
  1692,
  5392,
  4073,
  2105,
  2400,
  2460,
  1268,
  1321,
  3976,
  2763,
  319,
  3964,
  1119],
 [3370,
  4266,
  5860,
  2849,
  2957,
  3450,
  5689,
  2852,
  4518,
  3936,
  4538,
  4272,
  3095,
  3274,
  3055,
  4268,
  2674,
  7760,
  4259,
  6925,
  7538,
  3392,
  4757,
  5968,
  4314,
  3664,
  3942,
  5415,
  5218,
  3967,
  1911,
  1840,
  2042,
  1573,
  1400,
  1161,
  2004,
  686,
  1219,
  1873,
  1187,
  1937,
  2832,
  1201,
  3197,
  924,
  1213,
  5106,
  2124,
  3750,
  3291,
  3659,
  3227,
  1455,
  4295,
  2630,
  3196,
  4381,
  3865,
  5307,
  0,
  2795,
  2117,
  4053,
  3079,
  1526,
  1869,
  4823,
  3820,
  3492,
  5457,
  4630,
  4397,
  5011,
  5650,
  6388,
  3983,
  4662,
  5213,
  3516,
  4629,
  6783,
  2842,
  1538,
  7515,
  5126,
  6116,
  5881,
  2790,
  2865,
  1199,
  1368,
  964,
  1767,
  58465,
  4244,
  4547,
  3973,
  4317,
  1565,
  3390,
  3781,
  5030,
  4571,
  7533,
  6096,
  3321,
  3342,
  4888,
  3225,
  4702],
 [2814,
  2667,
  3275,
  2293,
  2401,
  2894,
  3104,
  2296,
  2565,
  2985,
  3067,
  2206,
  2539,
  2718,
  2499,
  2202,
  2118,
  4905,
  3703,
  4070,
  4683,
  2836,
  2364,
  4116,
  2248,
  3108,
  2731,
  3349,
  2633,
  3411,
  753,
  855,
  1057,
  1536,
  1951,
  2055,
  716,
  2483,
  2395,
  1351,
  3304,
  513,
  214,
  3062,
  417,
  1833,
  3872,
  4550,
  3211,
  3194,
  3072,
  3103,
  2671,
  2119,
  2573,
  2074,
  2640,
  3352,
  3309,
  3942,
  2368,
  0,
  1595,
  3497,
  555,
  2190,
  726,
  4267,
  3434,
  2936,
  4092,
  4074,
  3841,
  4455,
  5094,
  5832,
  3427,
  4106,
  4657,
  2960,
  4073,
  6227,
  2286,
  3007,
  4660,
  4570,
  3536,
  5325,
  2234,
  2309,
  1487,
  2837,
  1547,
  1574,
  54913,
  3688,
  3991,
  3417,
  2595,
  1043,
  2834,
  3225,
  2445,
  2505,
  4678,
  4028,
  2961,
  2851,
  3729,
  3232,
  3702],
 [3025,
  3867,
  5515,
  2504,
  2612,
  3105,
  5344,
  2507,
  4173,
  3591,
  4193,
  3406,
  2750,
  2929,
  2710,
  3402,
  2329,
  7415,
  3914,
  6580,
  7193,
  3047,
  3564,
  5316,
  3448,
  3319,
  3597,
  4549,
  3833,
  3622,
  1045,
  974,
  1176,
  874,
  1070,
  460,
  1305,
  1412,
  1552,
  1007,
  1520,
  1238,
  1966,
  1534,
  2561,
  241,
  1800,
  4761,
  2711,
  3405,
  3283,
  3314,
  2882,
  1788,
  3773,
  2285,
  2851,
  4036,
  3520,
  4740,
  1055,
  1929,
  0,
  3708,
  2213,
  1859,
  1170,
  4478,
  3645,
  3147,
  4890,
  4285,
  4052,
  4666,
  5305,
  6043,
  3638,
  4317,
  4868,
  3171,
  4284,
  6438,
  2497,
  1871,
  7170,
  4781,
  6429,
  5536,
  2445,
  2520,
  869,
  1701,
  527,
  2100,
  58120,
  3899,
  4202,
  3628,
  3795,
  699,
  3045,
  3436,
  3645,
  3705,
  7188,
  5529,
  3654,
  2997,
  4543,
  3558,
  4357],
 [1375,
  2717,
  3722,
  2458,
  1394,
  1723,
  3732,
  2321,
  4050,
  2450,
  2317,
  3441,
  1104,
  779,
  1446,
  3375,
  2376,
  4423,
  556,
  3588,
  4201,
  2924,
  4289,
  5500,
  3421,
  1443,
  2535,
  3796,
  3806,
  630,
  3638,
  3349,
  3551,
  3099,
  4280,
  4012,
  2862,
  4414,
  3816,
  3990,
  3626,
  2795,
  3522,
  3384,
  3725,
  3396,
  3936,
  1769,
  3909,
  1699,
  1384,
  1525,
  1139,
  4665,
  2888,
  1861,
  1977,
  2160,
  1644,
  2864,
  3931,
  3308,
  4234,
  0,
  3863,
  4123,
  2794,
  1486,
  928,
  1309,
  3014,
  1293,
  1060,
  1674,
  2313,
  3051,
  666,
  1325,
  1876,
  1428,
  1292,
  3446,
  2129,
  2848,
  4178,
  1789,
  3894,
  2544,
  2492,
  1258,
  3050,
  3159,
  3110,
  3047,
  50769,
  143,
  1210,
  80,
  2910,
  4233,
  2170,
  1168,
  3618,
  3678,
  4196,
  3653,
  1556,
  4336,
  2667,
  1544,
  2481],
 [3146,
  2844,
  3452,
  2625,
  2733,
  3226,
  3281,
  2628,
  2742,
  3162,
  3244,
  2383,
  2871,
  3050,
  2831,
  2379,
  2450,
  5082,
  4035,
  4247,
  4860,
  3168,
  2541,
  4293,
  2425,
  3440,
  2908,
  3526,
  2810,
  3743,
  504,
  606,
  808,
  1868,
  1942,
  1806,
  1048,
  2758,
  2852,
  1102,
  2910,
  845,
  810,
  2668,
  1295,
  1587,
  3146,
  4882,
  3668,
  3719,
  3404,
  3435,
  3003,
  2576,
  2750,
  2406,
  2972,
  3529,
  3641,
  4119,
  2401,
  514,
  1346,
  3829,
  0,
  2647,
  1058,
  4599,
  3766,
  3268,
  4269,
  4406,
  4173,
  4787,
  5426,
  4591,
  3759,
  4438,
  4989,
  3292,
  4405,
  4565,
  2618,
  3464,
  4837,
  4902,
  3713,
  5657,
  2566,
  2641,
  1819,
  3294,
  1879,
  2031,
  55090,
  4020,
  4323,
  3749,
  2772,
  794,
  3166,
  3557,
  2622,
  2682,
  4855,
  4205,
  3293,
  3028,
  3906,
  3564,
  3879],
 [2999,
  4290,
  5489,
  2478,
  2586,
  3079,
  5318,
  2481,
  4147,
  3565,
  4690,
  3829,
  2724,
  2903,
  2684,
  3825,
  2303,
  7389,
  4782,
  6554,
  7167,
  3021,
  3987,
  6068,
  3871,
  5669,
  3571,
  4972,
  4256,
  3596,
  3125,
  2003,
  2205,
  2026,
  1312,
  2377,
  1558,
  1902,
  848,
  2099,
  1114,
  2007,
  2280,
  872,
  2294,
  2140,
  1682,
  4735,
  1021,
  2831,
  2570,
  3129,
  2856,
  552,
  4196,
  2259,
  2825,
  6386,
  5870,
  7090,
  1216,
  2066,
  2343,
  4382,
  2621,
  0,
  1721,
  4452,
  3099,
  3121,
  7240,
  4259,
  4026,
  4640,
  5279,
  6017,
  3437,
  4291,
  4842,
  3368,
  4258,
  6412,
  2471,
  817,
  7144,
  4755,
  5745,
  5510,
  2419,
  2494,
  1111,
  647,
  2037,
  864,
  58094,
  4401,
  4176,
  4462,
  4218,
  2781,
  3201,
  3410,
  4068,
  4128,
  7162,
  7879,
  2600,
  2971,
  6893,
  2504,
  6707],
 [2088,
  2984,
  4578,
  1567,
  1675,
  2168,
  4407,
  1570,
  3236,
  2654,
  3256,
  3509,
  1813,
  1992,
  1773,
  3505,
  1392,
  6478,
  2977,
  5643,
  6256,
  2110,
  3475,
  4686,
  3489,
  2382,
  2660,
  4652,
  3936,
  2685,
  1288,
  999,
  1201,
  810,
  1299,
  1723,
  366,
  1757,
  1628,
  1177,
  1852,
  299,
  1026,
  1610,
  1229,
  1107,
  2387,
  3824,
  2188,
  2468,
  2346,
  2377,
  1945,
  1096,
  3013,
  1348,
  1914,
  4083,
  3567,
  3670,
  1642,
  812,
  1421,
  2771,
  1367,
  1167,
  0,
  3541,
  2708,
  2210,
  3953,
  3348,
  3115,
  3729,
  4368,
  5106,
  2701,
  3380,
  3931,
  2234,
  3347,
  5501,
  1560,
  1987,
  6233,
  3844,
  4834,
  4599,
  1508,
  1583,
  761,
  1777,
  821,
  551,
  57183,
  2962,
  3265,
  2691,
  3035,
  1454,
  2108,
  2499,
  3748,
  3808,
  6251,
  4459,
  2235,
  2060,
  4590,
  2506,
  4404],
 [2578,
  3920,
  4835,
  2891,
  2149,
  2926,
  4845,
  2894,
  4805,
  3653,
  3520,
  5078,
  1859,
  1534,
  2649,
  5074,
  3131,
  3551,
  1777,
  2716,
  3329,
  3679,
  5044,
  6255,
  5058,
  2646,
  3738,
  4909,
  5505,
  1485,
  4393,
  4104,
  4306,
  3854,
  4853,
  4767,
  3617,
  4801,
  5148,
  4745,
  4958,
  3550,
  4277,
  4716,
  4480,
  4151,
  5268,
  639,
  5241,
  2879,
  2564,
  2326,
  1894,
  5997,
  4091,
  2616,
  3180,
  3363,
  2847,
  4014,
  4686,
  4063,
  4989,
  1916,
  4618,
  5455,
  3549,
  0,
  2108,
  2512,
  4164,
  876,
  426,
  802,
  1441,
  2179,
  1846,
  453,
  1004,
  2183,
  696,
  2574,
  2884,
  4180,
  3306,
  917,
  5044,
  1672,
  3247,
  2013,
  3805,
  4491,
  3865,
  3802,
  49639,
  1762,
  276,
  1836,
  4113,
  4988,
  2925,
  1999,
  5317,
  5377,
  3324,
  4803,
  2736,
  5091,
  3870,
  2724,
  3684],
 [2164,
  3506,
  4511,
  2065,
  1214,
  2512,
  5041,
  2068,
  3870,
  3288,
  3106,
  4143,
  1157,
  832,
  2235,
  4139,
  2196,
  4882,
  1345,
  4047,
  4660,
  2744,
  4109,
  5320,
  4123,
  2232,
  3294,
  4585,
  4570,
  1089,
  3567,
  3278,
  3480,
  3028,
  3739,
  3941,
  2791,
  3975,
  3275,
  3919,
  3085,
  2724,
  3451,
  2843,
  3654,
  3325,
  3395,
  2228,
  3368,
  1006,
  691,
  832,
  852,
  4124,
  3647,
  1681,
  2766,
  2949,
  2433,
  3653,
  3860,
  3237,
  4163,
  771,
  3792,
  3582,
  2723,
  1945,
  0,
  2098,
  3803,
  1752,
  1519,
  2133,
  2772,
  3510,
  338,
  1784,
  2335,
  603,
  1751,
  3905,
  2058,
  2307,
  4637,
  2248,
  4683,
  3003,
  2312,
  1187,
  2979,
  2618,
  3039,
  2976,
  51228,
  914,
  1669,
  691,
  3669,
  4162,
  1446,
  1297,
  4382,
  4442,
  4655,
  4442,
  863,
  4156,
  3456,
  851,
  3270],
 [526,
  1868,
  2873,
  1609,
  1488,
  874,
  2883,
  1472,
  4144,
  1601,
  1468,
  2592,
  1198,
  873,
  597,
  2526,
  2470,
  2978,
  1004,
  2143,
  2756,
  3018,
  2688,
  5594,
  2572,
  594,
  1686,
  2947,
  2957,
  1042,
  3168,
  2879,
  3081,
  2629,
  3628,
  3542,
  2392,
  3576,
  4579,
  3520,
  4389,
  2325,
  3052,
  4147,
  3255,
  2926,
  4699,
  2181,
  4672,
  2310,
  1995,
  1665,
  1233,
  5428,
  2039,
  1955,
  1128,
  1311,
  795,
  2015,
  3461,
  2838,
  3764,
  966,
  3393,
  4886,
  2324,
  1898,
  1641,
  0,
  2165,
  1705,
  1472,
  2086,
  2725,
  2487,
  1379,
  1737,
  2288,
  1522,
  1704,
  2461,
  1602,
  3611,
  2733,
  2201,
  3045,
  2956,
  2586,
  1352,
  2580,
  3922,
  2640,
  2577,
  53683,
  985,
  1622,
  1046,
  2061,
  3763,
  2264,
  289,
  2769,
  2829,
  2751,
  2804,
  2167,
  4430,
  1818,
  2155,
  1632],
 [2214,
  1672,
  708,
  2846,
  3629,
  2111,
  718,
  2709,
  2809,
  2838,
  1272,
  1776,
  2736,
  3014,
  2285,
  1611,
  3387,
  1827,
  3131,
  992,
  1605,
  3447,
  1872,
  2587,
  1756,
  1825,
  1936,
  782,
  1463,
  3189,
  4856,
  4567,
  4769,
  4317,
  5316,
  5503,
  4080,
  5369,
  5135,
  5208,
  5114,
  4013,
  4199,
  6360,
  4016,
  4614,
  6912,
  4510,
  6885,
  4451,
  4136,
  3806,
  3374,
  4810,
  2002,
  4096,
  2365,
  1109,
  2048,
  332,
  6704,
  4526,
  5452,
  3116,
  4540,
  4881,
  4012,
  3484,
  3782,
  2148,
  0,
  3852,
  3619,
  2979,
  2202,
  1336,
  3520,
  3031,
  3181,
  3663,
  3851,
  1310,
  2839,
  5824,
  1582,
  2931,
  880,
  1902,
  3503,
  3493,
  4268,
  6135,
  4328,
  4265,
  52005,
  3126,
  3208,
  3196,
  2024,
  5724,
  4405,
  2437,
  1275,
  1477,
  1600,
  639,
  4308,
  3095,
  651,
  4296,
  1451],
 [1702,
  3044,
  4049,
  2015,
  1273,
  2050,
  5100,
  2018,
  3929,
  2777,
  2644,
  4202,
  983,
  658,
  1773,
  4198,
  2255,
  4402,
  901,
  3567,
  4180,
  2803,
  4168,
  5379,
  4182,
  1770,
  2862,
  4123,
  4629,
  609,
  3517,
  3228,
  3430,
  2978,
  3977,
  3891,
  2741,
  3925,
  4272,
  3869,
  4082,
  2674,
  3401,
  3840,
  3604,
  3275,
  4392,
  1748,
  4365,
  2003,
  1688,
  1450,
  1018,
  5121,
  3215,
  1740,
  2304,
  2487,
  1971,
  3191,
  3810,
  3187,
  4113,
  1040,
  3742,
  4579,
  2673,
  1465,
  1232,
  1636,
  3341,
  0,
  1039,
  1653,
  2292,
  3030,
  970,
  1304,
  1855,
  1307,
  1271,
  3425,
  2008,
  3304,
  4157,
  1768,
  4221,
  2523,
  2371,
  1137,
  2929,
  3615,
  2989,
  2926,
  50748,
  886,
  1189,
  960,
  3237,
  4112,
  2049,
  1123,
  4441,
  4501,
  4175,
  3980,
  1860,
  4215,
  2994,
  1848,
  2808],
 [2152,
  3494,
  4499,
  2465,
  1723,
  2500,
  5550,
  2468,
  4379,
  3227,
  3094,
  4652,
  1433,
  1108,
  2223,
  4648,
  2705,
  3363,
  1351,
  2528,
  3141,
  3253,
  4618,
  5829,
  4632,
  2220,
  3312,
  4573,
  5079,
  1059,
  3967,
  3678,
  3880,
  3428,
  4427,
  4341,
  3191,
  4375,
  4722,
  4319,
  4532,
  3124,
  3851,
  4290,
  4054,
  3725,
  4842,
  709,
  4815,
  2453,
  2138,
  1900,
  1468,
  5571,
  3665,
  2190,
  2754,
  2937,
  2421,
  3641,
  4260,
  3637,
  4563,
  1490,
  4192,
  5029,
  3123,
  426,
  1682,
  2086,
  3791,
  450,
  0,
  614,
  1253,
  1991,
  1420,
  265,
  816,
  1757,
  471,
  2386,
  2458,
  3754,
  3118,
  729,
  4671,
  1484,
  2821,
  1587,
  3379,
  4065,
  3439,
  3376,
  49709,
  1336,
  150,
  1410,
  3687,
  4562,
  2499,
  1573,
  4891,
  4951,
  3136,
  4430,
  2310,
  4665,
  3444,
  2298,
  3258],
 [2744,
  4086,
  4341,
  3057,
  2315,
  3092,
  4351,
  3060,
  4971,
  3819,
  3686,
  5244,
  2025,
  1700,
  2815,
  5240,
  3297,
  3057,
  1943,
  2222,
  2835,
  3845,
  5210,
  6234,
  5224,
  2812,
  3904,
  4415,
  5671,
  1651,
  4559,
  4270,
  4472,
  4020,
  5019,
  4933,
  3783,
  4799,
  5314,
  4911,
  5124,
  3716,
  4443,
  4882,
  4646,
  4317,
  5434,
  1063,
  5407,
  3045,
  2730,
  2492,
  2060,
  6163,
  4257,
  2782,
  3346,
  3529,
  3013,
  3520,
  4852,
  4229,
  5155,
  2082,
  4784,
  5621,
  3715,
  780,
  2274,
  2678,
  3670,
  1042,
  592,
  0,
  947,
  1685,
  2012,
  327,
  202,
  2349,
  1063,
  2080,
  3050,
  4346,
  2812,
  423,
  4550,
  1178,
  3413,
  2179,
  3971,
  4657,
  4031,
  3968,
  50063,
  1928,
  504,
  2002,
  4279,
  5154,
  3091,
  2165,
  5483,
  5543,
  2830,
  4309,
  2902,
  5257,
  3839,
  2890,
  3922],
 [3246,
  4588,
  4251,
  3559,
  2817,
  3594,
  4261,
  3562,
  5473,
  4321,
  4188,
  5746,
  2527,
  2202,
  3317,
  5742,
  3799,
  2967,
  2445,
  2132,
  2745,
  4347,
  5712,
  6144,
  5726,
  3314,
  4406,
  4325,
  5006,
  2153,
  5061,
  4772,
  4974,
  4522,
  5521,
  5435,
  4285,
  5301,
  5816,
  5413,
  5626,
  4218,
  4945,
  5384,
  5148,
  4819,
  5936,
  1565,
  5909,
  3547,
  3232,
  2994,
  2562,
  6665,
  4759,
  3284,
  3848,
  4031,
  3515,
  3430,
  5354,
  4731,
  5657,
  2584,
  5286,
  6123,
  4217,
  1282,
  2776,
  3180,
  3580,
  1544,
  1094,
  777,
  0,
  1595,
  2514,
  829,
  979,
  2851,
  1565,
  1990,
  3552,
  4848,
  2722,
  729,
  4460,
  1088,
  3915,
  2681,
  4473,
  5159,
  4533,
  4470,
  50754,
  2430,
  1006,
  2504,
  4781,
  5656,
  3593,
  2667,
  4818,
  6045,
  2740,
  4219,
  3404,
  5759,
  3749,
  3392,
  3832],
 [4112,
  3401,
  2882,
  4425,
  3683,
  4460,
  2892,
  4428,
  6339,
  5187,
  3001,
  3950,
  3393,
  3068,
  4183,
  3785,
  4665,
  1598,
  3311,
  763,
  1376,
  5213,
  4046,
  4775,
  3930,
  4180,
  3665,
  2956,
  3637,
  3019,
  5927,
  5638,
  5840,
  5388,
  6387,
  6301,
  5151,
  6167,
  6682,
  6279,
  6492,
  5084,
  5811,
  6250,
  6014,
  5685,
  6802,
  3174,
  6775,
  4413,
  4098,
  3860,
  3428,
  7531,
  3731,
  4150,
  4714,
  2838,
  4381,
  2061,
  6220,
  5597,
  6523,
  3450,
  6152,
  6989,
  5083,
  2148,
  3642,
  4046,
  2211,
  2410,
  1960,
  1643,
  866,
  0,
  3380,
  1695,
  1845,
  3717,
  2431,
  621,
  4418,
  5714,
  1353,
  1595,
  3091,
  566,
  4781,
  3547,
  5339,
  6025,
  5399,
  5336,
  52303,
  3296,
  1872,
  3370,
  3753,
  6522,
  4459,
  3533,
  3449,
  3651,
  1371,
  2850,
  4270,
  6625,
  2380,
  4258,
  2463],
 [2211,
  3553,
  4558,
  2092,
  1241,
  2559,
  5068,
  2095,
  3897,
  3315,
  3153,
  4170,
  1513,
  1188,
  2282,
  4166,
  2223,
  4929,
  1392,
  4094,
  4707,
  2771,
  4136,
  5347,
  4150,
  2279,
  3321,
  4632,
  4597,
  1136,
  3594,
  3305,
  3507,
  3055,
  3766,
  3968,
  2818,
  4002,
  3302,
  3946,
  3112,
  2751,
  3478,
  2870,
  4834,
  3352,
  3422,
  2275,
  3395,
  1033,
  718,
  859,
  879,
  4151,
  3674,
  1708,
  2813,
  2996,
  2480,
  3700,
  3887,
  3264,
  4190,
  818,
  3819,
  3609,
  2750,
  1992,
  262,
  2145,
  3850,
  1799,
  1566,
  2180,
  2819,
  3557,
  0,
  1831,
  2382,
  630,
  1798,
  3952,
  2085,
  2334,
  4684,
  2295,
  4730,
  3050,
  2339,
  1214,
  3006,
  2645,
  3066,
  3003,
  51275,
  1011,
  1716,
  738,
  3696,
  4189,
  1473,
  2004,
  4409,
  4469,
  4702,
  4489,
  890,
  4183,
  3503,
  878,
  3317],
 [2417,
  3759,
  4382,
  2730,
  1988,
  2765,
  4392,
  2733,
  4644,
  3492,
  3359,
  4917,
  1698,
  1373,
  2488,
  4913,
  2970,
  3098,
  1616,
  2263,
  2876,
  3518,
  4883,
  6275,
  4897,
  2485,
  3577,
  4456,
  5344,
  1324,
  4232,
  3943,
  4145,
  3693,
  4692,
  4606,
  3456,
  4640,
  4987,
  4584,
  4797,
  3389,
  4116,
  4555,
  4319,
  3990,
  5107,
  736,
  5080,
  2718,
  2403,
  2165,
  1733,
  5836,
  3930,
  2455,
  3019,
  3202,
  2686,
  3561,
  4525,
  3902,
  4828,
  1755,
  4457,
  5294,
  3388,
  453,
  1947,
  2351,
  3711,
  715,
  265,
  349,
  988,
  1726,
  1685,
  0,
  551,
  2022,
  736,
  2121,
  2723,
  4019,
  2853,
  464,
  4591,
  1219,
  3086,
  1852,
  3644,
  4330,
  3704,
  3641,
  49736,
  1601,
  177,
  1675,
  3952,
  4827,
  2764,
  1838,
  5156,
  5216,
  2871,
  4350,
  2575,
  4930,
  3880,
  2563,
  3523],
 [2946,
  4288,
  4543,
  3259,
  2517,
  3294,
  4553,
  3262,
  5173,
  4021,
  3888,
  5446,
  2227,
  1902,
  3017,
  5442,
  3499,
  3259,
  2145,
  2424,
  3037,
  4047,
  5412,
  6436,
  5426,
  3014,
  4106,
  4617,
  5873,
  1853,
  4761,
  4472,
  4674,
  4222,
  5221,
  5135,
  3985,
  5001,
  5516,
  5113,
  5326,
  3918,
  4645,
  5084,
  4848,
  4519,
  5636,
  1265,
  5609,
  3247,
  2932,
  2694,
  2262,
  6365,
  4459,
  2984,
  3548,
  3731,
  3215,
  3722,
  5054,
  4431,
  5357,
  2284,
  4986,
  5823,
  3917,
  982,
  2476,
  2880,
  3872,
  1244,
  794,
  202,
  1149,
  1887,
  2214,
  529,
  0,
  2551,
  1265,
  2282,
  3252,
  4548,
  3014,
  625,
  4752,
  1380,
  3615,
  2381,
  4173,
  4859,
  4233,
  4170,
  50265,
  2130,
  706,
  2204,
  4481,
  5356,
  3293,
  2367,
  5685,
  5745,
  3032,
  4511,
  3104,
  5459,
  4041,
  3092,
  4124],
 [2732,
  3400,
  4994,
  2000,
  996,
  3080,
  4823,
  2768,
  3652,
  3070,
  3674,
  3925,
  2013,
  1688,
  2803,
  3921,
  1978,
  5912,
  2180,
  5077,
  5690,
  2526,
  3891,
  5102,
  3905,
  2800,
  3076,
  5068,
  4352,
  2119,
  3502,
  3213,
  3415,
  2963,
  3521,
  3876,
  2726,
  3910,
  3057,
  3854,
  2867,
  2659,
  3386,
  2625,
  4589,
  3260,
  3177,
  3258,
  3150,
  788,
  473,
  614,
  1379,
  3906,
  3429,
  1463,
  2882,
  3517,
  3001,
  4221,
  2969,
  3172,
  4098,
  1606,
  3727,
  3364,
  2658,
  2975,
  835,
  2666,
  4371,
  2782,
  2549,
  3163,
  3802,
  4540,
  1173,
  2814,
  3365,
  0,
  2781,
  4935,
  1993,
  2089,
  5667,
  3278,
  5250,
  4033,
  2094,
  1352,
  2914,
  2400,
  2974,
  4218,
  56617,
  1749,
  2699,
  1526,
  3451,
  4097,
  1228,
  2153,
  4164,
  4224,
  5685,
  5010,
  645,
  3938,
  4024,
  633,
  3838],
 [2393,
  3735,
  4740,
  2706,
  1964,
  2741,
  5791,
  2709,
  4620,
  3468,
  3335,
  4893,
  1674,
  1349,
  2464,
  4889,
  2946,
  4247,
  1592,
  3412,
  4025,
  3494,
  4859,
  6070,
  4873,
  2461,
  3553,
  4814,
  5320,
  1300,
  4208,
  3919,
  4121,
  3669,
  4668,
  4582,
  3432,
  4448,
  4963,
  4560,
  4773,
  3365,
  4092,
  4531,
  4295,
  3966,
  5083,
  1335,
  5056,
  2694,
  2379,
  2141,
  1709,
  5812,
  3906,
  2431,
  2995,
  3178,
  2662,
  3882,
  4501,
  3878,
  4804,
  1731,
  4433,
  5270,
  3364,
  696,
  1923,
  2327,
  4032,
  691,
  458,
  1498,
  2137,
  2875,
  1661,
  1149,
  1700,
  1998,
  0,
  3270,
  2699,
  3995,
  4002,
  1613,
  4912,
  2368,
  3062,
  1828,
  3620,
  4306,
  3680,
  3617,
  50335,
  1577,
  972,
  1651,
  3928,
  4803,
  2740,
  1814,
  5132,
  5192,
  4020,
  4671,
  2551,
  4906,
  3685,
  2539,
  3499],
 [3322,
  2780,
  2261,
  3954,
  4203,
  3219,
  2271,
  3817,
  3917,
  3946,
  2380,
  3329,
  3913,
  3588,
  3393,
  3164,
  5185,
  977,
  3831,
  142,
  755,
  5733,
  3425,
  4154,
  3309,
  2933,
  3044,
  2335,
  3016,
  3539,
  6447,
  6158,
  6360,
  5908,
  6907,
  6821,
  5671,
  6687,
  7202,
  6799,
  7012,
  5604,
  6331,
  6770,
  5124,
  6205,
  7322,
  3694,
  7295,
  4933,
  4618,
  4380,
  3948,
  8051,
  3110,
  4670,
  3473,
  2217,
  3156,
  1440,
  6740,
  6117,
  7043,
  3970,
  6672,
  7509,
  5603,
  2668,
  4162,
  3256,
  1590,
  2930,
  2480,
  2163,
  1386,
  520,
  3900,
  2215,
  2365,
  4237,
  2951,
  0,
  3947,
  6234,
  732,
  2115,
  2470,
  1086,
  5301,
  4067,
  5859,
  6545,
  5919,
  5856,
  51682,
  3816,
  2392,
  3890,
  3132,
  7042,
  4979,
  3545,
  2828,
  3030,
  750,
  2229,
  4790,
  4203,
  1759,
  4778,
  1842],
 [1583,
  1424,
  3018,
  929,
  3217,
  1183,
  2847,
  792,
  1676,
  1094,
  1824,
  1949,
  1712,
  1891,
  1531,
  1945,
  1654,
  3806,
  2903,
  2971,
  3584,
  550,
  1915,
  3126,
  1929,
  1589,
  1100,
  3092,
  2376,
  2548,
  3641,
  3743,
  3945,
  2673,
  3672,
  3586,
  3303,
  3620,
  4591,
  3564,
  6282,
  2369,
  2796,
  6040,
  2613,
  2970,
  6592,
  3687,
  5407,
  4203,
  3888,
  4032,
  3600,
  4315,
  1453,
  3198,
  906,
  2109,
  1820,
  2843,
  3505,
  3054,
  3808,
  2888,
  3137,
  4386,
  2368,
  3404,
  4250,
  1907,
  2993,
  3211,
  2978,
  3592,
  4181,
  3315,
  2564,
  3243,
  3794,
  3889,
  3210,
  3289,
  0,
  5504,
  3561,
  3707,
  3274,
  3881,
  1714,
  3573,
  2624,
  5815,
  2684,
  3770,
  54299,
  2892,
  3128,
  2554,
  1475,
  3931,
  3986,
  2196,
  2188,
  2248,
  3579,
  3632,
  4060,
  1962,
  2646,
  4048,
  2459],
 [4784,
  5098,
  6692,
  2598,
  2694,
  5132,
  6521,
  2601,
  5350,
  4768,
  5726,
  5623,
  3361,
  3036,
  4855,
  5619,
  2423,
  7260,
  3965,
  6425,
  7038,
  4224,
  5589,
  6800,
  5603,
  4852,
  4774,
  6766,
  6050,
  3467,
  2412,
  2123,
  2325,
  2146,
  1432,
  2023,
  1909,
  1898,
  968,
  2219,
  778,
  1842,
  2569,
  536,
  3559,
  1904,
  1088,
  4606,
  1061,
  1944,
  1753,
  2312,
  2727,
  1817,
  5127,
  2379,
  2945,
  5569,
  5053,
  6273,
  1212,
  2355,
  2463,
  3565,
  2910,
  1275,
  1841,
  4323,
  2282,
  4718,
  6423,
  4130,
  3897,
  4511,
  5150,
  5888,
  2620,
  4162,
  4713,
  2551,
  4129,
  6283,
  2591,
  0,
  7015,
  4626,
  7303,
  5381,
  2539,
  2614,
  1231,
  311,
  2157,
  2129,
  57965,
  3584,
  4047,
  3645,
  5149,
  2496,
  2384,
  4577,
  5862,
  5922,
  7033,
  7062,
  1783,
  3091,
  6076,
  1687,
  5890],
 [2970,
  2428,
  1909,
  3602,
  4873,
  2867,
  1919,
  3465,
  3565,
  3594,
  2028,
  2977,
  4583,
  4258,
  3041,
  2812,
  5855,
  245,
  4501,
  846,
  23,
  4203,
  3073,
  3626,
  2957,
  2581,
  2692,
  1983,
  2664,
  4209,
  5612,
  5323,
  5525,
  5073,
  6072,
  7491,
  4836,
  7357,
  7872,
  5964,
  5870,
  4769,
  4955,
  7440,
  4772,
  5370,
  7992,
  4364,
  7965,
  5603,
  5288,
  5050,
  4618,
  8721,
  2758,
  5340,
  3121,
  1865,
  2804,
  1088,
  7410,
  5282,
  6208,
  4640,
  5296,
  8179,
  4768,
  3338,
  4832,
  2904,
  1238,
  3600,
  3150,
  2833,
  2056,
  1190,
  4570,
  2885,
  3035,
  4907,
  3621,
  1164,
  3595,
  6904,
  0,
  2785,
  2118,
  1756,
  5971,
  4737,
  5024,
  7215,
  5084,
  5021,
  51154,
  4486,
  3062,
  4560,
  2780,
  7712,
  5649,
  3193,
  2476,
  2678,
  18,
  1877,
  5460,
  3851,
  1407,
  5448,
  1490],
 [2933,
  4437,
  3918,
  3246,
  2504,
  3281,
  3928,
  3249,
  5160,
  4008,
  4037,
  5433,
  2214,
  1889,
  3004,
  5429,
  3486,
  2634,
  2132,
  1799,
  2412,
  4034,
  5399,
  5811,
  5413,
  3001,
  4093,
  3992,
  4673,
  1840,
  4748,
  4459,
  4661,
  4209,
  5208,
  5122,
  3972,
  4988,
  5503,
  5100,
  5313,
  3905,
  4632,
  5071,
  4835,
  4506,
  5623,
  2768,
  5596,
  3234,
  2919,
  2681,
  2249,
  6352,
  4767,
  2971,
  3535,
  3874,
  3202,
  3097,
  5041,
  4418,
  5344,
  2271,
  4973,
  5810,
  3904,
  969,
  2463,
  2867,
  3247,
  1231,
  781,
  464,
  524,
  1262,
  2201,
  516,
  666,
  2538,
  1252,
  1657,
  3239,
  4535,
  2389,
  0,
  4127,
  755,
  3602,
  2368,
  4160,
  4846,
  4220,
  4157,
  50421,
  2117,
  693,
  2191,
  4789,
  5343,
  3280,
  2354,
  4485,
  4687,
  2407,
  3886,
  3091,
  5446,
  3416,
  3079,
  3499],
 [2607,
  1770,
  590,
  3239,
  4022,
  2504,
  600,
  3102,
  3484,
  2132,
  1665,
  1606,
  3129,
  3407,
  2678,
  1441,
  3685,
  2220,
  3524,
  1385,
  1998,
  2646,
  1702,
  1720,
  1586,
  2224,
  1878,
  664,
  1293,
  3582,
  4740,
  4960,
  5162,
  4710,
  5709,
  5896,
  4473,
  5762,
  5690,
  5601,
  5507,
  4406,
  3895,
  5411,
  3712,
  5007,
  7305,
  4903,
  7278,
  4844,
  4529,
  4199,
  3767,
  5414,
  1690,
  4489,
  2758,
  1502,
  2441,
  1087,
  5815,
  4153,
  5845,
  3509,
  4236,
  5274,
  4405,
  3877,
  4175,
  2541,
  1257,
  4245,
  3689,
  3372,
  2595,
  1729,
  3913,
  3424,
  3574,
  4056,
  4244,
  1703,
  3232,
  6217,
  1975,
  3324,
  0,
  2295,
  3801,
  3886,
  4661,
  6528,
  4721,
  4869,
  51617,
  3519,
  3601,
  3589,
  1712,
  5030,
  4798,
  2830,
  1105,
  1307,
  1993,
  492,
  4701,
  3770,
  1044,
  4689,
  1844],
 [3546,
  3809,
  3290,
  3859,
  3117,
  3894,
  3300,
  3862,
  5773,
  4621,
  3409,
  4358,
  2827,
  2502,
  3617,
  4193,
  4099,
  2006,
  2745,
  1171,
  1784,
  4647,
  6012,
  5183,
  4338,
  3614,
  4706,
  3364,
  4045,
  2453,
  5361,
  5072,
  5274,
  4822,
  5821,
  5735,
  4585,
  5601,
  6116,
  5713,
  5926,
  4518,
  5245,
  5684,
  5448,
  5119,
  6236,
  2608,
  6209,
  3847,
  3532,
  3294,
  2862,
  6965,
  4139,
  3584,
  4148,
  3246,
  3815,
  2469,
  5654,
  5031,
  5957,
  2884,
  5586,
  6423,
  4517,
  1582,
  3076,
  3480,
  2619,
  1844,
  1394,
  1077,
  300,
  634,
  2814,
  1129,
  1279,
  3151,
  1865,
  1029,
  3852,
  5148,
  1761,
  1029,
  3499,
  0,
  4215,
  2981,
  4773,
  5459,
  4833,
  4770,
  50261,
  2730,
  1306,
  2804,
  4161,
  5956,
  3893,
  2967,
  3857,
  4059,
  1779,
  3258,
  3704,
  6059,
  2788,
  3692,
  2871],
 [1848,
  3605,
  3510,
  997,
  1201,
  1682,
  3339,
  1084,
  1764,
  3275,
  3879,
  2441,
  2218,
  1893,
  1533,
  2437,
  515,
  6117,
  2616,
  5282,
  5895,
  2731,
  4096,
  5307,
  4110,
  3005,
  3281,
  3584,
  2868,
  2324,
  2445,
  2156,
  2358,
  1906,
  2905,
  2819,
  1669,
  2685,
  2724,
  2797,
  2948,
  1602,
  2329,
  2706,
  2532,
  2203,
  3483,
  3463,
  4209,
  1429,
  1872,
  2016,
  1584,
  2399,
  3634,
  457,
  1428,
  3722,
  3206,
  4426,
  2738,
  2115,
  3041,
  2410,
  2670,
  2470,
  1601,
  3180,
  2234,
  2871,
  4576,
  2987,
  2754,
  3368,
  4007,
  4745,
  2340,
  3019,
  3570,
  1873,
  2986,
  5140,
  1074,
  3148,
  5872,
  3483,
  5455,
  4238,
  0,
  1476,
  1857,
  3459,
  1917,
  1854,
  56822,
  2601,
  2904,
  2330,
  3656,
  3040,
  1272,
  2358,
  2680,
  2740,
  5890,
  5215,
  1568,
  1183,
  4229,
  1556,
  4043],
 [1843,
  2428,
  3645,
  1004,
  501,
  2191,
  3474,
  1007,
  2680,
  2098,
  2785,
  2576,
  1124,
  799,
  791,
  2949,
  1037,
  5023,
  1522,
  4188,
  4801,
  1554,
  2919,
  4130,
  2933,
  1911,
  2104,
  4096,
  3380,
  1230,
  2506,
  2217,
  2419,
  1967,
  2966,
  2880,
  1730,
  2746,
  3836,
  2858,
  3646,
  1663,
  2390,
  3404,
  3617,
  2264,
  3956,
  2369,
  3929,
  1567,
  1252,
  922,
  490,
  2460,
  2457,
  968,
  1910,
  2628,
  2112,
  3332,
  2799,
  2176,
  3102,
  1316,
  2731,
  2531,
  1662,
  2086,
  1508,
  1777,
  3482,
  1893,
  1660,
  2274,
  2913,
  3651,
  1246,
  1925,
  2476,
  779,
  1892,
  4046,
  997,
  2868,
  4778,
  2389,
  4362,
  3144,
  1153,
  0,
  1918,
  3179,
  1978,
  1915,
  55728,
  1507,
  1810,
  1236,
  2479,
  3101,
  1277,
  1264,
  2815,
  2875,
  4796,
  4121,
  1424,
  2966,
  3135,
  1412,
  2949],
 [2444,
  3644,
  5067,
  2056,
  2164,
  2657,
  4896,
  2059,
  3725,
  3143,
  3612,
  3183,
  2302,
  2481,
  2129,
  3179,
  1881,
  6967,
  3466,
  6132,
  6745,
  2599,
  3341,
  5093,
  3225,
  2738,
  3149,
  4326,
  3610,
  3174,
  1151,
  892,
  1094,
  691,
  1110,
  1216,
  870,
  1499,
  1354,
  988,
  1733,
  803,
  1500,
  1491,
  1733,
  673,
  2254,
  4313,
  2408,
  3150,
  2835,
  2866,
  2434,
  1745,
  3550,
  1837,
  2403,
  3455,
  2939,
  4159,
  1509,
  1463,
  1232,
  3260,
  1611,
  1816,
  735,
  4030,
  3197,
  2566,
  4309,
  3837,
  3604,
  4218,
  4857,
  5595,
  3190,
  3869,
  4420,
  2723,
  3836,
  5990,
  2049,
  1828,
  6722,
  4333,
  6206,
  5088,
  1997,
  2072,
  0,
  1658,
  769,
  2097,
  57672,
  3451,
  3754,
  3180,
  3572,
  1265,
  2597,
  2855,
  3422,
  3482,
  6740,
  4948,
  3007,
  2549,
  3962,
  2995,
  3776],
 [2884,
  3913,
  5507,
  2496,
  3004,
  3097,
  4959,
  2499,
  4165,
  3583,
  6036,
  4923,
  2742,
  2921,
  2569,
  4919,
  2321,
  7570,
  4275,
  6735,
  7348,
  3039,
  4404,
  5615,
  4418,
  5162,
  3589,
  6066,
  5350,
  3777,
  2280,
  2021,
  2223,
  2044,
  1330,
  2062,
  1807,
  1587,
  866,
  2117,
  467,
  1740,
  3374,
  225,
  3388,
  1825,
  917,
  4916,
  890,
  2254,
  2063,
  2622,
  3037,
  1646,
  3942,
  2277,
  2843,
  5879,
  5363,
  6583,
  901,
  3160,
  2361,
  3875,
  3715,
  1173,
  1739,
  4633,
  2592,
  5028,
  6733,
  4440,
  4207,
  4821,
  5460,
  6198,
  2930,
  4472,
  5023,
  2861,
  4439,
  6593,
  2489,
  310,
  7325,
  4936,
  7613,
  5691,
  2437,
  2512,
  1129,
  0,
  2055,
  1958,
  58275,
  3894,
  4357,
  3955,
  3964,
  2466,
  2694,
  4887,
  5162,
  5222,
  7343,
  7372,
  2093,
  2989,
  6386,
  1997,
  6200],
 [2271,
  3300,
  4517,
  1883,
  1991,
  2484,
  4346,
  1886,
  3552,
  2970,
  3439,
  3448,
  2129,
  2308,
  1956,
  3444,
  1708,
  6794,
  3293,
  5959,
  6572,
  2426,
  3791,
  5002,
  3805,
  2565,
  2976,
  4591,
  3875,
  3001,
  1469,
  1182,
  1384,
  253,
  449,
  902,
  1194,
  768,
  693,
  880,
  1181,
  1127,
  1790,
  939,
  2057,
  286,
  1523,
  4140,
  1856,
  2977,
  2662,
  2693,
  2261,
  1193,
  3329,
  1664,
  2230,
  3282,
  2766,
  3986,
  778,
  1753,
  1124,
  3087,
  1901,
  1264,
  1025,
  3857,
  3024,
  2393,
  4136,
  3664,
  3431,
  4045,
  4684,
  5422,
  3017,
  3696,
  4247,
  2550,
  3663,
  5817,
  1876,
  1276,
  6549,
  4160,
  5150,
  4915,
  1824,
  1899,
  248,
  1106,
  0,
  1505,
  57499,
  3278,
  3581,
  3007,
  3351,
  1123,
  2424,
  2682,
  3687,
  3747,
  6567,
  4775,
  2834,
  2376,
  3789,
  2822,
  3603],
 [2839,
  3614,
  4222,
  2451,
  2559,
  3052,
  4051,
  2454,
  3512,
  3538,
  4014,
  3153,
  2697,
  2876,
  2524,
  3149,
  2276,
  7362,
  3861,
  6527,
  7140,
  2994,
  3311,
  5392,
  3195,
  3133,
  3544,
  4296,
  3580,
  3569,
  2449,
  1976,
  2178,
  1999,
  1285,
  2300,
  882,
  2778,
  821,
  2072,
  1730,
  1331,
  1604,
  1488,
  1618,
  1757,
  2298,
  4708,
  1637,
  3377,
  3186,
  3261,
  2829,
  545,
  3520,
  2232,
  2798,
  3850,
  3334,
  4554,
  2164,
  1390,
  2316,
  3655,
  1945,
  616,
  1694,
  4425,
  3715,
  2961,
  4704,
  4232,
  3999,
  4613,
  5252,
  5990,
  3585,
  4264,
  4815,
  3118,
  4231,
  6385,
  2444,
  1433,
  7117,
  4728,
  4483,
  5483,
  2392,
  2467,
  1084,
  1263,
  2010,
  0,
  58067,
  3846,
  4149,
  3575,
  3542,
  2349,
  2992,
  3250,
  3392,
  3452,
  7135,
  5343,
  3216,
  3798,
  4357,
  3120,
  4171],
 [6569,
  14351,
  12968,
  13960,
  13218,
  13995,
  13440,
  13963,
  15371,
  13999,
  13951,
  13746,
  5850,
  5525,
  6154,
  13581,
  14200,
  12511,
  5768,
  6149,
  12289,
  14748,
  13842,
  12450,
  7892,
  6637,
  14084,
  8342,
  13433,
  5476,
  15432,
  15173,
  15375,
  14923,
  15749,
  15836,
  7608,
  15702,
  9139,
  15814,
  16027,
  14619,
  15346,
  15785,
  15352,
  8142,
  16337,
  3928,
  16310,
  13948,
  13633,
  13395,
  5885,
  17066,
  13830,
  13685,
  13526,
  7354,
  6838,
  13011,
  15802,
  15132,
  16058,
  5907,
  15687,
  16524,
  14618,
  4347,
  13177,
  6503,
  13181,
  4867,
  4417,
  5651,
  4874,
  6062,
  5837,
  4444,
  5853,
  6174,
  5043,
  6457,
  13953,
  15249,
  12266,
  5603,
  12378,
  5105,
  14316,
  6004,
  14874,
  15560,
  7856,
  14871,
  0,
  5753,
  4267,
  5827,
  13852,
  16057,
  13994,
  5990,
  13245,
  9037,
  12284,
  12325,
  13805,
  15657,
  13330,
  6715,
  13376],
 [1754,
  3096,
  4101,
  2837,
  1909,
  2102,
  4111,
  2700,
  4565,
  2829,
  2696,
  4461,
  1480,
  1155,
  1825,
  3754,
  2891,
  4802,
  935,
  3967,
  4580,
  3439,
  4804,
  6015,
  3800,
  1822,
  2914,
  4175,
  4185,
  1009,
  4262,
  3973,
  4175,
  3723,
  4117,
  4636,
  3486,
  4502,
  3653,
  4614,
  3463,
  3419,
  4146,
  3221,
  5502,
  4020,
  3773,
  2148,
  3746,
  1701,
  1386,
  1527,
  1547,
  4502,
  3267,
  2376,
  2356,
  2539,
  2023,
  3243,
  3897,
  3932,
  4858,
  535,
  4487,
  3960,
  3418,
  1865,
  930,
  1688,
  3393,
  1672,
  1439,
  2053,
  2692,
  3430,
  661,
  1704,
  2255,
  1298,
  1671,
  3825,
  2753,
  2685,
  4557,
  2168,
  4273,
  2923,
  3007,
  1882,
  3674,
  2996,
  3734,
  4814,
  51148,
  0,
  1589,
  615,
  3289,
  4857,
  2152,
  1547,
  3997,
  4057,
  4575,
  4032,
  1558,
  4851,
  3046,
  1546,
  2860],
 [2302,
  3644,
  4559,
  2615,
  1873,
  2650,
  4569,
  2618,
  4529,
  2654,
  3244,
  4425,
  1583,
  1258,
  1887,
  3579,
  2855,
  3275,
  1501,
  2440,
  3053,
  3403,
  4768,
  5979,
  4782,
  2370,
  2739,
  4633,
  4010,
  1209,
  4117,
  3828,
  4030,
  3578,
  4577,
  4491,
  3341,
  4357,
  4872,
  4469,
  4682,
  3274,
  4001,
  4440,
  4204,
  3875,
  4992,
  559,
  4965,
  2603,
  2288,
  2050,
  1618,
  5721,
  3092,
  2340,
  2181,
  3087,
  2571,
  3738,
  4410,
  3787,
  4713,
  1640,
  4342,
  5179,
  3273,
  276,
  1832,
  2236,
  3888,
  600,
  150,
  526,
  1165,
  1903,
  1570,
  177,
  728,
  1907,
  621,
  2298,
  2608,
  3904,
  3030,
  641,
  4731,
  1396,
  2971,
  1737,
  3529,
  4215,
  3589,
  3526,
  49559,
  1486,
  0,
  1560,
  3114,
  4712,
  2649,
  1723,
  3822,
  3882,
  3048,
  4490,
  2460,
  4815,
  3594,
  2448,
  3408],
 [1455,
  2797,
  3802,
  2056,
  1314,
  1803,
  3812,
  2401,
  3970,
  2530,
  2397,
  3866,
  1024,
  699,
  1526,
  3455,
  2296,
  4749,
  636,
  3914,
  4527,
  2844,
  4209,
  5420,
  3501,
  1523,
  2615,
  3876,
  3886,
  956,
  3558,
  3269,
  3471,
  3019,
  4360,
  3932,
  2782,
  3798,
  3896,
  3910,
  3706,
  2715,
  3442,
  3464,
  3645,
  3316,
  4016,
  2095,
  3989,
  1619,
  1304,
  1445,
  1059,
  4745,
  2968,
  1781,
  2057,
  2240,
  1724,
  2944,
  3851,
  3228,
  4154,
  80,
  3783,
  4203,
  2714,
  1812,
  848,
  1389,
  3094,
  1619,
  1386,
  2000,
  2639,
  3377,
  586,
  1651,
  2202,
  1348,
  1618,
  3772,
  2049,
  2928,
  4504,
  2115,
  3974,
  2870,
  2412,
  1178,
  2970,
  3239,
  3030,
  2967,
  51095,
  223,
  1536,
  0,
  2990,
  4153,
  2070,
  1248,
  3698,
  3758,
  4522,
  3733,
  1476,
  4256,
  2747,
  1464,
  2561],
 [1705,
  474,
  1538,
  1816,
  2901,
  1305,
  1367,
  1485,
  1360,
  792,
  874,
  531,
  1834,
  2013,
  1653,
  465,
  2045,
  2856,
  3189,
  2021,
  2634,
  1306,
  627,
  2178,
  511,
  1711,
  538,
  1612,
  896,
  2670,
  3020,
  3122,
  3324,
  3363,
  4434,
  4322,
  2682,
  4142,
  3970,
  3618,
  4879,
  2771,
  2175,
  4637,
  1992,
  3660,
  5447,
  3809,
  4786,
  3887,
  3572,
  2972,
  2540,
  3694,
  380,
  2882,
  1141,
  1159,
  1942,
  1893,
  4195,
  2433,
  3862,
  3174,
  2516,
  3765,
  2956,
  3526,
  2948,
  2029,
  2043,
  3333,
  3100,
  4008,
  3231,
  2365,
  2686,
  3365,
  4210,
  2829,
  3332,
  2339,
  1615,
  4582,
  2611,
  3960,
  1799,
  2931,
  2105,
  2258,
  3314,
  4412,
  3374,
  3149,
  53176,
  3184,
  3250,
  3254,
  0,
  3310,
  3670,
  2318,
  708,
  768,
  2629,
  2682,
  3744,
  1646,
  1696,
  3732,
  1509],
 [3005,
  3725,
  4333,
  2617,
  2725,
  3218,
  4162,
  2620,
  3623,
  4043,
  4125,
  3264,
  2863,
  3042,
  2690,
  3260,
  2442,
  7528,
  4027,
  6693,
  7306,
  3160,
  3422,
  5174,
  3306,
  3299,
  3789,
  4407,
  3691,
  3735,
  903,
  832,
  1034,
  1182,
  1378,
  1012,
  1431,
  1890,
  2104,
  308,
  2072,
  1364,
  1637,
  2086,
  2575,
  793,
  2352,
  4874,
  3003,
  3711,
  3396,
  3427,
  2995,
  2340,
  3631,
  2398,
  2964,
  4410,
  3500,
  5000,
  1607,
  1600,
  552,
  3821,
  2071,
  2411,
  1296,
  4591,
  3758,
  3127,
  5150,
  4398,
  4165,
  4779,
  5418,
  6156,
  3751,
  4430,
  4981,
  3284,
  4397,
  6551,
  2610,
  2423,
  7283,
  4894,
  4594,
  5649,
  2558,
  2633,
  1177,
  2253,
  1079,
  2652,
  55971,
  4012,
  4315,
  3741,
  3653,
  0,
  3158,
  3416,
  3503,
  3563,
  7301,
  5086,
  3568,
  3909,
  4787,
  3556,
  4760],
 [2112,
  3073,
  4290,
  1412,
  669,
  2460,
  4119,
  1570,
  3325,
  2743,
  3054,
  3221,
  1393,
  1068,
  1697,
  3217,
  930,
  5292,
  1791,
  4457,
  5070,
  2199,
  3564,
  4775,
  3578,
  2180,
  2749,
  4364,
  3648,
  1499,
  2686,
  2397,
  2599,
  2147,
  3146,
  3060,
  1910,
  2926,
  3631,
  3038,
  3441,
  1843,
  2570,
  3199,
  2773,
  2444,
  3751,
  2638,
  3724,
  884,
  1047,
  1191,
  759,
  4480,
  3102,
  415,
  1991,
  2897,
  2381,
  3601,
  2979,
  2356,
  3282,
  1585,
  2911,
  3938,
  1842,
  2355,
  1409,
  2046,
  3751,
  2162,
  1929,
  2543,
  3182,
  3920,
  1515,
  2194,
  2745,
  1048,
  2161,
  4315,
  1560,
  2663,
  5047,
  2658,
  4631,
  3413,
  1046,
  784,
  2098,
  2974,
  2158,
  2095,
  55997,
  1776,
  2079,
  1505,
  3124,
  3281,
  0,
  1533,
  3460,
  3520,
  5065,
  4390,
  843,
  1598,
  3404,
  831,
  3218],
 [1082,
  2424,
  3429,
  1941,
  1199,
  1430,
  3439,
  1944,
  3855,
  1980,
  2024,
  3751,
  909,
  584,
  1153,
  2905,
  2181,
  4546,
  715,
  3711,
  4324,
  2729,
  4094,
  5305,
  4108,
  1150,
  2065,
  3503,
  3336,
  753,
  3443,
  3154,
  3356,
  2904,
  3903,
  3817,
  2667,
  3683,
  4290,
  3795,
  4100,
  2600,
  3327,
  3858,
  3530,
  3201,
  4410,
  1892,
  4383,
  2021,
  1706,
  1376,
  944,
  5139,
  2418,
  1666,
  1684,
  1867,
  1351,
  2571,
  3736,
  3113,
  4039,
  677,
  3668,
  4597,
  2599,
  1609,
  1352,
  1016,
  2721,
  1416,
  1183,
  1797,
  2436,
  3174,
  1090,
  1448,
  1999,
  1233,
  1415,
  3569,
  1934,
  3322,
  4301,
  1912,
  3601,
  2667,
  2297,
  1063,
  2855,
  3633,
  2915,
  2852,
  50892,
  696,
  1333,
  757,
  2440,
  4038,
  1975,
  0,
  3148,
  3208,
  4319,
  3360,
  1878,
  4141,
  2374,
  1866,
  2188],
 [2847,
  1129,
  830,
  3192,
  4277,
  1938,
  659,
  2118,
  2736,
  1425,
  1529,
  519,
  2467,
  2646,
  2918,
  354,
  3638,
  2460,
  3764,
  1625,
  2238,
  1939,
  615,
  1630,
  499,
  2464,
  1171,
  904,
  188,
  3822,
  3653,
  3755,
  3957,
  3996,
  5067,
  4909,
  3315,
  4775,
  4603,
  4251,
  4793,
  3404,
  2808,
  5270,
  2625,
  4293,
  6080,
  5143,
  5419,
  5263,
  4948,
  4439,
  4007,
  4327,
  1049,
  4258,
  1774,
  1742,
  2681,
  1497,
  5768,
  3066,
  4495,
  3749,
  3149,
  4398,
  3589,
  4117,
  4415,
  2781,
  1647,
  4485,
  3929,
  3612,
  2835,
  1969,
  4153,
  3664,
  3814,
  4296,
  4484,
  1943,
  2248,
  6564,
  2215,
  3564,
  1091,
  2535,
  2738,
  4126,
  3947,
  5045,
  4007,
  3782,
  52468,
  3759,
  3841,
  3829,
  1071,
  3943,
  5046,
  3070,
  0,
  220,
  2233,
  1583,
  5120,
  3022,
  1284,
  5108,
  2084],
 [2628,
  1397,
  1313,
  2972,
  4057,
  2228,
  1142,
  3025,
  2516,
  1715,
  1797,
  809,
  2757,
  2936,
  3401,
  644,
  3418,
  2943,
  4247,
  2108,
  2721,
  2229,
  598,
  1410,
  789,
  2947,
  1461,
  1387,
  671,
  4305,
  4403,
  4505,
  4707,
  4716,
  5715,
  5629,
  3605,
  5495,
  4893,
  5001,
  7122,
  3694,
  3098,
  6880,
  2915,
  5013,
  6370,
  5626,
  7405,
  5043,
  4728,
  4872,
  4440,
  4617,
  1303,
  4038,
  2064,
  2225,
  3164,
  1716,
  5548,
  3356,
  5245,
  4232,
  3899,
  4688,
  4411,
  4600,
  5090,
  3264,
  2130,
  4968,
  4412,
  4095,
  3318,
  2452,
  5196,
  4147,
  4297,
  4729,
  4967,
  2426,
  3015,
  6344,
  2698,
  4047,
  1202,
  3018,
  3534,
  4413,
  4667,
  6655,
  4727,
  4072,
  52579,
  4242,
  4324,
  4312,
  1325,
  4693,
  4826,
  3553,
  483,
  0,
  2716,
  1694,
  4900,
  2802,
  1767,
  4888,
  2567],
 [2988,
  2446,
  1927,
  3620,
  4891,
  2885,
  1937,
  3483,
  3583,
  3612,
  2046,
  2995,
  4601,
  4276,
  3059,
  2830,
  5873,
  227,
  4519,
  864,
  5,
  4221,
  3091,
  3644,
  2975,
  2605,
  2710,
  2001,
  2682,
  4227,
  5630,
  5341,
  5543,
  5091,
  5917,
  7509,
  4854,
  7375,
  7890,
  5982,
  5888,
  4787,
  4973,
  7458,
  4790,
  5388,
  8010,
  4382,
  7983,
  5621,
  5306,
  5068,
  4636,
  8739,
  2776,
  5358,
  3139,
  1883,
  2822,
  1106,
  7428,
  5300,
  6226,
  4658,
  5314,
  8197,
  4786,
  3356,
  4850,
  2922,
  1256,
  3618,
  3168,
  2851,
  2074,
  1208,
  4588,
  2903,
  3053,
  4925,
  3639,
  1182,
  3613,
  6922,
  18,
  2803,
  2136,
  1774,
  5989,
  4755,
  5042,
  7233,
  5102,
  5039,
  51172,
  4504,
  3080,
  4578,
  2798,
  7730,
  5667,
  3211,
  2494,
  2696,
  0,
  1895,
  5478,
  3869,
  1425,
  5466,
  1508],
 [2568,
  2026,
  1062,
  3200,
  3983,
  2465,
  1072,
  3063,
  3163,
  3192,
  1626,
  2130,
  3090,
  3368,
  2639,
  1965,
  3646,
  2181,
  3485,
  1346,
  1959,
  3801,
  2226,
  2176,
  2110,
  2185,
  2290,
  1136,
  1817,
  3543,
  5210,
  4921,
  5123,
  4671,
  5670,
  5857,
  4434,
  5723,
  5489,
  5562,
  6956,
  4367,
  4553,
  6714,
  4370,
  4968,
  7266,
  4864,
  7239,
  4805,
  4490,
  4160,
  3728,
  5725,
  2356,
  4450,
  2719,
  1463,
  2402,
  686,
  5776,
  4880,
  5806,
  3470,
  4894,
  5796,
  4366,
  3838,
  4136,
  2502,
  856,
  4206,
  3973,
  3333,
  2556,
  1690,
  3874,
  3385,
  3535,
  4017,
  4205,
  1664,
  3193,
  6178,
  1936,
  3285,
  447,
  2256,
  3762,
  3847,
  4622,
  6489,
  4682,
  4619,
  51594,
  3480,
  3562,
  3550,
  2378,
  6078,
  4759,
  2791,
  1629,
  1831,
  1954,
  0,
  4662,
  3449,
  1005,
  4650,
  1805],
 [2572,
  3590,
  4807,
  2190,
  1186,
  2920,
  4636,
  2958,
  3842,
  3260,
  3514,
  3738,
  1853,
  1528,
  2157,
  3734,
  2168,
  5752,
  1952,
  4917,
  5530,
  2716,
  4081,
  5292,
  4095,
  2640,
  3266,
  4881,
  4165,
  1959,
  3692,
  3403,
  3605,
  3153,
  3293,
  4066,
  2916,
  3759,
  2829,
  4080,
  2639,
  2849,
  3576,
  2397,
  4779,
  3450,
  2949,
  3098,
  2922,
  978,
  245,
  804,
  1219,
  3678,
  3619,
  1653,
  3072,
  3357,
  2841,
  4061,
  3073,
  3362,
  4324,
  1378,
  3917,
  3136,
  2848,
  2815,
  607,
  2506,
  4211,
  2622,
  2389,
  3003,
  3642,
  4380,
  945,
  2654,
  3205,
  1043,
  2621,
  4775,
  2183,
  1861,
  5507,
  3118,
  5091,
  3873,
  2284,
  1554,
  3092,
  2172,
  3164,
  3990,
  56457,
  1521,
  2539,
  1298,
  3641,
  4287,
  1429,
  1993,
  3977,
  4037,
  5525,
  4850,
  0,
  4128,
  3864,
  453,
  3678],
 [1221,
  1637,
  2854,
  170,
  1264,
  821,
  2683,
  223,
  1889,
  1307,
  2131,
  1785,
  1402,
  1581,
  1536,
  1781,
  616,
  3641,
  2541,
  2806,
  3419,
  763,
  2128,
  3339,
  2142,
  1227,
  1231,
  2928,
  2212,
  2274,
  2453,
  2164,
  2366,
  1914,
  2913,
  2827,
  1677,
  2693,
  2732,
  2805,
  2956,
  1610,
  2337,
  2714,
  2826,
  2211,
  3491,
  3413,
  3631,
  2250,
  1935,
  1966,
  1534,
  2968,
  1584,
  1189,
  567,
  1974,
  1458,
  2678,
  2746,
  2123,
  3049,
  2360,
  2678,
  3039,
  1609,
  3130,
  2297,
  1545,
  2828,
  2937,
  2704,
  3318,
  3957,
  3150,
  2290,
  2969,
  3520,
  1823,
  2936,
  3124,
  213,
  3551,
  3396,
  3433,
  3487,
  3716,
  732,
  1172,
  1865,
  2881,
  1925,
  1862,
  54346,
  2551,
  2854,
  2280,
  1606,
  3048,
  2033,
  1834,
  2024,
  2084,
  3414,
  3467,
  2107,
  0,
  2481,
  2095,
  2293],
 [1558,
  1015,
  2050,
  2189,
  2986,
  1454,
  2356,
  2052,
  2152,
  1787,
  615,
  1898,
  2080,
  2371,
  1629,
  1832,
  2635,
  2155,
  2488,
  1320,
  1933,
  2790,
  1994,
  3545,
  1878,
  1174,
  1279,
  2124,
  2263,
  2534,
  4200,
  3911,
  4113,
  3661,
  4660,
  4574,
  3424,
  4440,
  4479,
  4552,
  5959,
  3357,
  3542,
  5717,
  3359,
  3958,
  6269,
  3673,
  6242,
  3808,
  3493,
  3163,
  2731,
  4715,
  1345,
  3453,
  1708,
  458,
  1405,
  1192,
  4765,
  3870,
  4796,
  2473,
  3883,
  4786,
  3356,
  3390,
  3139,
  1492,
  1342,
  3197,
  2964,
  3307,
  2530,
  1664,
  2877,
  3359,
  3509,
  3020,
  3208,
  1638,
  2182,
  5181,
  1910,
  3259,
  2222,
  2230,
  2751,
  2850,
  3625,
  5492,
  3685,
  3622,
  52860,
  2477,
  3126,
  2553,
  1367,
  4808,
  3762,
  1781,
  2075,
  2135,
  1928,
  1981,
  3665,
  2438,
  0,
  3653,
  808],
 [2668,
  3686,
  4903,
  2286,
  1282,
  3016,
  4732,
  3054,
  3938,
  3356,
  3610,
  3834,
  1949,
  1624,
  2253,
  3830,
  1633,
  5848,
  2048,
  5013,
  5626,
  2812,
  4177,
  5388,
  4191,
  2736,
  3362,
  4977,
  4261,
  2055,
  3974,
  3715,
  3917,
  2850,
  3024,
  3965,
  2613,
  3490,
  2560,
  3811,
  2370,
  2546,
  3273,
  2128,
  4875,
  3147,
  2680,
  3194,
  2653,
  257,
  341,
  900,
  1315,
  3409,
  3715,
  1118,
  3168,
  3453,
  2937,
  4157,
  2804,
  3059,
  4055,
  1474,
  3614,
  2867,
  2545,
  2911,
  703,
  2602,
  4307,
  2718,
  2485,
  3099,
  3738,
  4476,
  1041,
  2750,
  3301,
  1139,
  2717,
  4871,
  2279,
  1592,
  5603,
  3214,
  5187,
  3969,
  1749,
  1650,
  2823,
  1903,
  2861,
  3804,
  56553,
  1617,
  2635,
  1394,
  3737,
  4088,
  697,
  2089,
  4073,
  4133,
  5621,
  4946,
  96,
  4224,
  3960,
  0,
  3774],
 [1758,
  1216,
  1250,
  2390,
  3173,
  1655,
  1260,
  2253,
  2353,
  2382,
  816,
  2099,
  2280,
  2558,
  1829,
  2033,
  2836,
  1355,
  2675,
  520,
  1133,
  2991,
  2195,
  3129,
  2079,
  1375,
  1480,
  1324,
  2005,
  2733,
  4400,
  4111,
  4313,
  3861,
  4860,
  4774,
  3624,
  4640,
  4679,
  4752,
  6146,
  3557,
  3743,
  5904,
  3560,
  4158,
  6456,
  4038,
  6429,
  3995,
  3680,
  3350,
  2918,
  4915,
  1546,
  3640,
  1909,
  653,
  1592,
  392,
  4966,
  4070,
  4996,
  2660,
  4084,
  4986,
  3556,
  3012,
  3326,
  1692,
  542,
  3274,
  2824,
  2507,
  1730,
  864,
  3064,
  2559,
  2709,
  3207,
  3395,
  838,
  2383,
  5368,
  1110,
  2459,
  1422,
  1430,
  2952,
  3037,
  3812,
  5679,
  3872,
  3809,
  52060,
  2670,
  2736,
  2740,
  1568,
  4995,
  3949,
  1981,
  1817,
  2019,
  1128,
  1181,
  3852,
  2639,
  195,
  3840,
  0]]