[[0,
  5567,
  5880,
  3380,
  3070,
  3847,
  555,
  484,
  561,
  5407,
  2226,
  4045,
  793,
  4870,
  2025,
  1896,
  6010,
  236,
  5028,
  322,
  3872,
  3439,
  5075,
  5408,
  1802,
  2450,
  5638,
  922,
  4150,
  6089,
  3692,
  6317,
  4265,
  1354,
  5325],
 [5462,
  0,
  313,
  1338,
  1354,
  1811,
  5663,
  5203,
  5860,
  2270,
  2298,
  1217,
  4736,
  695,
  2332,
  2709,
  2873,
  5448,
  2013,
  5768,
  1044,
  3734,
  5294,
  5627,
  3033,
  1865,
  5857,
  4901,
  1519,
  522,
  1393,
  750,
  1634,
  3299,
  205],
 [5775,
  313,
  0,
  1651,
  1667,
  1996,
  5976,
  5516,
  6173,
  2455,
  2611,
  1530,
  5049,
  1008,
  2645,
  3022,
  3058,
  5761,
  2198,
  6081,
  1357,
  3919,
  5479,
  5812,
  3346,
  2178,
  6042,
  5214,
  1704,
  209,
  1502,
  437,
  1819,
  3612,
  518],
 [3472,
  1513,
  1826,
  0,
  648,
  2173,
  4380,
  3213,
  4577,
  2632,
  2265,
  474,
  2746,
  1028,
  1626,
  1935,
  3235,
  3458,
  2375,
  3778,
  477,
  4096,
  5656,
  5989,
  2259,
  1159,
  6219,
  2911,
  1881,
  2035,
  2664,
  2263,
  1996,
  2525,
  1271],
 [2892,
  1556,
  1869,
  639,
  0,
  2812,
  3264,
  2633,
  3437,
  3271,
  944,
  1113,
  2166,
  1558,
  978,
  1355,
  3874,
  2878,
  3014,
  3198,
  1116,
  5346,
  6982,
  7315,
  1679,
  511,
  7545,
  2331,
  2520,
  2078,
  3303,
  2306,
  2635,
  1945,
  1314],
 [3623,
  1600,
  1709,
  2465,
  2917,
  0,
  3995,
  3595,
  4168,
  1700,
  3861,
  2191,
  3510,
  1669,
  3895,
  4199,
  2303,
  3609,
  1443,
  3929,
  2018,
  1904,
  3540,
  3873,
  4519,
  3428,
  4103,
  3639,
  949,
  1918,
  491,
  2146,
  1064,
  4071,
  2194],
 [555,
  5775,
  6088,
  3723,
  3413,
  6307,
  0,
  611,
  390,
  5750,
  2569,
  5014,
  1136,
  5823,
  2368,
  2239,
  6353,
  463,
  5371,
  233,
  4841,
  3782,
  5418,
  5751,
  2145,
  2793,
  5981,
  1265,
  6015,
  6297,
  4035,
  6525,
  6130,
  1697,
  5533],
 [483,
  4966,
  5279,
  3280,
  2970,
  3747,
  633,
  0,
  1002,
  5307,
  2126,
  3945,
  518,
  4770,
  1925,
  1796,
  5910,
  247,
  4928,
  789,
  3772,
  3339,
  4975,
  5308,
  1702,
  2350,
  5538,
  822,
  4050,
  5488,
  3592,
  5716,
  4165,
  991,
  4724],
 [561,
  5896,
  6209,
  4628,
  4366,
  6428,
  390,
  980,
  0,
  6887,
  3522,
  5135,
  1338,
  5944,
  3321,
  3192,
  7490,
  781,
  5573,
  239,
  4962,
  3984,
  5355,
  6516,
  3098,
  3746,
  6746,
  1467,
  6136,
  6418,
  4237,
  6646,
  6251,
  1899,
  5654],
 [5291,
  1043,
  1152,
  2381,
  2397,
  1668,
  5663,
  5263,
  5836,
  0,
  3341,
  2737,
  6256,
  2215,
  3375,
  3752,
  2011,
  5277,
  1151,
  5597,
  2564,
  2872,
  4432,
  4765,
  4076,
  2908,
  4995,
  5307,
  1495,
  1361,
  1680,
  1589,
  1491,
  4342,
  1248],
 [2255,
  2071,
  2384,
  1154,
  844,
  3327,
  2627,
  1996,
  2800,
  3786,
  0,
  1628,
  1529,
  2073,
  341,
  718,
  4389,
  2241,
  3529,
  2561,
  1631,
  4709,
  6345,
  6678,
  1042,
  224,
  6908,
  1694,
  3035,
  2593,
  3818,
  2821,
  3150,
  1308,
  1829],
 [3574,
  1595,
  1908,
  274,
  726,
  2026,
  4482,
  3315,
  4679,
  2485,
  1670,
  0,
  2848,
  881,
  1704,
  2037,
  3088,
  3560,
  2228,
  3880,
  330,
  3949,
  5509,
  5842,
  2361,
  1237,
  6072,
  3013,
  1734,
  2117,
  2517,
  2345,
  1849,
  2627,
  1353],
 [856,
  3435,
  3748,
  2518,
  2208,
  3718,
  1228,
  597,
  1401,
  5278,
  1364,
  3183,
  0,
  3437,
  1163,
  1034,
  5881,
  842,
  4899,
  1162,
  3010,
  3310,
  4946,
  5279,
  665,
  1588,
  5509,
  295,
  4021,
  3957,
  3563,
  4185,
  4136,
  473,
  3193],
 [4067,
  1296,
  1609,
  796,
  1248,
  1702,
  4975,
  3808,
  5172,
  2161,
  2192,
  522,
  3341,
  0,
  2226,
  2530,
  2764,
  4053,
  1904,
  4373,
  349,
  3625,
  5185,
  5518,
  2854,
  1759,
  5748,
  3506,
  1410,
  1818,
  2193,
  2046,
  1525,
  3120,
  1054],
 [1996,
  2510,
  2823,
  1593,
  1283,
  4937,
  2368,
  1737,
  2541,
  5396,
  439,
  2640,
  1270,
  2512,
  0,
  459,
  5999,
  1982,
  5139,
  2302,
  2467,
  4450,
  6086,
  6419,
  783,
  663,
  6649,
  1435,
  4645,
  3032,
  5428,
  3260,
  4760,
  1049,
  2268],
 [1537,
  4807,
  5120,
  1946,
  1636,
  5339,
  1909,
  1278,
  2082,
  5798,
  792,
  2611,
  811,
  2865,
  484,
  0,
  6401,
  1523,
  5541,
  1843,
  2438,
  3991,
  5627,
  5960,
  324,
  1016,
  6190,
  976,
  5047,
  5329,
  4244,
  5557,
  5162,
  590,
  4565],
 [4051,
  3872,
  3981,
  4482,
  4934,
  3139,
  4423,
  4023,
  4563,
  2829,
  5371,
  4208,
  3938,
  3686,
  5170,
  5041,
  0,
  4037,
  2450,
  4357,
  4035,
  861,
  2421,
  2754,
  4947,
  5595,
  2984,
  4067,
  2966,
  4190,
  3630,
  4418,
  2962,
  4499,
  4211],
 [236,
  6057,
  6370,
  3360,
  3050,
  3827,
  648,
  248,
  781,
  5387,
  2206,
  4025,
  773,
  4850,
  2005,
  1876,
  5990,
  0,
  5008,
  542,
  3852,
  3419,
  5055,
  5388,
  1782,
  2430,
  5618,
  902,
  4130,
  6579,
  3672,
  6807,
  4245,
  1334,
  5815],
 [4312,
  2003,
  1595,
  2032,
  2484,
  689,
  4684,
  4284,
  4857,
  580,
  3428,
  1758,
  5277,
  1236,
  3462,
  3766,
  1183,
  4298,
  0,
  4618,
  1585,
  2044,
  3604,
  3937,
  4090,
  2995,
  4167,
  4328,
  516,
  1804,
  1180,
  2032,
  512,
  4760,
  1761],
 [322,
  6008,
  6321,
  3686,
  3376,
  4153,
  233,
  790,
  239,
  5713,
  2532,
  4351,
  1099,
  5176,
  2331,
  2202,
  6316,
  542,
  5334,
  0,
  4178,
  3745,
  5381,
  5714,
  2108,
  2756,
  5944,
  1228,
  4456,
  6530,
  3998,
  6758,
  4571,
  1660,
  5766],
 [3747,
  1232,
  1545,
  447,
  899,
  1892,
  4655,
  3488,
  4852,
  2351,
  1843,
  173,
  3021,
  747,
  1877,
  2210,
  2954,
  3733,
  2094,
  4053,
  0,
  3815,
  5375,
  5708,
  2534,
  1410,
  5938,
  3186,
  1600,
  1754,
  2383,
  1982,
  1715,
  2800,
  990],
 [5901,
  3011,
  3120,
  3621,
  4073,
  2278,
  6273,
  5873,
  6446,
  1968,
  5017,
  3347,
  6866,
  2825,
  5051,
  5355,
  2571,
  5887,
  1589,
  6207,
  3174,
  0,
  4992,
  5325,
  5679,
  4584,
  5555,
  5917,
  2105,
  3329,
  2769,
  3557,
  2101,
  6349,
  3350],
 [5483,
  5364,
  5473,
  5974,
  6426,
  4631,
  5855,
  5455,
  6028,
  4321,
  6803,
  5700,
  5370,
  5178,
  6602,
  6473,
  4924,
  5469,
  3942,
  5789,
  5527,
  2368,
  0,
  333,
  6379,
  7027,
  563,
  5499,
  4458,
  5682,
  5122,
  5910,
  4454,
  5931,
  5703],
 [5150,
  5031,
  5140,
  5641,
  6093,
  4298,
  5522,
  5122,
  5695,
  3988,
  6470,
  5367,
  5037,
  4845,
  6269,
  6140,
  4591,
  5136,
  3609,
  5456,
  5194,
  2035,
  318,
  0,
  6046,
  6694,
  513,
  5166,
  4125,
  5349,
  4789,
  5577,
  4121,
  5598,
  5370],
 [1146,
  3228,
  3541,
  2311,
  2001,
  4008,
  1518,
  887,
  1691,
  5568,
  1157,
  2976,
  456,
  3230,
  956,
  827,
  6171,
  1132,
  5189,
  1452,
  2803,
  3600,
  5236,
  5569,
  0,
  1381,
  5799,
  585,
  4311,
  3750,
  3853,
  3978,
  4426,
  266,
  2986],
 [2827,
  1847,
  2160,
  930,
  620,
  3103,
  3199,
  2568,
  3372,
  3562,
  879,
  1404,
  2101,
  1849,
  913,
  1290,
  4165,
  2813,
  3305,
  3133,
  1407,
  5281,
  6917,
  7250,
  1614,
  0,
  7480,
  2266,
  2811,
  2369,
  3594,
  2597,
  2926,
  1880,
  1605],
 [5617,
  5498,
  5607,
  6108,
  6560,
  4765,
  5989,
  5589,
  6129,
  4455,
  6937,
  5834,
  5504,
  5312,
  6736,
  6607,
  5058,
  5603,
  4076,
  5923,
  5661,
  2502,
  674,
  467,
  6513,
  7161,
  0,
  5633,
  4592,
  5816,
  5256,
  6044,
  4588,
  6065,
  5837],
 [785,
  4892,
  5205,
  3022,
  2712,
  4049,
  935,
  302,
  1304,
  5609,
  1868,
  3687,
  687,
  4940,
  1667,
  1538,
  6212,
  549,
  5230,
  1091,
  3514,
  3641,
  5277,
  5610,
  1444,
  2092,
  5840,
  0,
  5132,
  5414,
  3894,
  5642,
  5247,
  1160,
  4650],
 [4241,
  1400,
  1509,
  1961,
  2413,
  618,
  4613,
  4213,
  4786,
  751,
  3357,
  1687,
  5206,
  1165,
  3391,
  3695,
  1354,
  4227,
  494,
  4547,
  1514,
  2215,
  3775,
  4108,
  4019,
  2924,
  4338,
  4257,
  0,
  1718,
  1109,
  1946,
  441,
  4689,
  1690],
 [5984,
  522,
  209,
  1860,
  1876,
  2205,
  6185,
  5725,
  6382,
  2664,
  2820,
  1739,
  5258,
  1217,
  2854,
  3231,
  3267,
  5970,
  2407,
  6290,
  1566,
  4128,
  5688,
  6021,
  3555,
  2387,
  6251,
  5423,
  1913,
  0,
  1711,
  228,
  2028,
  3821,
  727],
 [3518,
  1495,
  1604,
  2242,
  2694,
  1018,
  3890,
  3490,
  4063,
  1477,
  3638,
  1968,
  3405,
  1446,
  3672,
  3976,
  2080,
  3504,
  1220,
  3824,
  1795,
  1799,
  4501,
  4834,
  4414,
  3205,
  5064,
  3534,
  726,
  1813,
  0,
  2041,
  841,
  3966,
  1971],
 [6374,
  912,
  599,
  2250,
  2266,
  2595,
  6575,
  6115,
  6772,
  3054,
  3210,
  2129,
  5648,
  1607,
  3244,
  3621,
  3657,
  6360,
  2797,
  6680,
  1956,
  4518,
  6078,
  6411,
  3945,
  2777,
  6641,
  5813,
  2303,
  390,
  2101,
  0,
  2418,
  4211,
  1117],
 [3800,
  1777,
  1886,
  2642,
  3094,
  177,
  4172,
  3772,
  4345,
  1877,
  4038,
  2368,
  3687,
  1846,
  4072,
  4376,
  2480,
  3786,
  1620,
  4106,
  2195,
  1878,
  3514,
  3847,
  4696,
  3605,
  4077,
  3816,
  1126,
  2095,
  668,
  2323,
  0,
  4248,
  2371],
 [1317,
  2962,
  3275,
  2045,
  1735,
  5438,
  1689,
  1058,
  1862,
  5897,
  891,
  2710,
  591,
  2964,
  690,
  561,
  6500,
  1303,
  5640,
  1623,
  2537,
  3771,
  5407,
  5740,
  193,
  1115,
  5970,
  756,
  5146,
  3484,
  4024,
  3712,
  5261,
  0,
  2720],
 [5257,
  242,
  555,
  1133,
  1149,
  1789,
  5458,
  4998,
  5655,
  2248,
  2093,
  1012,
  4531,
  490,
  2127,
  2504,
  2851,
  5243,
  1991,
  5563,
  839,
  3712,
  5272,
  5605,
  2828,
  1660,
  5835,
  4696,
  1497,
  764,
  2280,
  992,
  1612,
  3094,
  0]]
