[[0,
  1773,
  6696,
  5610,
  3338,
  1261,
  1618,
  3113,
  5325,
  4437,
  2096,
  3895,
  3727,
  1351,
  3418,
  4836,
  4545,
  10063,
  9403,
  9630,
  9337,
  9406,
  9534,
  9490,
  9704,
  6387,
  8729,
  9555,
  6650,
  8137,
  9069,
  3070,
  8139,
  6236,
  9157,
  4395,
  9529,
  7139],
 [1222,
  0,
  4214,
  4396,
  2103,
  632,
  355,
  1878,
  4111,
  3202,
  861,
  2660,
  2492,
  1092,
  2183,
  3601,
  3310,
  8841,
  8181,
  8408,
  8115,
  8184,
  8312,
  8268,
  8482,
  5165,
  7507,
  8333,
  5428,
  6915,
  7847,
  1835,
  6917,
  5014,
  7935,
  3173,
  8307,
  5917],
 [6354,
  3661,
  0,
  3971,
  2510,
  4293,
  4016,
  2285,
  3686,
  1479,
  4770,
  1781,
  2067,
  4753,
  1995,
  1263,
  1253,
  5364,
  4704,
  4931,
  4638,
  4707,
  4835,
  4791,
  5005,
  1688,
  4030,
  4856,
  2466,
  3438,
  4370,
  2831,
  3440,
  2052,
  4458,
  4552,
  4830,
  2440],
 [4164,
  2932,
  3166,
  0,
  1818,
  3564,
  3287,
  1593,
  917,
  2154,
  2828,
  1612,
  1444,
  4024,
  1303,
  2553,
  2262,
  6130,
  5470,
  5697,
  5404,
  5473,
  5601,
  5557,
  5771,
  2454,
  4796,
  5622,
  2717,
  4204,
  5136,
  2139,
  4206,
  2303,
  5224,
  1832,
  5596,
  3206],
 [2373,
  1151,
  2728,
  2910,
  0,
  1783,
  1506,
  392,
  2625,
  1716,
  1047,
  1174,
  1006,
  2243,
  697,
  2115,
  1824,
  7723,
  7063,
  7290,
  6997,
  7066,
  7194,
  7150,
  7364,
  4047,
  6389,
  7215,
  4310,
  5797,
  6729,
  321,
  5799,
  3896,
  6817,
  2055,
  7189,
  4799],
 [1666,
  831,
  4507,
  4689,
  2396,
  0,
  676,
  2171,
  4404,
  3495,
  1154,
  2953,
  2785,
  460,
  2476,
  3894,
  3603,
  9134,
  8474,
  8701,
  8408,
  8477,
  8605,
  8561,
  8775,
  5458,
  7800,
  8626,
  5721,
  7208,
  8140,
  2128,
  7210,
  5307,
  8228,
  3466,
  8600,
  6210],
 [867,
  789,
  4465,
  4647,
  2354,
  277,
  0,
  2129,
  4362,
  3453,
  1112,
  2911,
  2743,
  737,
  2434,
  3852,
  3561,
  9092,
  8432,
  8659,
  8366,
  8435,
  8563,
  8519,
  8733,
  5416,
  7758,
  8584,
  5679,
  7166,
  8098,
  2086,
  7168,
  5265,
  8186,
  3424,
  8558,
  6168],
 [2598,
  1376,
  2953,
  3135,
  225,
  2008,
  1731,
  0,
  2850,
  1941,
  1272,
  1399,
  1231,
  2468,
  922,
  2340,
  2049,
  7948,
  7288,
  7515,
  7222,
  7291,
  7419,
  7375,
  7589,
  4272,
  6614,
  7440,
  4535,
  6022,
  6954,
  546,
  6024,
  4121,
  7042,
  2280,
  7414,
  5024],
 [4532,
  3305,
  3811,
  645,
  2463,
  3937,
  3660,
  2238,
  0,
  2799,
  3201,
  2257,
  2089,
  4397,
  1948,
  3198,
  2907,
  6775,
  6115,
  6342,
  6049,
  6118,
  6246,
  6202,
  6416,
  3099,
  5441,
  6267,
  3362,
  4849,
  6432,
  2784,
  5085,
  2948,
  5869,
  2205,
  6241,
  3851],
 [5213,
  3733,
  1149,
  3264,
  1803,
  4365,
  3309,
  1578,
  2979,
  0,
  3629,
  889,
  1360,
  4046,
  1288,
  495,
  650,
  6078,
  5418,
  5645,
  5352,
  5421,
  5549,
  5505,
  5719,
  2402,
  4744,
  5570,
  3180,
  4152,
  5084,
  2124,
  4154,
  2766,
  5172,
  3411,
  5544,
  3154],
 [1867,
  645,
  3353,
  3535,
  1242,
  1277,
  1000,
  1017,
  3250,
  2341,
  0,
  1799,
  1631,
  1737,
  1322,
  2740,
  2449,
  7996,
  7336,
  7563,
  7270,
  7339,
  7467,
  7423,
  7637,
  4320,
  6662,
  7488,
  4583,
  6070,
  7002,
  974,
  6072,
  4169,
  7090,
  2328,
  7462,
  5072],
 [4569,
  3089,
  1998,
  2641,
  1180,
  3721,
  3444,
  955,
  2356,
  542,
  2985,
  0,
  737,
  4181,
  665,
  1037,
  657,
  6214,
  5554,
  5781,
  5488,
  5557,
  5685,
  5641,
  5855,
  2538,
  4880,
  5706,
  3316,
  4288,
  5220,
  1501,
  4290,
  2902,
  5308,
  2767,
  5680,
  3290],
 [4287,
  2807,
  2174,
  1904,
  1665,
  3439,
  3162,
  1440,
  1619,
  1273,
  2703,
  1459,
  0,
  3899,
  1150,
  1768,
  1308,
  6390,
  5730,
  5957,
  5664,
  5733,
  5861,
  5817,
  6031,
  2714,
  5056,
  5882,
  3492,
  4464,
  5396,
  1986,
  6304,
  3078,
  5484,
  2485,
  5856,
  3466],
 [1255,
  1079,
  4755,
  4937,
  2644,
  665,
  924,
  2419,
  4652,
  3743,
  1402,
  3201,
  3033,
  0,
  2724,
  4142,
  3851,
  9382,
  8722,
  8949,
  8656,
  8725,
  8853,
  8809,
  9023,
  5706,
  8048,
  8874,
  5969,
  7456,
  8388,
  2376,
  7458,
  5555,
  8476,
  3714,
  8848,
  6458],
 [2888,
  1666,
  2416,
  2598,
  515,
  2298,
  2021,
  290,
  2313,
  1404,
  1562,
  862,
  694,
  2758,
  0,
  1803,
  1512,
  7084,
  6424,
  6651,
  6358,
  6427,
  6555,
  6511,
  6725,
  3408,
  5750,
  6576,
  4825,
  5158,
  6090,
  836,
  6998,
  4411,
  6178,
  2570,
  6550,
  4160],
 [6032,
  3339,
  654,
  3649,
  2188,
  3971,
  3694,
  1963,
  3364,
  1157,
  3235,
  1459,
  1745,
  4431,
  1673,
  0,
  1231,
  5583,
  4923,
  5150,
  4857,
  4926,
  5054,
  5010,
  5224,
  1907,
  4249,
  5075,
  2685,
  3657,
  4589,
  2509,
  3659,
  2271,
  4677,
  4230,
  5049,
  2659],
 [4583,
  3103,
  2012,
  2820,
  1359,
  3735,
  3458,
  1134,
  2535,
  717,
  2999,
  698,
  916,
  4195,
  844,
  1082,
  0,
  6228,
  5568,
  5795,
  5502,
  5571,
  5699,
  5655,
  5869,
  2552,
  4894,
  5720,
  3330,
  4302,
  5234,
  1680,
  4304,
  2916,
  5322,
  2781,
  5694,
  3304],
 [9476,
  8266,
  5128,
  6911,
  8729,
  9796,
  8621,
  8504,
  6626,
  5928,
  8162,
  8523,
  8355,
  10252,
  8214,
  6423,
  5984,
  0,
  554,
  456,
  1337,
  784,
  912,
  985,
  631,
  4819,
  1199,
  1182,
  5197,
  2771,
  2186,
  7830,
  2729,
  4783,
  1205,
  7166,
  1156,
  4250],
 [8934,
  7724,
  4586,
  6369,
  8187,
  9254,
  8079,
  7962,
  6084,
  5386,
  7620,
  7981,
  7813,
  9710,
  7672,
  5881,
  5442,
  668,
  0,
  235,
  795,
  242,
  370,
  443,
  962,
  4277,
  1016,
  1583,
  4655,
  2229,
  1644,
  7288,
  2187,
  4241,
  663,
  6624,
  1207,
  3708],
 [9996,
  8786,
  5648,
  8102,
  9920,
  10316,
  9141,
  9695,
  7146,
  6448,
  8682,
  9714,
  9546,
  10772,
  9405,
  6943,
  6504,
  433,
  650,
  0,
  1433,
  880,
  1008,
  1081,
  727,
  5339,
  1254,
  1278,
  5717,
  3291,
  2706,
  8350,
  3249,
  5303,
  1278,
  7686,
  1252,
  4770],
 [8139,
  6929,
  3791,
  5574,
  7392,
  8459,
  7284,
  7167,
  5289,
  4591,
  6825,
  7186,
  7018,
  8915,
  6877,
  5086,
  4647,
  1680,
  1020,
  1247,
  0,
  1023,
  1151,
  1107,
  1491,
  3482,
  318,
  1113,
  3860,
  1434,
  849,
  6493,
  1392,
  3446,
  774,
  5829,
  737,
  2913],
 [8692,
  7482,
  4344,
  6127,
  7945,
  9012,
  7837,
  7720,
  5842,
  5144,
  7378,
  7739,
  7571,
  9468,
  7430,
  5639,
  5200,
  1299,
  667,
  866,
  553,
  0,
  128,
  754,
  1102,
  4035,
  872,
  1667,
  4413,
  1987,
  1402,
  7046,
  1945,
  3999,
  421,
  6382,
  1291,
  3466],
 [8564,
  7354,
  4216,
  5999,
  7817,
  8884,
  7709,
  7592,
  5714,
  5016,
  7250,
  7611,
  7443,
  9340,
  7302,
  5511,
  5072,
  1171,
  539,
  738,
  425,
  542,
  0,
  626,
  974,
  3907,
  744,
  1539,
  4285,
  1859,
  1274,
  6918,
  1817,
  3871,
  293,
  6254,
  1163,
  3338],
 [9223,
  8013,
  4902,
  6658,
  8476,
  9543,
  8368,
  8251,
  6373,
  5702,
  7909,
  8270,
  8102,
  9999,
  7961,
  6197,
  5758,
  1188,
  528,
  755,
  1084,
  531,
  659,
  0,
  1482,
  4593,
  1536,
  2103,
  4944,
  2518,
  1933,
  7577,
  2476,
  4530,
  937,
  6913,
  1727,
  3954],
 [9269,
  8059,
  4921,
  7375,
  9193,
  9589,
  8414,
  8968,
  6419,
  5721,
  7955,
  8987,
  8819,
  10045,
  8678,
  6216,
  5777,
  758,
  953,
  902,
  1293,
  1183,
  1311,
  1384,
  0,
  4612,
  944,
  551,
  4990,
  2564,
  1979,
  7623,
  2522,
  4576,
  1161,
  6959,
  525,
  4043],
 [6107,
  4897,
  1700,
  3542,
  3971,
  6427,
  5252,
  3746,
  3257,
  2500,
  4793,
  3029,
  3496,
  6883,
  3456,
  2995,
  2556,
  3676,
  3016,
  3243,
  2950,
  3019,
  3147,
  3103,
  3317,
  0,
  2342,
  3168,
  1828,
  1750,
  2682,
  4461,
  1752,
  1414,
  2770,
  3797,
  3142,
  752],
 [8295,
  7085,
  3889,
  5730,
  7548,
  8615,
  7440,
  7323,
  5445,
  4747,
  6981,
  5218,
  5685,
  9071,
  7033,
  5184,
  4803,
  1334,
  999,
  901,
  1063,
  1229,
  1357,
  1430,
  944,
  3638,
  0,
  795,
  4016,
  1590,
  1005,
  6649,
  1548,
  3602,
  931,
  5985,
  419,
  2989],
 [9120,
  7910,
  4714,
  7226,
  9044,
  9440,
  8265,
  8819,
  6270,
  5514,
  7806,
  6043,
  6510,
  9896,
  8529,
  6067,
  5570,
  1309,
  1504,
  1468,
  1844,
  1734,
  1862,
  1935,
  551,
  4463,
  795,
  0,
  4841,
  2415,
  1830,
  7474,
  2373,
  4427,
  2001,
  6810,
  376,
  3814],
 [4279,
  3069,
  2878,
  1714,
  3532,
  3701,
  3424,
  3307,
  1429,
  3339,
  2965,
  3326,
  3158,
  4161,
  3017,
  3834,
  3734,
  6245,
  5585,
  5812,
  5519,
  5588,
  5716,
  5672,
  5886,
  2569,
  4911,
  5737,
  0,
  4319,
  5251,
  2633,
  4321,
  2418,
  5339,
  1969,
  5711,
  3321],
 [8222,
  7012,
  3816,
  5657,
  7475,
  8542,
  7367,
  7250,
  5372,
  4616,
  6908,
  5203,
  5612,
  8998,
  6960,
  5169,
  4672,
  1926,
  1266,
  1493,
  1200,
  1269,
  1397,
  1353,
  1567,
  3507,
  592,
  1418,
  3943,
  0,
  932,
  6576,
  1475,
  3529,
  1020,
  5912,
  1392,
  2996],
 [7290,
  6080,
  2884,
  4725,
  6543,
  7610,
  6435,
  6318,
  4440,
  3742,
  5976,
  4213,
  4738,
  8066,
  6028,
  4237,
  3740,
  2511,
  1851,
  2078,
  1785,
  1854,
  1982,
  1938,
  2152,
  2575,
  1177,
  2003,
  3011,
  585,
  0,
  5644,
  543,
  2597,
  1605,
  4980,
  1977,
  2064],
 [2052,
  830,
  3418,
  3824,
  1531,
  1462,
  1185,
  1306,
  3539,
  2630,
  726,
  2088,
  1920,
  1922,
  1611,
  3029,
  2738,
  7666,
  7006,
  7233,
  6940,
  7009,
  7137,
  7093,
  7307,
  3990,
  6332,
  7158,
  4253,
  5740,
  6672,
  0,
  5742,
  3839,
  6760,
  1998,
  7132,
  4742],
 [6747,
  5537,
  2341,
  4182,
  4612,
  7067,
  5892,
  4387,
  3897,
  3141,
  5433,
  3670,
  4137,
  7523,
  4097,
  3636,
  3197,
  4365,
  3705,
  3932,
  3639,
  3708,
  3836,
  3792,
  4006,
  2032,
  3031,
  3857,
  2468,
  2439,
  3371,
  5101,
  0,
  2054,
  3459,
  4437,
  3831,
  1441],
 [4693,
  3483,
  1743,
  2128,
  3946,
  4115,
  3838,
  3721,
  1843,
  2543,
  3379,
  3740,
  3572,
  4575,
  3431,
  3038,
  2599,
  5110,
  4450,
  4677,
  4384,
  4453,
  4581,
  4537,
  4751,
  1434,
  3776,
  4602,
  414,
  3184,
  4116,
  3047,
  3186,
  0,
  4204,
  2383,
  4576,
  2186],
 [8941,
  7731,
  4535,
  6376,
  8194,
  9261,
  8086,
  7969,
  6091,
  5335,
  7627,
  5864,
  6331,
  9717,
  6291,
  5830,
  5391,
  906,
  246,
  473,
  802,
  249,
  377,
  333,
  1200,
  4226,
  1254,
  1821,
  4662,
  2236,
  1651,
  7295,
  2194,
  4248,
  0,
  6631,
  1445,
  3635],
 [6534,
  5324,
  2301,
  3969,
  4572,
  5956,
  5679,
  4347,
  3684,
  3101,
  5220,
  3630,
  4097,
  6416,
  4057,
  3596,
  3157,
  5668,
  5008,
  5235,
  4942,
  5011,
  5139,
  5095,
  5309,
  1992,
  4334,
  5160,
  2255,
  3742,
  4674,
  4888,
  3744,
  1841,
  4762,
  0,
  5134,
  2744],
 [9094,
  7884,
  4688,
  7200,
  9018,
  9414,
  8239,
  8793,
  6244,
  5488,
  7780,
  6017,
  6484,
  9870,
  8503,
  5983,
  5544,
  1283,
  1190,
  1092,
  1482,
  1420,
  1548,
  1621,
  525,
  4379,
  419,
  376,
  4815,
  2389,
  1804,
  7448,
  2347,
  4401,
  1350,
  6784,
  0,
  3788],
 [7747,
  6537,
  3341,
  5182,
  5612,
  8067,
  6892,
  5387,
  4897,
  4141,
  6433,
  4670,
  5137,
  8523,
  5097,
  4636,
  4197,
  2924,
  2264,
  2491,
  2198,
  2267,
  2395,
  2351,
  2565,
  3032,
  1590,
  2416,
  3468,
  998,
  1930,
  6101,
  1000,
  3054,
  2018,
  5437,
  2390,
  0]]
